codigo,placa,linha,latitude,longitude,dataHora,velocidade,id_migracao_trajeto,sentido,trajeto,hodometro,direcao
901006,RJA9F56,22,-23.000724,-43.366418,2023-07-26 04:02:13,0.0,,ida,22 - ALVORADA X J. OCEÂNICO (PARADOR) [IDA],19377.1,
901004,RJQ8J80,53,-23.000675,-43.365456,2023-07-26 04:02:13,0.0,,volta,53 - SENTIDO SULACAP (EXPRESSO) [VOLTA],21425.9,
30504,,25,-23.002296,-43.42174,2023-07-26 04:02:12,55.9,,ida,25 - MATO ALTO X ALVORADA (PARADOR) [IDA],53618.6,70.0
47031,KYW5240,20,-22.992461,-43.598487,2023-07-26 04:02:17,0.0,,ida,20 - SANTA CRUZ X SALVADOR ALLENDE (EXPRESSO) [IDA],50882.4,
30538,KXE7719,20,-22.921937,-43.679778,2023-07-26 04:02:21,13.3,,ida,20 - SANTA CRUZ X SALVADOR ALLENDE (EXPRESSO) [IDA],55844.0,158.0
50309,KPN6B05,12,-22.992386,-43.59871,2023-07-26 04:02:09,34.4,,ida,12 - PINGO D'AGUA X ALVORADA (EXPRESSO) [IDA],20066.8,133.0
30532,KYL8599,12,-22.916373,-43.607577,2023-07-26 04:02:19,0.0,,ida,12 - PINGO D'AGUA X ALVORADA (EXPRESSO) [IDA],41734.7,265.0
13403,LTF5447,10,-22.916425,-43.607046,2023-07-26 04:02:11,0.0,,ida,10 - SANTA CRUZ X ALVORADA (EXPRESSO) [IDA],53234.6,
47030,LSQ5263,20,-22.918563,-43.682752,2023-07-26 04:02:09,3.0,,ida,20 - SANTA CRUZ X SALVADOR ALLENDE (EXPRESSO) [IDA],53763.2,321.0
30519,LRE9804,11,-22.920074,-43.608092,2023-07-26 04:02:20,0.0,,ida,11 - SANTA CRUZ X ALVORADA (PARADOR) [IDA],51494.8,
90005,KWK6A89,10,-23.000714,-43.366069,2023-07-26 04:02:14,0.0,,volta,10 - ALVORADA X SANTA CRUZ (EXPRESSO) [VOLTA],49795.4,87.0
30518,KYL8597,25,-22.999936,-43.581384,2023-07-26 04:02:13,59.5,,ida,25 - MATO ALTO X ALVORADA (PARADOR) [IDA],37086.8,104.0
902090,,35,-23.001359,-43.366022,2023-07-26 04:02:09,0.0,,volta,35 - ALVORADA  X  MADUREIRA (PARADOR) [VOLTA],15054.8,
86885,LTB5540,14,-22.919014,-43.607023,2023-07-26 04:02:20,0.0,,ida,14 - SANTA EUGÊNIA X SALVADOR ALLENDE (EXPRESSO) [IDA],514714.4,
12738,KRR2404,10,-23.00092,-43.367218,2023-07-26 04:02:23,0.0,,volta,10 - ALVORADA X SANTA CRUZ (EXPRESSO) [VOLTA],37367.3,
47006,KWZ8630,20,-22.919648,-43.607469,2023-07-26 03:24:42,0.0,,ida,20 - SANTA CRUZ X SALVADOR ALLENDE (EXPRESSO) [IDA],50857.6,
47007,LSP6018,18,-22.920594,-43.607709,2023-07-26 04:02:21,0.0,,ida,18 - RECREIO SHOPPING X JARDIM OCEÂNICO (EXPRESSO) [IDA],42179.7,
13413,KWI9711,12,-22.916693,-43.60699,2023-07-26 04:02:10,0.0,,ida,12 - PINGO D'AGUA X ALVORADA (EXPRESSO) [IDA],43494.2,359.0
90001,KPZ5E15,13,-22.916009,-43.61011,2023-07-26 04:02:05,30.5,,ida,13 - MATO ALTO X ALVORADA (EXPRESSO) [IDA],44115.3,266.0
901057,,22,-22.861938,-43.400219,2023-07-26 04:02:14,7.7,,ida,22 - ALVORADA X J. OCEÂNICO (PARADOR) [IDA],51031.3,233.0
86874,KQB4102,20,-22.920027,-43.60836,2023-07-26 04:02:13,0.0,,ida,20 - SANTA CRUZ X SALVADOR ALLENDE (EXPRESSO) [IDA],512857.8,
86879,LTN5696,18,-22.919635,-43.607651,2023-07-26 04:02:07,0.0,,ida,18 - RECREIO SHOPPING X JARDIM OCEÂNICO (EXPRESSO) [IDA],1794.6,
30537,KXE7720,12,-22.920733,-43.607925,2023-07-26 04:02:21,0.0,,ida,12 - PINGO D'AGUA X ALVORADA (EXPRESSO) [IDA],51504.4,
50301,KPP5B70,18,-23.000856,-43.367642,2023-07-26 04:02:24,0.0,,ida,18 - RECREIO SHOPPING X JARDIM OCEÂNICO (EXPRESSO) [IDA],3941.1,
44713,KPZ3559,20,-22.919956,-43.607517,2023-07-26 04:02:14,0.0,,ida,20 - SANTA CRUZ X SALVADOR ALLENDE (EXPRESSO) [IDA],29573.0,
13401,KQO7822,20,-22.94114,-43.663596,2023-07-26 04:02:14,47.4,,ida,20 - SANTA CRUZ X SALVADOR ALLENDE (EXPRESSO) [IDA],53620.7,116.0
47026,KYA7928,10,-22.92058,-43.608055,2023-07-26 04:02:11,0.0,,ida,10 - SANTA CRUZ X ALVORADA (EXPRESSO) [IDA],32900.199,83.0
86889,KRQ6878,10,-23.000893,-43.367123,2023-07-26 04:02:17,0.0,,volta,10 - ALVORADA X SANTA CRUZ (EXPRESSO) [VOLTA],514962.4,
12724,LMJ1118,20,-22.952238,-43.649643,2023-07-26 04:02:18,53.2,,ida,20 - SANTA CRUZ X SALVADOR ALLENDE (EXPRESSO) [IDA],9624.6,154.0
27209,LSL9B07,18,-22.920393,-43.607031,2023-07-26 04:01:51,0.0,,ida,18 - RECREIO SHOPPING X JARDIM OCEÂNICO (EXPRESSO) [IDA],10056.3,
27176,LRK9563,18,-22.919209,-43.607867,2023-07-26 04:02:10,0.0,,ida,18 - RECREIO SHOPPING X JARDIM OCEÂNICO (EXPRESSO) [IDA],13481.9,
30511,KPV2250,13,-23.002161,-43.572137,2023-07-26 04:02:05,58.9,,ida,13 - MATO ALTO X ALVORADA (EXPRESSO) [IDA],49412.1,104.0
13427,KXE7711,0,-22.921948,-43.679789,2023-07-26 04:02:15,13.9,,,,51845.8,161.0
12725,LMJ1327,25,-23.000738,-43.367731,2023-07-26 04:02:10,0.0,,volta,25 - ALVORADA X MATO ALTO (PARADOR) [VOLTA],39235.4,
47022,KRM7701,10,-22.999309,-43.584021,2023-07-26 04:02:24,59.1,,ida,10 - SANTA CRUZ X ALVORADA (EXPRESSO) [IDA],12908.3,105.0
12736,LMJ4504,20,-22.919859,-43.608283,2023-07-26 04:02:18,0.0,,ida,20 - SANTA CRUZ X SALVADOR ALLENDE (EXPRESSO) [IDA],15483.9,18.0
13422,LSI5978,20,-22.919243,-43.682149,2023-07-26 04:02:11,0.0,,ida,20 - SANTA CRUZ X SALVADOR ALLENDE (EXPRESSO) [IDA],40371.8,
13402,LTL5480,12,-22.920237,-43.607757,2023-07-26 04:02:17,0.0,,ida,12 - PINGO D'AGUA X ALVORADA (EXPRESSO) [IDA],43258.9,
47017,LRS2841,20,-22.919878,-43.607004,2023-07-26 04:02:12,0.0,,ida,20 - SANTA CRUZ X SALVADOR ALLENDE (EXPRESSO) [IDA],47884.7,
86859,KWJ9250,20,-22.919595,-43.607445,2023-07-26 04:02:19,0.0,,ida,20 - SANTA CRUZ X SALVADOR ALLENDE (EXPRESSO) [IDA],18669.2,
30509,KYM4574,11,-22.992846,-43.59808,2023-07-26 04:02:15,0.0,,ida,11 - SANTA CRUZ X ALVORADA (PARADOR) [IDA],53018.1,
12720,KXD9430,20,-22.918,-43.683081,2023-07-26 04:02:18,0.0,,ida,20 - SANTA CRUZ X SALVADOR ALLENDE (EXPRESSO) [IDA],21733.3,
12712,LSN8501,19,-22.920244,-43.608072,2023-07-26 04:02:12,0.0,,ida,19 - PINGO D'AGUA X SALVADOR ALLENDE (EXPRESSO) [IDA],31093.7,
13407,KPY9732,20,-22.933636,-43.662777,2023-07-26 04:02:24,39.2,,ida,20 - SANTA CRUZ X SALVADOR ALLENDE (EXPRESSO) [IDA],45411.8,259.0
30521,LRC6594,25,-22.920281,-43.60821,2023-07-26 04:02:14,0.0,,ida,25 - MATO ALTO X ALVORADA (PARADOR) [IDA],34814.5,167.0
12739,LMJ4F12,20,-22.918857,-43.607229,2023-07-26 04:02:22,0.0,,ida,20 - SANTA CRUZ X SALVADOR ALLENDE (EXPRESSO) [IDA],23710.0,
30542,KXE7717,12,-23.000852,-43.367612,2023-07-26 03:01:58,0.0,,volta,12 - ALVORADA X PINGO D'AGUA (EXPRESSO) [VOLTA],52940.3,
47010,KPZ8363,13,-22.944154,-43.660696,2023-07-26 04:02:14,36.9,,ida,13 - MATO ALTO X ALVORADA (EXPRESSO) [IDA],42561.1,138.0
86884,LSP9604,20,-23.000699,-43.367341,2023-07-26 04:02:17,0.0,,ida,20 - SANTA CRUZ X SALVADOR ALLENDE (EXPRESSO) [IDA],15290.3,
12734,LSP8673,11,-22.920181,-43.607862,2023-07-26 04:02:08,0.0,,ida,11 - SANTA CRUZ X ALVORADA (PARADOR) [IDA],16894.9,
90006,LRH6D12,10,-23.000963,-43.367253,2023-07-26 04:02:13,0.0,,volta,10 - ALVORADA X SANTA CRUZ (EXPRESSO) [VOLTA],29671.3,
30531,LRC6592,19,-22.966257,-43.644918,2023-07-26 03:11:43,0.0,,ida,19 - PINGO D'AGUA X SALVADOR ALLENDE (EXPRESSO) [IDA],40556.8,102.0
30524,LRC6601,10,-22.918916,-43.607554,2023-07-26 04:02:00,0.0,,ida,10 - SANTA CRUZ X ALVORADA (EXPRESSO) [IDA],29203.5,90.0
12731,,18,-22.919269,-43.607658,2023-07-26 04:02:14,0.0,,ida,18 - RECREIO SHOPPING X JARDIM OCEÂNICO (EXPRESSO) [IDA],39930.0,
86870,LSC9364,0,-22.919654,-43.608503,2023-07-26 03:01:47,0.0,,,,3175.4,
13415,KQK7905,18,-22.99307,-43.597888,2023-07-26 04:02:13,0.0,,ida,18 - RECREIO SHOPPING X JARDIM OCEÂNICO (EXPRESSO) [IDA],45109.4,129.0
901002,,22,-23.000748,-43.365925,2023-07-26 04:02:23,0.0,,ida,22 - ALVORADA X J. OCEÂNICO (PARADOR) [IDA],17393.7,
B13,KYM5979,14,-22.921129,-43.644961,2023-07-26 04:02:24,45.3,,ida,14 - SANTA EUGÊNIA X SALVADOR ALLENDE (EXPRESSO) [IDA],1122.7,243.0
B16,LSI3468,14,-22.961319,-43.64845,2023-07-26 03:02:15,0.0,,ida,14 - SANTA EUGÊNIA X SALVADOR ALLENDE (EXPRESSO) [IDA],1124.0,
B35,LTI1196,14,-22.961237,-43.648253,2023-07-26 03:02:23,0.0,,ida,14 - SANTA EUGÊNIA X SALVADOR ALLENDE (EXPRESSO) [IDA],1073.3,
B18,KRK9729,14,-22.961429,-43.648466,2023-07-26 03:02:25,0.0,,ida,14 - SANTA EUGÊNIA X SALVADOR ALLENDE (EXPRESSO) [IDA],1124.5,
B20,LMH6141,14,-22.961221,-43.648184,2023-07-26 04:02:23,0.0,,ida,14 - SANTA EUGÊNIA X SALVADOR ALLENDE (EXPRESSO) [IDA],1131.8,
B14,KRK9519,14,-22.919867,-43.642255,2023-07-26 04:02:18,59.8,,ida,14 - SANTA EUGÊNIA X SALVADOR ALLENDE (EXPRESSO) [IDA],1132.1,63.0
B24,LSO7028,14,-22.961386,-43.64822,2023-07-26 03:02:31,0.0,,ida,14 - SANTA EUGÊNIA X SALVADOR ALLENDE (EXPRESSO) [IDA],1173.2,
B25,,14,-22.961234,-43.647981,2023-07-26 03:01:58,0.0,,ida,14 - SANTA EUGÊNIA X SALVADOR ALLENDE (EXPRESSO) [IDA],1092.8,
B28,KQP5E29,14,-22.961349,-43.648282,2023-07-26 03:02:04,0.0,,ida,14 - SANTA EUGÊNIA X SALVADOR ALLENDE (EXPRESSO) [IDA],1134.8,
B048,,14,-22.96127,-43.648407,2023-07-26 04:02:09,0.0,,ida,14 - SANTA EUGÊNIA X SALVADOR ALLENDE (EXPRESSO) [IDA],1161.1,
B49,,14,-22.961332,-43.648119,2023-07-26 03:00:26,0.0,,ida,14 - SANTA EUGÊNIA X SALVADOR ALLENDE (EXPRESSO) [IDA],1127.8,
B50,,14,-22.961396,-43.648458,2023-07-26 03:02:16,0.0,,ida,14 - SANTA EUGÊNIA X SALVADOR ALLENDE (EXPRESSO) [IDA],1020.5,
B52,,14,-22.961486,-43.648522,2023-07-26 03:02:23,0.0,,ida,14 - SANTA EUGÊNIA X SALVADOR ALLENDE (EXPRESSO) [IDA],1067.6,
B55,,14,-22.961216,-43.648148,2023-07-26 04:02:18,0.0,,ida,14 - SANTA EUGÊNIA X SALVADOR ALLENDE (EXPRESSO) [IDA],1115.5,
B51,,14,-22.916551,-43.631549,2023-07-26 04:02:20,0.0,,ida,14 - SANTA EUGÊNIA X SALVADOR ALLENDE (EXPRESSO) [IDA],1193.6,258.0
901077,,52,-22.964492,-43.391689,2023-07-26 03:02:24,0.0,,ida,52 - SENTIDO ALVORADA (PARADOR) [IDA],26505.0,
902119,,35,-22.96697,-43.390492,2023-07-26 04:02:09,41.6,,ida,35 - MADUREIRA X ALVORADA (PARADOR) [IDA],7670.2,191.0
901058,,51,-22.861229,-43.398972,2023-07-26 04:02:24,0.0,,ida,51 - SENTIDO RECREIO (PARADOR) [IDA],44164.9,
903027,,50,-22.876342,-43.329595,2023-07-26 04:02:07,0.0,,ida,50 - SENTIDO JD. OCEANICO (PARADOR) [IDA],49595.8,
901066,,22,-22.861528,-43.399297,2023-07-26 04:02:20,0.0,,ida,22 - ALVORADA X J. OCEÂNICO (PARADOR) [IDA],49980.3,
903026,,38,-22.919692,-43.367361,2023-07-26 04:02:23,13.7,,ida,38 - FUNDÃO X ALVORADA (PARADOR) [IDA],48936.3,240.0
902116,,35,-22.876703,-43.329257,2023-07-26 04:02:25,8.6,,ida,35 - MADUREIRA X ALVORADA (PARADOR) [IDA],11155.7,131.0
902115,,35,-22.877767,-43.340738,2023-07-26 04:02:15,37.6,,ida,35 - MADUREIRA X ALVORADA (PARADOR) [IDA],14841.5,214.0
901061,,51,-22.868485,-43.41361,2023-07-26 04:02:24,26.7,,ida,51 - SENTIDO RECREIO (PARADOR) [IDA],43272.6,194.0
901048,,40,-22.972397,-43.400014,2023-07-26 04:02:23,49.4,,ida,40 - PAULO DA PORTELA X ALVORADA (EXPRESSO) [IDA],26310.7,337.0
903032,,42,-22.829257,-43.235444,2023-07-26 04:02:18,59.2,,ida,42 - GALEÃO X MADUREIRA MANANCEIA (PARADOR) [IDA],42680.6,31.0
903002,,42,-22.839591,-43.239562,2023-07-26 04:02:16,0.0,,ida,,6946.2,
901080,,52,-22.964934,-43.391603,2023-07-26 04:02:11,0.0,,ida,52 - SENTIDO ALVORADA (PARADOR) [IDA],31260.2,
902110,,35,-22.876478,-43.329992,2023-07-26 04:02:16,0.0,,ida,35 - MADUREIRA X ALVORADA (PARADOR) [IDA],8807.3,
902114,,35,-22.973355,-43.370595,2023-07-26 04:02:06,59.4,,ida,35 - MADUREIRA X ALVORADA (PARADOR) [IDA],8954.3,91.0
903054,,17,-22.919159,-43.607799,2023-07-26 03:15:21,0.0,,ida,17 - SANTA CRUZ X CAMPO GRANDE (PARADOR) [IDA],17655.7,
903021,,38,-22.876816,-43.329749,2023-07-26 04:02:24,0.0,,ida,38 - FUNDÃO X ALVORADA (PARADOR) [IDA],34604.4,
903058,,17,-22.916423,-43.607026,2023-07-26 04:02:13,0.0,,ida,17 - SANTA CRUZ X CAMPO GRANDE (PARADOR) [IDA],9151.3,355.0
901072,,51,-22.973029,-43.390255,2023-07-26 04:02:12,46.3,,volta,51 - SENTIDO V. MILITAR (PARADOR) [VOLTA],38596.7,271.0
902045,,35,-22.87658,-43.329708,2023-07-26 03:01:41,0.0,,ida,35 - MADUREIRA X ALVORADA (PARADOR) [IDA],6821.5,
903007,,50,-22.971293,-43.401246,2023-07-26 04:01:49,27.8,,ida,50 - SENTIDO JD. OCEANICO (PARADOR) [IDA],41337.0,219.0
903004,,38,-22.872539,-43.336268,2023-07-26 04:02:10,35.6,,ida,38 - FUNDÃO X ALVORADA (PARADOR) [IDA],39168.5,339.0
903022,,50,-22.970335,-43.400093,2023-07-26 04:02:02,33.7,,ida,50 - SENTIDO JD. OCEANICO (PARADOR) [IDA],37711.7,40.0
901059,,51,-22.861167,-43.398651,2023-07-26 03:58:44,0.0,,ida,51 - SENTIDO RECREIO (PARADOR) [IDA],48332.9,243.0
901023,,51,-22.965596,-43.391571,2023-07-26 04:02:22,2.0,,volta,51 - SENTIDO V. MILITAR (PARADOR) [VOLTA],33695.8,357.0
901027,,41,-22.990865,-43.419484,2023-07-26 04:02:24,54.4,,volta,41 - TERMINAL RECREIO X PAULO DA PORTELA (EXPRESSO) [VOLTA],25962.7,231.0
903009,,38,-22.845423,-43.26791,2023-07-26 04:02:07,36.0,,ida,38 - FUNDÃO X ALVORADA (PARADOR) [IDA],47172.8,137.0
903012,,38,-22.85625,-43.258983,2023-07-26 04:02:13,72.2,,ida,38 - FUNDÃO X ALVORADA (PARADOR) [IDA],47929.4,150.0
903015,,42,-22.876929,-43.329994,2023-07-26 04:02:16,0.0,,ida,42 - GALEÃO X MADUREIRA MANANCEIA (PARADOR) [IDA],47847.8,
903017,,50,-23.006788,-43.312155,2023-07-26 04:02:06,0.0,,volta,50 - SENTIDO T. OLIMPICO (PARADOR) [VOLTA],44886.0,99.0
903018,,38,-22.876658,-43.334465,2023-07-26 04:02:21,43.7,,ida,38 - FUNDÃO X ALVORADA (PARADOR) [IDA],11249.0,335.0
903024,,38,-22.930582,-43.373267,2023-07-26 04:02:13,58.8,,ida,38 - FUNDÃO X ALVORADA (PARADOR) [IDA],37989.0,172.0
903025,,50,-22.943068,-43.372557,2023-07-26 04:02:21,49.5,,ida,50 - SENTIDO JD. OCEANICO (PARADOR) [IDA],39437.9,174.0
903013,,42,-22.877845,-43.336384,2023-07-26 04:02:16,0.0,,volta,42 - MADUREIRA MANANCEIA X GALEAO (PARADOR) [VOLTA],44455.7,27.0
901060,,41,-22.861021,-43.398363,2023-07-26 04:01:46,0.0,,volta,41 - TERMINAL RECREIO X PAULO DA PORTELA (EXPRESSO) [VOLTA],24762.9,239.0
903063,,17,-22.920228,-43.608154,2023-07-26 04:02:08,0.0,,ida,17 - SANTA CRUZ X CAMPO GRANDE (PARADOR) [IDA],21497.7,135.0
902117,,31,-22.876383,-43.329882,2023-07-26 04:02:16,0.0,,ida,31 - VICENTE DE CARVALHO X ALVORADA (SEMIDIRETO) [IDA],10234.6,
903033,,38,-22.876593,-43.329725,2023-07-26 04:02:06,0.0,,ida,38 - FUNDÃO X ALVORADA (PARADOR) [IDA],36550.7,
902020,,46,-23.000724,-43.367649,2023-07-26 03:48:03,0.0,,volta,46 - ALVORADA X PENHA (EXPRESSO) [VOLTA],31610.5,86.0
902022,,46,-23.001201,-43.364874,2023-07-26 04:02:15,0.0,,volta,46 - ALVORADA X PENHA (EXPRESSO) [VOLTA],30753.3,89.0
902056,,43,-23.000623,-43.366237,2023-07-26 04:02:24,0.0,,ida,43 - FUNDÃO X SANTA EFIGENIA (EXPRESSO) [IDA],34615.2,
902028,,46,-22.972906,-43.385883,2023-07-26 04:02:10,0.0,,ida,46 - PENHA X ALVORADA (EXPRESSO) [IDA],37568.8,140.0
12715,,10,-23.013159,-43.461583,2023-07-26 04:02:25,59.2,,ida,10 - SANTA CRUZ X ALVORADA (EXPRESSO) [IDA],42338.8,74.0
901062,,51,-22.96535,-43.39569,2023-07-26 04:02:07,54.7,,volta,51 - SENTIDO V. MILITAR (PARADOR) [VOLTA],46898.5,37.0
E902000,,41,-22.854785,-43.25214,2023-07-26 04:02:09,0.0,,volta,41 - TERMINAL RECREIO X PAULO DA PORTELA (EXPRESSO) [VOLTA],10383.6,
901067,,22,-22.881544,-43.399845,2023-07-26 04:02:08,59.4,,ida,22 - ALVORADA X J. OCEÂNICO (PARADOR) [IDA],41736.9,9.0
12713,,11,-22.916228,-43.613802,2023-07-26 04:02:10,56.8,,ida,11 - SANTA CRUZ X ALVORADA (PARADOR) [IDA],35221.0,286.0
902062,,46,-22.973334,-43.369194,2023-07-26 04:02:10,57.6,,ida,46 - PENHA X ALVORADA (EXPRESSO) [IDA],33261.699,90.0
902048,,46,-22.916259,-43.361859,2023-07-26 04:02:22,34.3,,ida,46 - PENHA X ALVORADA (EXPRESSO) [IDA],23943.1,213.0
902058,,46,-22.854551,-43.251365,2023-07-26 04:02:14,0.0,,ida,46 - PENHA X ALVORADA (EXPRESSO) [IDA],34574.7,
902102,,35,-22.876412,-43.329745,2023-07-26 03:02:20,0.0,,ida,35 - MADUREIRA X ALVORADA (PARADOR) [IDA],12378.2,
902052,,46,-22.951322,-43.373855,2023-07-26 04:02:19,48.2,,ida,46 - PENHA X ALVORADA (EXPRESSO) [IDA],35605.7,220.0
902050,,43,-22.854491,-43.251063,2023-07-26 04:02:16,0.0,,ida,43 - FUNDÃO X SANTA EFIGENIA (EXPRESSO) [IDA],31239.9,
902051,,46,-22.854457,-43.251605,2023-07-26 04:02:10,0.0,,ida,46 - PENHA X ALVORADA (EXPRESSO) [IDA],32982.699,
902067,,41,-22.854418,-43.25201,2023-07-26 04:02:19,0.0,,volta,41 - TERMINAL RECREIO X PAULO DA PORTELA (EXPRESSO) [VOLTA],34072.7,
901078,,52,-22.964491,-43.391627,2023-07-26 03:01:57,0.0,,ida,52 - SENTIDO ALVORADA (PARADOR) [IDA],33603.6,
901098,,40,-22.989741,-43.417991,2023-07-26 04:02:15,51.7,,ida,40 - PAULO DA PORTELA X ALVORADA (EXPRESSO) [IDA],27267.4,232.0
901079,,40,-22.965148,-43.391812,2023-07-26 04:02:09,0.0,,ida,40 - PAULO DA PORTELA X ALVORADA (EXPRESSO) [IDA],44035.0,
901070,,52,-22.889228,-43.400858,2023-07-26 04:02:12,59.1,,ida,52 - SENTIDO ALVORADA (PARADOR) [IDA],40468.0,355.0
902080,,43,-22.854404,-43.252042,2023-07-26 04:02:05,0.0,,volta,43 - SANTA EFIGENIA X FUNDÃO (EXPRESSO) [VOLTA],34337.1,
902065,,46,-22.854542,-43.251578,2023-07-26 04:02:23,0.0,,ida,46 - PENHA X ALVORADA (EXPRESSO) [IDA],35355.3,
902071,,46,-22.840327,-43.297151,2023-07-26 04:02:20,52.1,,ida,46 - PENHA X ALVORADA (EXPRESSO) [IDA],35911.1,227.0
E902001,,41,-22.854365,-43.252213,2023-07-26 04:02:04,0.0,,volta,41 - TERMINAL RECREIO X PAULO DA PORTELA (EXPRESSO) [VOLTA],20869.4,
902069,,46,-22.851986,-43.262776,2023-07-26 04:02:05,58.8,,ida,46 - PENHA X ALVORADA (EXPRESSO) [IDA],32567.1,324.0
903068,,17,-22.918962,-43.682379,2023-07-26 03:59:56,0.4,,ida,17 - SANTA CRUZ X CAMPO GRANDE (PARADOR) [IDA],20718.3,16.0
901097,,52,-23.001057,-43.366038,2023-07-26 03:01:57,0.0,,volta,52 - SENTIDO V. MILITAR (PARADOR) [VOLTA],35652.9,
903062,,17,-22.918995,-43.607695,2023-07-26 03:22:44,0.0,,ida,17 - SANTA CRUZ X CAMPO GRANDE (PARADOR) [IDA],20171.8,
902089,,35,-22.876515,-43.329905,2023-07-26 04:02:17,0.0,,ida,35 - MADUREIRA X ALVORADA (PARADOR) [IDA],9751.9,89.0
903051,,50,-23.003232,-43.324305,2023-07-26 04:02:10,43.3,,ida,50 - SENTIDO JD. OCEANICO (PARADOR) [IDA],31043.5,113.0
902055,,46,-22.854357,-43.252214,2023-07-26 04:02:09,0.0,,ida,46 - PENHA X ALVORADA (EXPRESSO) [IDA],11.0,
903044,,42,-22.86765,-43.334856,2023-07-26 04:02:08,43.1,,volta,42 - MADUREIRA MANANCEIA X GALEAO (PARADOR) [VOLTA],29183.8,11.0
903036,,17,-22.920103,-43.607554,2023-07-26 04:02:24,0.0,,ida,17 - SANTA CRUZ X CAMPO GRANDE (PARADOR) [IDA],156819.6,260.0
903040,,17,-22.918311,-43.682951,2023-07-26 04:02:17,0.0,,ida,17 - SANTA CRUZ X CAMPO GRANDE (PARADOR) [IDA],18446.5,323.0
903069,,17,-22.907287,-43.574907,2023-07-26 04:02:17,16.3,,ida,17 - SANTA CRUZ X CAMPO GRANDE (PARADOR) [IDA],22393.5,71.0
902042,,41,-22.987519,-43.365853,2023-07-26 04:02:06,58.3,,volta,41 - TERMINAL RECREIO X PAULO DA PORTELA (EXPRESSO) [VOLTA],31909.5,180.0
903049,,17,-22.916897,-43.60714,2023-07-26 04:02:11,0.0,,ida,17 - SANTA CRUZ X CAMPO GRANDE (PARADOR) [IDA],23298.4,1.0
903038,,17,-22.919083,-43.682291,2023-07-26 04:02:17,0.0,,ida,17 - SANTA CRUZ X CAMPO GRANDE (PARADOR) [IDA],26518.9,326.0
903053,,17,-22.918748,-43.682418,2023-07-26 04:02:24,0.0,,ida,17 - SANTA CRUZ X CAMPO GRANDE (PARADOR) [IDA],21442.2,
12732,,18,-22.918915,-43.607265,2023-07-26 04:02:17,0.0,,ida,18 - RECREIO SHOPPING X JARDIM OCEÂNICO (EXPRESSO) [IDA],25670.8,
902096,,35,-22.878821,-43.336309,2023-07-26 04:02:13,13.7,,ida,35 - MADUREIRA X ALVORADA (PARADOR) [IDA],14201.0,348.0
44706,LRG8855,12,-23.005644,-43.432911,2023-07-26 04:02:16,0.0,,volta,12 - ALVORADA X PINGO D'AGUA (EXPRESSO) [VOLTA],21842.8,
901006,RJA9F56,22,-23.000758,-43.366387,2023-07-26 04:03:13,0.0,,ida,22 - ALVORADA X J. OCEÂNICO (PARADOR) [IDA],19377.1,
901004,RJQ8J80,53,-23.000675,-43.365456,2023-07-26 04:03:13,0.0,,volta,53 - SENTIDO SULACAP (EXPRESSO) [VOLTA],21425.9,
30504,,25,-23.001122,-43.417971,2023-07-26 04:03:13,33.4,,ida,25 - MATO ALTO X ALVORADA (PARADOR) [IDA],53619.0,65.0
47031,KYW5240,20,-22.992461,-43.598487,2023-07-26 04:03:17,0.0,,ida,20 - SANTA CRUZ X SALVADOR ALLENDE (EXPRESSO) [IDA],50882.4,
30538,KXE7719,20,-22.92475,-43.679194,2023-07-26 04:03:09,53.4,,ida,20 - SANTA CRUZ X SALVADOR ALLENDE (EXPRESSO) [IDA],55844.3,174.0
50309,KPN6B05,12,-22.992942,-43.598067,2023-07-26 04:03:10,0.0,,ida,12 - PINGO D'AGUA X ALVORADA (EXPRESSO) [IDA],20066.9,133.0
30532,KYL8599,12,-22.916376,-43.60761,2023-07-26 04:03:18,9.2,,ida,12 - PINGO D'AGUA X ALVORADA (EXPRESSO) [IDA],41734.7,261.0
13403,LTF5447,10,-22.916344,-43.607187,2023-07-26 04:03:11,0.0,,ida,10 - SANTA CRUZ X ALVORADA (EXPRESSO) [IDA],53234.6,272.0
47030,LSQ5263,20,-22.918577,-43.682797,2023-07-26 04:03:09,0.0,,ida,20 - SANTA CRUZ X SALVADOR ALLENDE (EXPRESSO) [IDA],53763.3,321.0
30519,LRE9804,11,-22.920074,-43.608092,2023-07-26 04:03:20,0.0,,ida,11 - SANTA CRUZ X ALVORADA (PARADOR) [IDA],51494.8,
90005,KWK6A89,10,-23.000714,-43.366069,2023-07-26 04:03:14,0.0,,volta,10 - ALVORADA X SANTA CRUZ (EXPRESSO) [VOLTA],49795.4,87.0
30518,KYL8597,25,-23.002188,-43.571843,2023-07-26 04:03:14,59.4,,ida,25 - MATO ALTO X ALVORADA (PARADOR) [IDA],37087.9,104.0
902090,,35,-23.001359,-43.366022,2023-07-26 04:03:10,0.0,,volta,35 - ALVORADA  X  MADUREIRA (PARADOR) [VOLTA],15054.8,
86885,LTB5540,14,-22.919014,-43.607023,2023-07-26 04:03:21,0.0,,ida,14 - SANTA EUGÊNIA X SALVADOR ALLENDE (EXPRESSO) [IDA],514714.4,
12738,KRR2404,10,-23.000667,-43.366704,2023-07-26 04:03:15,20.4,,volta,10 - ALVORADA X SANTA CRUZ (EXPRESSO) [VOLTA],37367.6,337.0
47006,KWZ8630,20,-22.919648,-43.607469,2023-07-26 04:03:19,0.0,,ida,20 - SANTA CRUZ X SALVADOR ALLENDE (EXPRESSO) [IDA],50857.6,
47007,LSP6018,18,-22.920594,-43.607709,2023-07-26 04:03:01,0.0,,ida,18 - RECREIO SHOPPING X JARDIM OCEÂNICO (EXPRESSO) [IDA],42179.7,
13413,KWI9711,12,-22.916671,-43.606972,2023-07-26 04:03:10,0.0,,ida,12 - PINGO D'AGUA X ALVORADA (EXPRESSO) [IDA],43494.2,359.0
90001,KPZ5E15,13,-22.915532,-43.616525,2023-07-26 04:03:05,33.4,,ida,13 - MATO ALTO X ALVORADA (EXPRESSO) [IDA],44116.0,282.0
901057,,22,-22.862276,-43.400804,2023-07-26 04:03:14,0.0,,ida,22 - ALVORADA X J. OCEÂNICO (PARADOR) [IDA],51031.3,240.0
86874,KQB4102,20,-22.920027,-43.60836,2023-07-26 04:03:13,0.0,,ida,20 - SANTA CRUZ X SALVADOR ALLENDE (EXPRESSO) [IDA],512857.8,
86879,LTN5696,18,-22.919635,-43.607651,2023-07-26 04:03:07,0.0,,ida,18 - RECREIO SHOPPING X JARDIM OCEÂNICO (EXPRESSO) [IDA],1794.6,
30537,KXE7720,12,-22.920733,-43.607925,2023-07-26 04:03:01,0.0,,ida,12 - PINGO D'AGUA X ALVORADA (EXPRESSO) [IDA],51504.4,
50301,KPP5B70,18,-23.000856,-43.367642,2023-07-26 04:03:04,0.0,,ida,18 - RECREIO SHOPPING X JARDIM OCEÂNICO (EXPRESSO) [IDA],3941.1,
44713,KPZ3559,20,-22.919956,-43.607517,2023-07-26 04:03:14,0.0,,ida,20 - SANTA CRUZ X SALVADOR ALLENDE (EXPRESSO) [IDA],29573.0,
47026,KYA7928,10,-22.920616,-43.608087,2023-07-26 04:03:11,0.0,,ida,10 - SANTA CRUZ X ALVORADA (EXPRESSO) [IDA],32900.199,
86889,KRQ6878,10,-23.000893,-43.367123,2023-07-26 04:03:17,0.0,,volta,10 - ALVORADA X SANTA CRUZ (EXPRESSO) [VOLTA],514962.4,
12724,LMJ1118,20,-22.960739,-43.649561,2023-07-26 04:03:15,62.0,,ida,20 - SANTA CRUZ X SALVADOR ALLENDE (EXPRESSO) [IDA],9625.6,148.0
27209,LSL9B07,18,-22.920391,-43.607032,2023-07-26 04:03:11,0.0,,ida,18 - RECREIO SHOPPING X JARDIM OCEÂNICO (EXPRESSO) [IDA],10056.3,
27176,LRK9563,18,-22.919252,-43.607847,2023-07-26 04:03:09,0.0,,ida,18 - RECREIO SHOPPING X JARDIM OCEÂNICO (EXPRESSO) [IDA],13481.9,
30511,KPV2250,13,-23.004363,-43.56281,2023-07-26 04:03:05,59.3,,ida,13 - MATO ALTO X ALVORADA (EXPRESSO) [IDA],49413.1,104.0
13427,KXE7711,0,-22.926931,-43.678396,2023-07-26 04:03:14,43.2,,,,51846.4,131.0
12725,LMJ1327,25,-23.000738,-43.367731,2023-07-26 04:03:10,0.0,,volta,25 - ALVORADA X MATO ALTO (PARADOR) [VOLTA],39235.4,
47022,KRM7701,10,-23.000812,-43.577629,2023-07-26 04:03:05,59.6,,ida,10 - SANTA CRUZ X ALVORADA (EXPRESSO) [IDA],12909.0,104.0
12736,LMJ4504,20,-22.919839,-43.608313,2023-07-26 04:03:19,0.0,,ida,20 - SANTA CRUZ X SALVADOR ALLENDE (EXPRESSO) [IDA],15483.9,18.0
13422,LSI5978,20,-22.919209,-43.682162,2023-07-26 04:03:11,0.0,,ida,20 - SANTA CRUZ X SALVADOR ALLENDE (EXPRESSO) [IDA],40371.8,
13402,LTL5480,12,-22.920237,-43.607757,2023-07-26 04:03:17,0.0,,ida,12 - PINGO D'AGUA X ALVORADA (EXPRESSO) [IDA],43258.9,
47017,LRS2841,20,-22.918245,-43.606994,2023-07-26 04:03:12,20.9,,ida,20 - SANTA CRUZ X SALVADOR ALLENDE (EXPRESSO) [IDA],47884.9,
86859,KWJ9250,20,-22.919595,-43.607445,2023-07-26 04:03:11,0.0,,ida,20 - SANTA CRUZ X SALVADOR ALLENDE (EXPRESSO) [IDA],18669.2,
30509,KYM4574,11,-22.992835,-43.598116,2023-07-26 04:03:14,0.0,,ida,11 - SANTA CRUZ X ALVORADA (PARADOR) [IDA],53018.1,
12720,KXD9430,20,-22.918,-43.683081,2023-07-26 04:03:18,0.0,,ida,20 - SANTA CRUZ X SALVADOR ALLENDE (EXPRESSO) [IDA],21733.3,
12712,LSN8501,19,-22.920244,-43.608072,2023-07-26 04:03:12,0.0,,ida,19 - PINGO D'AGUA X SALVADOR ALLENDE (EXPRESSO) [IDA],31093.7,
13407,KPY9732,20,-22.935028,-43.665758,2023-07-26 04:03:05,31.1,,ida,20 - SANTA CRUZ X SALVADOR ALLENDE (EXPRESSO) [IDA],45412.1,221.0
30521,LRC6594,25,-22.920293,-43.608219,2023-07-26 04:03:14,0.0,,ida,25 - MATO ALTO X ALVORADA (PARADOR) [IDA],34814.5,
12739,LMJ4F12,20,-22.918857,-43.607229,2023-07-26 04:03:02,0.0,,ida,20 - SANTA CRUZ X SALVADOR ALLENDE (EXPRESSO) [IDA],23710.0,
47010,KPZ8363,13,-22.946916,-43.654607,2023-07-26 04:03:13,44.1,,ida,13 - MATO ALTO X ALVORADA (EXPRESSO) [IDA],42561.8,137.0
86884,LSP9604,20,-23.000674,-43.365014,2023-07-26 04:03:17,23.6,,ida,20 - SANTA CRUZ X SALVADOR ALLENDE (EXPRESSO) [IDA],15290.5,89.0
12734,LSP8673,11,-22.920181,-43.607862,2023-07-26 04:03:09,0.0,,ida,11 - SANTA CRUZ X ALVORADA (PARADOR) [IDA],16894.9,
90006,LRH6D12,10,-23.000963,-43.367253,2023-07-26 04:03:14,0.0,,volta,10 - ALVORADA X SANTA CRUZ (EXPRESSO) [VOLTA],29671.3,
30531,LRC6592,19,-22.966257,-43.644891,2023-07-26 03:22:03,0.0,,ida,19 - PINGO D'AGUA X SALVADOR ALLENDE (EXPRESSO) [IDA],40556.8,
30524,LRC6601,10,-22.917527,-43.607022,2023-07-26 04:03:20,19.5,,ida,10 - SANTA CRUZ X ALVORADA (EXPRESSO) [IDA],29203.7,359.0
12731,,18,-22.91928,-43.607667,2023-07-26 04:03:14,0.0,,ida,18 - RECREIO SHOPPING X JARDIM OCEÂNICO (EXPRESSO) [IDA],39930.0,
13415,KQK7905,18,-22.99307,-43.597888,2023-07-26 04:03:14,0.0,,ida,18 - RECREIO SHOPPING X JARDIM OCEÂNICO (EXPRESSO) [IDA],45109.4,129.0
901002,,22,-23.00072,-43.365944,2023-07-26 04:03:04,0.0,,ida,22 - ALVORADA X J. OCEÂNICO (PARADOR) [IDA],17393.7,
B13,KYM5979,14,-22.92482,-43.649616,2023-07-26 04:03:04,58.1,,ida,14 - SANTA EUGÊNIA X SALVADOR ALLENDE (EXPRESSO) [IDA],1123.3,208.0
B20,LMH6141,14,-22.961202,-43.648181,2023-07-26 04:03:03,0.0,,ida,14 - SANTA EUGÊNIA X SALVADOR ALLENDE (EXPRESSO) [IDA],1131.8,
B14,KRK9519,14,-22.91699,-43.634482,2023-07-26 04:03:19,56.9,,ida,14 - SANTA EUGÊNIA X SALVADOR ALLENDE (EXPRESSO) [IDA],1133.0,95.0
B25,,14,-22.961234,-43.647981,2023-07-26 04:01:59,0.0,,ida,14 - SANTA EUGÊNIA X SALVADOR ALLENDE (EXPRESSO) [IDA],1092.8,
B048,,14,-22.961312,-43.648407,2023-07-26 04:03:09,0.0,,ida,14 - SANTA EUGÊNIA X SALVADOR ALLENDE (EXPRESSO) [IDA],1161.1,
B49,,14,-22.961332,-43.648119,2023-07-26 04:00:36,0.0,,ida,14 - SANTA EUGÊNIA X SALVADOR ALLENDE (EXPRESSO) [IDA],1127.8,
B55,,14,-22.961216,-43.648148,2023-07-26 04:03:18,0.0,,ida,14 - SANTA EUGÊNIA X SALVADOR ALLENDE (EXPRESSO) [IDA],1115.5,
B51,,14,-22.916539,-43.631596,2023-07-26 04:03:19,0.0,,ida,14 - SANTA EUGÊNIA X SALVADOR ALLENDE (EXPRESSO) [IDA],1193.6,258.0
902119,,35,-22.972246,-43.386766,2023-07-26 04:03:09,43.5,,ida,35 - MADUREIRA X ALVORADA (PARADOR) [IDA],7671.0,127.0
901058,,51,-22.862182,-43.400585,2023-07-26 04:03:04,0.0,,ida,51 - SENTIDO RECREIO (PARADOR) [IDA],44165.1,231.0
903027,,50,-22.876342,-43.329595,2023-07-26 04:03:07,0.0,,ida,50 - SENTIDO JD. OCEANICO (PARADOR) [IDA],49595.8,
901066,,22,-22.862097,-43.400387,2023-07-26 04:03:20,0.0,,ida,22 - ALVORADA X J. OCEÂNICO (PARADOR) [IDA],49980.4,245.0
903026,,38,-22.921124,-43.370003,2023-07-26 04:03:03,14.8,,ida,38 - FUNDÃO X ALVORADA (PARADOR) [IDA],48936.6,238.0
902116,,35,-22.878916,-43.329131,2023-07-26 04:03:20,8.8,,ida,35 - MADUREIRA X ALVORADA (PARADOR) [IDA],11155.9,218.0
902115,,35,-22.882362,-43.341963,2023-07-26 04:03:14,9.0,,ida,35 - MADUREIRA X ALVORADA (PARADOR) [IDA],14842.0,185.0
901061,,51,-22.872498,-43.408453,2023-07-26 04:03:17,60.6,,ida,51 - SENTIDO RECREIO (PARADOR) [IDA],43273.3,137.0
901048,,40,-22.967695,-43.397815,2023-07-26 04:03:11,20.6,,ida,40 - PAULO DA PORTELA X ALVORADA (EXPRESSO) [IDA],26311.4,41.0
903032,,42,-22.821927,-43.232385,2023-07-26 04:03:21,48.5,,ida,42 - GALEÃO X MADUREIRA MANANCEIA (PARADOR) [IDA],42681.6,313.0
903002,,42,-22.839591,-43.239562,2023-07-26 04:03:17,0.0,,ida,,6946.2,
901080,,52,-22.96493,-43.391604,2023-07-26 04:03:10,0.0,,ida,52 - SENTIDO ALVORADA (PARADOR) [IDA],31260.2,
902110,,35,-22.876478,-43.329992,2023-07-26 04:03:17,0.0,,ida,35 - MADUREIRA X ALVORADA (PARADOR) [IDA],8807.3,
902114,,35,-22.973908,-43.363665,2023-07-26 04:03:08,44.8,,ida,35 - MADUREIRA X ALVORADA (PARADOR) [IDA],8955.0,173.0
903054,,17,-22.919062,-43.607939,2023-07-26 04:03:20,0.0,,ida,17 - SANTA CRUZ X CAMPO GRANDE (PARADOR) [IDA],17655.7,
903021,,38,-22.876719,-43.329227,2023-07-26 04:03:11,10.7,,ida,38 - FUNDÃO X ALVORADA (PARADOR) [IDA],34604.4,139.0
903058,,17,-22.916423,-43.607026,2023-07-26 04:03:14,0.0,,ida,17 - SANTA CRUZ X CAMPO GRANDE (PARADOR) [IDA],9151.3,355.0
901072,,51,-22.972965,-43.397075,2023-07-26 04:03:12,38.2,,volta,51 - SENTIDO V. MILITAR (PARADOR) [VOLTA],38597.4,271.0
903007,,50,-22.972556,-43.400394,2023-07-26 04:03:09,14.7,,ida,50 - SENTIDO JD. OCEANICO (PARADOR) [IDA],41337.4,358.0
903004,,38,-22.864994,-43.334018,2023-07-26 04:03:18,41.2,,ida,38 - FUNDÃO X ALVORADA (PARADOR) [IDA],39169.4,27.0
903022,,50,-22.963797,-43.394525,2023-07-26 04:03:14,19.5,,ida,50 - SENTIDO JD. OCEANICO (PARADOR) [IDA],37712.7,213.0
901059,,51,-22.861679,-43.399597,2023-07-26 04:03:09,19.7,,ida,51 - SENTIDO RECREIO (PARADOR) [IDA],48333.0,242.0
901023,,51,-22.965371,-43.391472,2023-07-26 04:03:02,0.0,,volta,51 - SENTIDO V. MILITAR (PARADOR) [VOLTA],33695.8,53.0
901027,,41,-22.994888,-43.423387,2023-07-26 04:03:03,56.3,,volta,41 - TERMINAL RECREIO X PAULO DA PORTELA (EXPRESSO) [VOLTA],25963.3,217.0
903009,,38,-22.84933,-43.264743,2023-07-26 04:03:07,40.6,,ida,38 - FUNDÃO X ALVORADA (PARADOR) [IDA],47173.4,144.0
903012,,38,-22.855492,-43.255464,2023-07-26 04:03:12,40.4,,ida,38 - FUNDÃO X ALVORADA (PARADOR) [IDA],47930.0,39.0
903015,,42,-22.876929,-43.329994,2023-07-26 04:03:16,0.0,,ida,42 - GALEÃO X MADUREIRA MANANCEIA (PARADOR) [IDA],47847.8,
903017,,50,-23.006743,-43.312161,2023-07-26 04:03:06,0.1,,volta,50 - SENTIDO T. OLIMPICO (PARADOR) [VOLTA],44886.0,99.0
903018,,38,-22.871941,-43.336095,2023-07-26 04:03:14,41.9,,ida,38 - FUNDÃO X ALVORADA (PARADOR) [IDA],11249.5,21.0
903024,,38,-22.935695,-43.371709,2023-07-26 04:03:13,0.0,,ida,38 - FUNDÃO X ALVORADA (PARADOR) [IDA],37989.6,158.0
903025,,50,-22.948371,-43.372537,2023-07-26 04:03:01,49.4,,ida,50 - SENTIDO JD. OCEANICO (PARADOR) [IDA],39438.5,198.0
903013,,42,-22.877881,-43.336365,2023-07-26 04:03:16,0.0,,volta,42 - MADUREIRA MANANCEIA X GALEAO (PARADOR) [VOLTA],44455.7,27.0
901060,,41,-22.86102,-43.398369,2023-07-26 04:03:11,0.0,,volta,41 - TERMINAL RECREIO X PAULO DA PORTELA (EXPRESSO) [VOLTA],24762.9,
903063,,17,-22.9202,-43.608193,2023-07-26 04:03:08,0.0,,ida,17 - SANTA CRUZ X CAMPO GRANDE (PARADOR) [IDA],21497.7,135.0
902117,,31,-22.876384,-43.32988,2023-07-26 04:03:17,0.0,,ida,31 - VICENTE DE CARVALHO X ALVORADA (SEMIDIRETO) [IDA],10234.6,
903033,,38,-22.876593,-43.329725,2023-07-26 04:03:05,0.0,,ida,38 - FUNDÃO X ALVORADA (PARADOR) [IDA],36550.7,
902020,,46,-23.000766,-43.367606,2023-07-26 04:03:12,0.0,,volta,46 - ALVORADA X PENHA (EXPRESSO) [VOLTA],31610.5,
902022,,46,-23.001201,-43.364874,2023-07-26 04:03:16,0.0,,volta,46 - ALVORADA X PENHA (EXPRESSO) [VOLTA],30753.3,
902056,,43,-23.000623,-43.366237,2023-07-26 04:03:04,0.0,,ida,43 - FUNDÃO X SANTA EFIGENIA (EXPRESSO) [IDA],34615.2,
902028,,46,-22.973287,-43.383787,2023-07-26 04:03:10,48.0,,ida,46 - PENHA X ALVORADA (EXPRESSO) [IDA],37569.0,90.0
12715,,10,-23.012442,-43.459066,2023-07-26 04:03:04,0.0,,ida,10 - SANTA CRUZ X ALVORADA (EXPRESSO) [IDA],42339.0,72.0
901062,,51,-22.958674,-43.392791,2023-07-26 04:03:07,57.4,,volta,51 - SENTIDO V. MILITAR (PARADOR) [VOLTA],46899.4,325.0
E902000,,41,-22.854785,-43.25214,2023-07-26 04:03:08,0.0,,volta,41 - TERMINAL RECREIO X PAULO DA PORTELA (EXPRESSO) [VOLTA],10383.6,
901067,,22,-22.874896,-43.406063,2023-07-26 04:03:08,59.7,,ida,22 - ALVORADA X J. OCEÂNICO (PARADOR) [IDA],41737.9,322.0
12713,,11,-22.91553,-43.617881,2023-07-26 04:03:10,46.4,,ida,11 - SANTA CRUZ X ALVORADA (PARADOR) [IDA],35221.4,253.0
902062,,46,-22.974667,-43.363977,2023-07-26 04:03:10,40.3,,ida,46 - PENHA X ALVORADA (EXPRESSO) [IDA],33262.4,204.0
902048,,46,-22.918381,-43.365042,2023-07-26 04:03:02,43.0,,ida,46 - PENHA X ALVORADA (EXPRESSO) [IDA],23943.5,239.0
902058,,46,-22.854551,-43.251365,2023-07-26 04:03:14,0.0,,ida,46 - PENHA X ALVORADA (EXPRESSO) [IDA],34574.7,
902052,,46,-22.956126,-43.378506,2023-07-26 04:03:16,57.4,,ida,46 - PENHA X ALVORADA (EXPRESSO) [IDA],35606.4,231.0
902050,,43,-22.854491,-43.251063,2023-07-26 04:03:17,0.0,,ida,43 - FUNDÃO X SANTA EFIGENIA (EXPRESSO) [IDA],31239.9,
902051,,46,-22.854455,-43.251604,2023-07-26 04:03:10,0.0,,ida,46 - PENHA X ALVORADA (EXPRESSO) [IDA],32982.699,
902067,,41,-22.854418,-43.25201,2023-07-26 04:03:19,0.0,,volta,41 - TERMINAL RECREIO X PAULO DA PORTELA (EXPRESSO) [VOLTA],34072.7,
901098,,40,-22.995835,-43.424119,2023-07-26 04:03:15,58.1,,ida,40 - PAULO DA PORTELA X ALVORADA (EXPRESSO) [IDA],27268.3,216.0
901079,,40,-22.965148,-43.391812,2023-07-26 04:03:09,0.0,,ida,40 - PAULO DA PORTELA X ALVORADA (EXPRESSO) [IDA],44035.0,
901070,,52,-22.880221,-43.399871,2023-07-26 04:03:13,59.9,,ida,52 - SENTIDO ALVORADA (PARADOR) [IDA],40469.0,348.0
902080,,43,-22.854404,-43.252042,2023-07-26 04:03:05,0.0,,volta,43 - SANTA EFIGENIA X FUNDÃO (EXPRESSO) [VOLTA],34337.1,
902065,,46,-22.854542,-43.251578,2023-07-26 04:03:03,0.0,,ida,46 - PENHA X ALVORADA (EXPRESSO) [IDA],35355.3,
902071,,46,-22.846269,-43.303135,2023-07-26 04:03:20,16.0,,ida,46 - PENHA X ALVORADA (EXPRESSO) [IDA],35912.0,241.0
E902001,,41,-22.854423,-43.251733,2023-07-26 04:03:04,11.3,,volta,41 - TERMINAL RECREIO X PAULO DA PORTELA (EXPRESSO) [VOLTA],20869.4,119.0
902069,,46,-22.845764,-43.26757,2023-07-26 04:03:05,45.0,,ida,46 - PENHA X ALVORADA (EXPRESSO) [IDA],32567.9,321.0
903068,,17,-22.918914,-43.682492,2023-07-26 04:03:09,7.8,,ida,17 - SANTA CRUZ X CAMPO GRANDE (PARADOR) [IDA],20718.3,336.0
903062,,17,-22.918894,-43.607688,2023-07-26 04:03:18,0.0,,ida,17 - SANTA CRUZ X CAMPO GRANDE (PARADOR) [IDA],20171.8,
902089,,35,-22.876515,-43.329905,2023-07-26 04:03:16,0.0,,ida,35 - MADUREIRA X ALVORADA (PARADOR) [IDA],9751.9,
903051,,50,-23.006478,-43.315623,2023-07-26 04:03:10,59.6,,ida,50 - SENTIDO JD. OCEANICO (PARADOR) [IDA],31044.4,96.0
902055,,46,-22.854357,-43.252214,2023-07-26 04:03:10,0.0,,ida,46 - PENHA X ALVORADA (EXPRESSO) [IDA],11.0,
903044,,42,-22.865571,-43.334216,2023-07-26 04:03:08,0.3,,volta,42 - MADUREIRA MANANCEIA X GALEAO (PARADOR) [VOLTA],29184.0,2.0
903036,,17,-22.920103,-43.607554,2023-07-26 04:03:04,0.0,,ida,17 - SANTA CRUZ X CAMPO GRANDE (PARADOR) [IDA],156819.6,260.0
903040,,17,-22.918302,-43.682965,2023-07-26 04:03:16,0.1,,ida,17 - SANTA CRUZ X CAMPO GRANDE (PARADOR) [IDA],18446.5,323.0
903069,,17,-22.907111,-43.570708,2023-07-26 04:03:17,50.5,,ida,17 - SANTA CRUZ X CAMPO GRANDE (PARADOR) [IDA],22394.0,96.0
902042,,41,-22.99611,-43.365945,2023-07-26 04:03:05,54.4,,volta,41 - TERMINAL RECREIO X PAULO DA PORTELA (EXPRESSO) [VOLTA],31910.5,173.0
903049,,17,-22.916897,-43.60714,2023-07-26 04:02:51,0.0,,ida,17 - SANTA CRUZ X CAMPO GRANDE (PARADOR) [IDA],23298.4,1.0
903038,,17,-22.918354,-43.682918,2023-07-26 04:03:17,18.9,,ida,17 - SANTA CRUZ X CAMPO GRANDE (PARADOR) [IDA],26519.0,325.0
12732,,18,-22.918915,-43.607265,2023-07-26 04:03:17,0.0,,ida,18 - RECREIO SHOPPING X JARDIM OCEÂNICO (EXPRESSO) [IDA],25670.8,
902096,,35,-22.878299,-43.336348,2023-07-26 04:03:13,0.0,,ida,35 - MADUREIRA X ALVORADA (PARADOR) [IDA],14201.0,356.0
44706,LRG8855,12,-23.005663,-43.432884,2023-07-26 04:03:16,0.0,,volta,12 - ALVORADA X PINGO D'AGUA (EXPRESSO) [VOLTA],21842.8,255.0
901009,,52,-23.001134,-43.365317,2023-07-26 03:29:59,0.0,,volta,52 - SENTIDO V. MILITAR (PARADOR) [VOLTA],20863.0,
901006,RJA9F56,22,-23.000746,-43.366381,2023-07-26 04:06:13,0.0,,ida,22 - ALVORADA X J. OCEÂNICO (PARADOR) [IDA],19377.1,
901004,RJQ8J80,53,-23.000647,-43.365439,2023-07-26 04:05:54,0.0,,volta,53 - SENTIDO SULACAP (EXPRESSO) [VOLTA],21425.9,
30504,,25,-23.000272,-43.398726,2023-07-26 04:06:12,25.9,,ida,25 - MATO ALTO X ALVORADA (PARADOR) [IDA],53621.0,88.0
47031,KYW5240,20,-22.992461,-43.598487,2023-07-26 04:05:58,0.0,,ida,20 - SANTA CRUZ X SALVADOR ALLENDE (EXPRESSO) [IDA],50882.4,
30538,KXE7719,20,-22.936334,-43.666957,2023-07-26 04:06:09,27.6,,ida,20 - SANTA CRUZ X SALVADOR ALLENDE (EXPRESSO) [IDA],55846.2,182.0
50309,KPN6B05,12,-22.992962,-43.598091,2023-07-26 04:06:09,0.0,,ida,12 - PINGO D'AGUA X ALVORADA (EXPRESSO) [IDA],20066.9,
30532,KYL8599,12,-22.915998,-43.61038,2023-07-26 04:05:59,27.5,,ida,12 - PINGO D'AGUA X ALVORADA (EXPRESSO) [IDA],41735.0,267.0
13403,LTF5447,10,-22.916013,-43.610113,2023-07-26 04:06:11,42.2,,ida,10 - SANTA CRUZ X ALVORADA (EXPRESSO) [IDA],53235.0,266.0
47030,LSQ5263,20,-22.918454,-43.682727,2023-07-26 04:06:09,0.0,,ida,20 - SANTA CRUZ X SALVADOR ALLENDE (EXPRESSO) [IDA],53763.3,321.0
30519,LRE9804,11,-22.920074,-43.608092,2023-07-26 04:06:00,0.0,,ida,11 - SANTA CRUZ X ALVORADA (PARADOR) [IDA],51494.8,
90005,KWK6A89,10,-23.000137,-43.367018,2023-07-26 04:05:57,23.7,,volta,10 - ALVORADA X SANTA CRUZ (EXPRESSO) [VOLTA],49796.2,276.0
30518,KYL8597,25,-23.007702,-43.547586,2023-07-26 04:05:54,60.5,,ida,25 - MATO ALTO X ALVORADA (PARADOR) [IDA],37090.4,86.0
902090,,35,-23.000993,-43.365098,2023-07-26 04:06:09,24.3,,volta,35 - ALVORADA  X  MADUREIRA (PARADOR) [VOLTA],15055.1,266.0
86885,LTB5540,14,-22.919014,-43.607023,2023-07-26 04:06:00,0.0,,ida,14 - SANTA EUGÊNIA X SALVADOR ALLENDE (EXPRESSO) [IDA],514714.4,
12738,KRR2404,25,-23.000251,-43.378007,2023-07-26 04:06:03,0.0,,ida,25 - MATO ALTO X ALVORADA (PARADOR) [IDA],37368.8,273.0
47006,KWZ8630,20,-22.919648,-43.607469,2023-07-26 04:04:09,0.0,,ida,20 - SANTA CRUZ X SALVADOR ALLENDE (EXPRESSO) [IDA],50857.6,
KXE9191 PKP,KXE9191,0,-23.00067,-43.363681,2023-07-26 03:06:02,0.0,,,,2531.1,
47007,LSP6018,18,-22.920594,-43.607709,2023-07-26 04:06:01,0.0,,ida,18 - RECREIO SHOPPING X JARDIM OCEÂNICO (EXPRESSO) [IDA],42179.7,
13413,KWI9711,12,-22.916692,-43.607016,2023-07-26 04:06:10,0.0,,ida,12 - PINGO D'AGUA X ALVORADA (EXPRESSO) [IDA],43494.2,359.0
90001,KPZ5E15,13,-22.916984,-43.63377,2023-07-26 04:06:05,40.3,,ida,13 - MATO ALTO X ALVORADA (EXPRESSO) [IDA],44117.8,259.0
901057,,22,-22.865738,-43.408396,2023-07-26 04:05:55,59.9,,ida,22 - ALVORADA X J. OCEÂNICO (PARADOR) [IDA],51032.2,243.0
86874,KQB4102,20,-22.919954,-43.608389,2023-07-26 04:05:54,0.0,,ida,20 - SANTA CRUZ X SALVADOR ALLENDE (EXPRESSO) [IDA],512857.8,
86879,LTN5696,18,-22.919635,-43.607651,2023-07-26 04:06:07,0.0,,ida,18 - RECREIO SHOPPING X JARDIM OCEÂNICO (EXPRESSO) [IDA],1794.6,
30537,KXE7720,12,-22.920733,-43.607925,2023-07-26 04:06:01,0.0,,ida,12 - PINGO D'AGUA X ALVORADA (EXPRESSO) [IDA],51504.4,
50301,KPP5B70,18,-23.000901,-43.367648,2023-07-26 04:06:04,0.0,,ida,18 - RECREIO SHOPPING X JARDIM OCEÂNICO (EXPRESSO) [IDA],3941.1,
44713,KPZ3559,20,-22.919962,-43.607512,2023-07-26 04:05:53,0.0,,ida,20 - SANTA CRUZ X SALVADOR ALLENDE (EXPRESSO) [IDA],29573.0,
27174,KQP5437,20,-22.919626,-43.607498,2023-07-26 04:06:04,0.0,,ida,20 - SANTA CRUZ X SALVADOR ALLENDE (EXPRESSO) [IDA],18855.0,
47026,KYA7928,10,-22.920616,-43.608087,2023-07-26 04:06:11,0.0,,ida,10 - SANTA CRUZ X ALVORADA (EXPRESSO) [IDA],32900.199,
86889,KRQ6878,10,-23.000893,-43.367123,2023-07-26 04:05:57,0.0,,volta,10 - ALVORADA X SANTA CRUZ (EXPRESSO) [VOLTA],514962.4,
12724,LMJ1118,20,-22.967023,-43.642115,2023-07-26 04:05:55,52.3,,ida,20 - SANTA CRUZ X SALVADOR ALLENDE (EXPRESSO) [IDA],9626.8,109.0
27209,LSL9B07,18,-22.91998,-43.607161,2023-07-26 04:06:12,8.4,,ida,18 - RECREIO SHOPPING X JARDIM OCEÂNICO (EXPRESSO) [IDA],10056.3,358.0
27176,LRK9563,18,-22.91923,-43.607859,2023-07-26 04:05:49,0.0,,ida,18 - RECREIO SHOPPING X JARDIM OCEÂNICO (EXPRESSO) [IDA],13481.9,
30511,KPV2250,13,-23.010223,-43.538823,2023-07-26 04:06:05,42.1,,ida,13 - MATO ALTO X ALVORADA (EXPRESSO) [IDA],49415.7,113.0
13427,KXE7711,0,-22.935181,-43.665806,2023-07-26 04:05:54,1.9,,,,51848.1,48.0
12725,LMJ1327,25,-23.000738,-43.367731,2023-07-26 04:06:10,0.0,,volta,25 - ALVORADA X MATO ALTO (PARADOR) [VOLTA],39235.4,
13404,KQO7823,20,-22.918386,-43.682783,2023-07-26 03:59:01,0.0,,ida,20 - SANTA CRUZ X SALVADOR ALLENDE (EXPRESSO) [IDA],56076.6,329.0
47022,KRM7701,10,-23.007376,-43.549708,2023-07-26 04:06:04,59.2,,ida,10 - SANTA CRUZ X ALVORADA (EXPRESSO) [IDA],12911.9,104.0
12736,LMJ4504,20,-22.919842,-43.608348,2023-07-26 04:05:59,0.0,,ida,20 - SANTA CRUZ X SALVADOR ALLENDE (EXPRESSO) [IDA],15483.9,18.0
13422,LSI5978,20,-22.918938,-43.682269,2023-07-26 04:06:11,0.0,,ida,20 - SANTA CRUZ X SALVADOR ALLENDE (EXPRESSO) [IDA],40371.8,
13402,LTL5480,12,-22.920237,-43.607757,2023-07-26 04:05:56,0.0,,ida,12 - PINGO D'AGUA X ALVORADA (EXPRESSO) [IDA],43258.9,
12730,LSO8993,10,-22.965956,-43.647319,2023-07-26 03:38:31,26.4,,ida,10 - SANTA CRUZ X ALVORADA (EXPRESSO) [IDA],9220.9,84.0
86872,LSH7386,20,-22.919598,-43.607662,2023-07-26 02:35:23,0.0,,ida,20 - SANTA CRUZ X SALVADOR ALLENDE (EXPRESSO) [IDA],22398.2,87.0
47017,LRS2841,20,-22.916341,-43.607128,2023-07-26 04:06:14,11.0,,ida,20 - SANTA CRUZ X SALVADOR ALLENDE (EXPRESSO) [IDA],47885.1,311.0
86859,KWJ9250,20,-22.919651,-43.607459,2023-07-26 04:06:11,0.0,,ida,20 - SANTA CRUZ X SALVADOR ALLENDE (EXPRESSO) [IDA],18669.2,
30509,KYM4574,11,-22.992829,-43.598128,2023-07-26 04:05:54,0.0,,ida,11 - SANTA CRUZ X ALVORADA (PARADOR) [IDA],53018.1,
12720,KXD9430,20,-22.918,-43.683081,2023-07-26 04:05:58,0.0,,ida,20 - SANTA CRUZ X SALVADOR ALLENDE (EXPRESSO) [IDA],21733.3,
12712,LSN8501,19,-22.920123,-43.608096,2023-07-26 04:06:12,0.0,,ida,19 - PINGO D'AGUA X SALVADOR ALLENDE (EXPRESSO) [IDA],31093.7,
13407,KPY9732,20,-22.94715,-43.654398,2023-07-26 04:06:05,57.8,,ida,20 - SANTA CRUZ X SALVADOR ALLENDE (EXPRESSO) [IDA],45414.2,137.0
30521,LRC6594,25,-22.920291,-43.608236,2023-07-26 04:05:54,0.0,,ida,25 - MATO ALTO X ALVORADA (PARADOR) [IDA],34814.5,
12739,LMJ4F12,20,-22.918857,-43.607229,2023-07-26 04:06:02,0.0,,ida,20 - SANTA CRUZ X SALVADOR ALLENDE (EXPRESSO) [IDA],23710.0,
47010,KPZ8363,13,-22.965231,-43.647779,2023-07-26 04:05:53,28.1,,ida,13 - MATO ALTO X ALVORADA (EXPRESSO) [IDA],42564.1,183.0
86884,LSP9604,20,-22.997464,-43.366302,2023-07-26 04:05:56,31.8,,ida,20 - SANTA CRUZ X SALVADOR ALLENDE (EXPRESSO) [IDA],15291.5,44.0
12734,LSP8673,11,-22.920181,-43.607862,2023-07-26 04:06:09,0.0,,ida,11 - SANTA CRUZ X ALVORADA (PARADOR) [IDA],16894.9,
90006,LRH6D12,20,-23.000926,-43.367271,2023-07-26 04:05:54,0.0,,volta,,29671.3,
30531,LRC6592,19,-22.969305,-43.634133,2023-07-26 04:02:23,56.9,,ida,19 - PINGO D'AGUA X SALVADOR ALLENDE (EXPRESSO) [IDA],40557.9,107.0
30524,LRC6601,10,-22.916402,-43.607016,2023-07-26 04:06:00,0.0,,ida,10 - SANTA CRUZ X ALVORADA (EXPRESSO) [IDA],29203.8,355.0
13415,KQK7905,18,-22.99307,-43.597888,2023-07-26 04:05:54,0.0,,ida,18 - RECREIO SHOPPING X JARDIM OCEÂNICO (EXPRESSO) [IDA],45109.4,129.0
901002,,22,-23.000706,-43.365953,2023-07-26 04:06:04,0.0,,ida,22 - ALVORADA X J. OCEÂNICO (PARADOR) [IDA],17393.7,
B13,KYM5979,14,-22.932471,-43.659004,2023-07-26 04:06:04,43.7,,ida,14 - SANTA EUGÊNIA X SALVADOR ALLENDE (EXPRESSO) [IDA],1124.6,252.0
B20,LMH6141,14,-22.961208,-43.648076,2023-07-26 04:05:43,0.0,,ida,14 - SANTA EUGÊNIA X SALVADOR ALLENDE (EXPRESSO) [IDA],1131.8,285.0
B19,KZJ7238,14,-22.961393333333334,-43.64817166666667,2023-07-26 03:40:03,0.0,,ida,14 - SANTA EUGÊNIA X SALVADOR ALLENDE (EXPRESSO) [IDA],104986.1,135.0
B14,KRK9519,14,-22.916601,-43.631876,2023-07-26 04:05:58,0.0,,ida,14 - SANTA EUGÊNIA X SALVADOR ALLENDE (EXPRESSO) [IDA],1134.1,255.0
B25,,14,-22.961238,-43.648086,2023-07-26 04:06:13,0.0,,ida,14 - SANTA EUGÊNIA X SALVADOR ALLENDE (EXPRESSO) [IDA],1092.8,
B048,,14,-22.961399,-43.648375,2023-07-26 04:06:08,0.0,,ida,14 - SANTA EUGÊNIA X SALVADOR ALLENDE (EXPRESSO) [IDA],1161.1,
B49,,14,-22.961398,-43.648035,2023-07-26 04:05:33,0.0,,ida,14 - SANTA EUGÊNIA X SALVADOR ALLENDE (EXPRESSO) [IDA],1127.8,285.0
B55,,14,-22.960027,-43.649911,2023-07-26 04:05:58,38.2,,ida,14 - SANTA EUGÊNIA X SALVADOR ALLENDE (EXPRESSO) [IDA],1115.9,336.0
B51,,14,-22.916537,-43.631602,2023-07-26 04:06:00,0.0,,ida,14 - SANTA EUGÊNIA X SALVADOR ALLENDE (EXPRESSO) [IDA],1193.6,258.0
903045,,17,-22.920226,-43.607607,2023-07-26 02:08:16,0.0,,ida,17 - SANTA CRUZ X CAMPO GRANDE (PARADOR) [IDA],25843.9,163.0
902119,,35,-22.973374,-43.36894,2023-07-26 04:06:09,52.5,,ida,35 - MADUREIRA X ALVORADA (PARADOR) [IDA],7672.9,90.0
901058,,51,-22.862153,-43.401017,2023-07-26 04:06:05,0.0,,ida,51 - SENTIDO RECREIO (PARADOR) [IDA],44165.1,213.0
903027,,50,-22.876342,-43.329595,2023-07-26 04:06:07,0.0,,ida,50 - SENTIDO JD. OCEANICO (PARADOR) [IDA],49595.8,
901066,,22,-22.862097,-43.400387,2023-07-26 04:06:01,0.0,,ida,22 - ALVORADA X J. OCEÂNICO (PARADOR) [IDA],49980.4,
903026,,38,-22.93224,-43.373087,2023-07-26 04:06:02,42.3,,ida,38 - FUNDÃO X ALVORADA (PARADOR) [IDA],48938.1,172.0
903029,,50,-22.87692,-43.330255,2023-07-26 04:06:12,0.0,,ida,50 - SENTIDO JD. OCEANICO (PARADOR) [IDA],33496.6,
902116,,35,-22.879036,-43.340464,2023-07-26 04:06:03,32.6,,ida,35 - MADUREIRA X ALVORADA (PARADOR) [IDA],11157.6,91.0
902115,,35,-22.892116,-43.348244,2023-07-26 04:05:53,16.6,,ida,35 - MADUREIRA X ALVORADA (PARADOR) [IDA],14843.3,204.0
901061,,51,-22.886344,-43.400774,2023-07-26 04:05:57,5.0,,ida,51 - SENTIDO RECREIO (PARADOR) [IDA],43275.3,173.0
901073,,52,-22.964734,-43.392094,2023-07-26 03:19:23,0.0,,ida,52 - SENTIDO ALVORADA (PARADOR) [IDA],41828.3,
901048,,40,-22.95068,-43.389825,2023-07-26 04:06:11,52.9,,ida,40 - PAULO DA PORTELA X ALVORADA (EXPRESSO) [IDA],26313.6,349.0
901065,,52,-22.964493,-43.391928,2023-07-26 04:06:06,0.0,,ida,52 - SENTIDO ALVORADA (PARADOR) [IDA],35376.8,
903032,,42,-22.814658,-43.245805,2023-07-26 04:06:07,27.0,,ida,42 - GALEÃO X MADUREIRA MANANCEIA (PARADOR) [IDA],42683.6,101.0
901075,,0,-22.964516,-43.392082,2023-07-26 04:06:08,0.0,,,,48984.5,
903037,,17,-22.901787,-43.555151,2023-07-26 03:51:08,0.0,,volta,17 - CAMPO GRANDE  X SANTA CRUZ (PARADOR) [VOLTA],20685.1,255.0
903002,,42,-22.839591,-43.239562,2023-07-26 04:05:57,0.0,,ida,,6946.2,
901080,,52,-22.965699,-43.391042,2023-07-26 04:06:11,0.0,,ida,52 - SENTIDO ALVORADA (PARADOR) [IDA],31260.3,61.0
902110,,35,-22.876478,-43.329992,2023-07-26 04:04:09,0.0,,ida,35 - MADUREIRA X ALVORADA (PARADOR) [IDA],8807.3,
902114,,35,-22.997481,-43.366323,2023-07-26 04:06:06,34.2,,ida,35 - MADUREIRA X ALVORADA (PARADOR) [IDA],8957.7,225.0
903054,,17,-22.918978,-43.60789,2023-07-26 04:06:00,0.0,,ida,17 - SANTA CRUZ X CAMPO GRANDE (PARADOR) [IDA],17655.7,
903021,,38,-22.869809,-43.335377,2023-07-26 04:06:04,55.0,,ida,38 - FUNDÃO X ALVORADA (PARADOR) [IDA],34606.2,13.0
903000,,50,-22.972294,-43.40107,2023-07-26 04:02:10,0.0,,ida,50 - SENTIDO JD. OCEANICO (PARADOR) [IDA],31867.7,177.0
903058,,17,-22.916423,-43.607026,2023-07-26 04:05:54,0.0,,ida,17 - SANTA CRUZ X CAMPO GRANDE (PARADOR) [IDA],9151.3,355.0
901072,,51,-22.962661,-43.393179,2023-07-26 04:06:12,43.2,,volta,51 - SENTIDO V. MILITAR (PARADOR) [VOLTA],38599.1,41.0
903007,,50,-22.972388,-43.401023,2023-07-26 04:06:09,0.0,,ida,50 - SENTIDO JD. OCEANICO (PARADOR) [IDA],41337.7,300.0
903004,,38,-22.852585,-43.318742,2023-07-26 04:06:10,38.9,,ida,38 - FUNDÃO X ALVORADA (PARADOR) [IDA],39171.7,86.0
903005,,42,-22.876695,-43.329698,2023-07-26 03:26:26,1.7,,ida,42 - GALEÃO X MADUREIRA MANANCEIA (PARADOR) [IDA],38806.4,86.0
903022,,50,-22.972804,-43.400506,2023-07-26 04:06:02,45.8,,ida,50 - SENTIDO JD. OCEANICO (PARADOR) [IDA],37714.2,102.0
901059,,51,-22.861933,-43.400184,2023-07-26 04:06:09,0.0,,ida,51 - SENTIDO RECREIO (PARADOR) [IDA],48333.0,230.0
903003,,38,-22.839713,-43.23946,2023-07-26 03:36:59,0.0,,ida,38 - FUNDÃO X ALVORADA (PARADOR) [IDA],41680.6,
901027,,41,-23.008166,-43.439756,2023-07-26 04:06:03,25.0,,volta,41 - TERMINAL RECREIO X PAULO DA PORTELA (EXPRESSO) [VOLTA],25965.6,264.0
901028,,40,-22.964826,-43.392028,2023-07-26 04:06:10,0.0,,ida,40 - PAULO DA PORTELA X ALVORADA (EXPRESSO) [IDA],23760.6,
901039,,35,-22.964948,-43.391564,2023-07-26 03:09:32,0.0,,ida,35 - MADUREIRA X ALVORADA (PARADOR) [IDA],24670.8,
903009,,38,-22.855042,-43.2526,2023-07-26 04:06:07,33.0,,ida,38 - FUNDÃO X ALVORADA (PARADOR) [IDA],47175.2,106.0
903010,,42,-22.877955,-43.336467,2023-07-26 04:01:14,0.0,,ida,42 - GALEÃO X MADUREIRA MANANCEIA (PARADOR) [IDA],43675.8,28.0
903011,,42,-22.87666,-43.329489,2023-07-26 03:48:34,0.0,,ida,42 - GALEÃO X MADUREIRA MANANCEIA (PARADOR) [IDA],45327.9,
903012,,38,-22.847117,-43.243851,2023-07-26 04:05:53,51.4,,ida,38 - FUNDÃO X ALVORADA (PARADOR) [IDA],47931.8,71.0
903015,,42,-22.87694,-43.329992,2023-07-26 04:05:55,0.0,,ida,42 - GALEÃO X MADUREIRA MANANCEIA (PARADOR) [IDA],47847.8,
903017,,50,-23.003391,-43.323774,2023-07-26 04:06:06,21.7,,volta,50 - SENTIDO T. OLIMPICO (PARADOR) [VOLTA],44887.3,285.0
903018,,38,-22.855822,-43.324726,2023-07-26 04:06:13,58.4,,ida,38 - FUNDÃO X ALVORADA (PARADOR) [IDA],11251.9,69.0
903024,,38,-22.956944,-43.379565,2023-07-26 04:06:13,59.0,,ida,38 - FUNDÃO X ALVORADA (PARADOR) [IDA],37992.3,231.0
903025,,50,-22.960045,-43.389462,2023-07-26 04:06:02,6.6,,ida,50 - SENTIDO JD. OCEANICO (PARADOR) [IDA],39440.8,255.0
903013,,42,-22.877829,-43.336402,2023-07-26 04:05:56,0.0,,volta,42 - MADUREIRA MANANCEIA X GALEAO (PARADOR) [VOLTA],44455.7,335.0
901053,,22,-22.965117,-43.391532,2023-07-26 03:08:45,0.0,,ida,22 - ALVORADA X J. OCEÂNICO (PARADOR) [IDA],19781.0,
903063,,17,-22.920221,-43.608187,2023-07-26 04:06:08,0.0,,ida,17 - SANTA CRUZ X CAMPO GRANDE (PARADOR) [IDA],21497.7,135.0
902117,,31,-22.876381,-43.329877,2023-07-26 04:05:56,0.0,,ida,31 - VICENTE DE CARVALHO X ALVORADA (SEMIDIRETO) [IDA],10234.6,
901044,,46,-22.96493,-43.392029,2023-07-26 04:06:10,0.0,,ida,46 - PENHA X ALVORADA (EXPRESSO) [IDA],29581.4,
903033,,38,-22.876593,-43.329725,2023-07-26 04:06:06,0.0,,ida,38 - FUNDÃO X ALVORADA (PARADOR) [IDA],36550.7,
902020,,46,-23.001271,-43.365023,2023-07-26 04:06:10,0.0,,volta,46 - ALVORADA X PENHA (EXPRESSO) [VOLTA],31611.2,85.0
902022,,46,-23.001201,-43.364874,2023-07-26 04:05:56,0.0,,volta,46 - ALVORADA X PENHA (EXPRESSO) [VOLTA],30753.3,
901093,,22,-22.965665,-43.391254,2023-07-26 03:13:11,0.0,,ida,,27781.8,
902059,,41,-22.854387,-43.251903,2023-07-26 03:09:21,0.0,,volta,41 - TERMINAL RECREIO X PAULO DA PORTELA (EXPRESSO) [VOLTA],35690.6,
902056,,43,-23.000623,-43.366237,2023-07-26 04:06:03,0.0,,ida,43 - FUNDÃO X SANTA EFIGENIA (EXPRESSO) [IDA],34615.2,
901091,,40,-23.008767,-43.440539,2023-07-26 03:22:35,0.0,,ida,40 - PAULO DA PORTELA X ALVORADA (EXPRESSO) [IDA],31095.3,75.0
902028,,46,-22.976691,-43.36484,2023-07-26 04:06:11,58.6,,ida,46 - PENHA X ALVORADA (EXPRESSO) [IDA],37571.4,202.0
902046,,41,-22.854385,-43.251825,2023-07-26 03:26:41,0.0,,volta,41 - TERMINAL RECREIO X PAULO DA PORTELA (EXPRESSO) [VOLTA],33363.3,
12715,,10,-23.007827,-43.440503,2023-07-26 04:06:04,41.8,,ida,10 - SANTA CRUZ X ALVORADA (EXPRESSO) [IDA],42341.0,76.0
901062,,51,-22.936124,-43.3954,2023-07-26 04:06:07,55.6,,volta,51 - SENTIDO V. MILITAR (PARADOR) [VOLTA],46902.3,349.0
E902000,,41,-22.854785,-43.25214,2023-07-26 04:06:09,0.0,,volta,41 - TERMINAL RECREIO X PAULO DA PORTELA (EXPRESSO) [VOLTA],10383.6,
901067,,22,-22.862079,-43.400287,2023-07-26 04:06:08,35.1,,ida,22 - ALVORADA X J. OCEÂNICO (PARADOR) [IDA],41740.5,57.0
12713,,11,-22.917194,-43.63605,2023-07-26 04:06:10,56.4,,ida,11 - SANTA CRUZ X ALVORADA (PARADOR) [IDA],35223.3,258.0
902062,,46,-22.998103,-43.367039,2023-07-26 04:06:10,44.9,,ida,46 - PENHA X ALVORADA (EXPRESSO) [IDA],33265.1,227.0
902048,,46,-22.92475,-43.373907,2023-07-26 04:06:02,0.0,,ida,46 - PENHA X ALVORADA (EXPRESSO) [IDA],23944.8,177.0
902058,,46,-22.854551,-43.251365,2023-07-26 04:05:54,0.0,,ida,46 - PENHA X ALVORADA (EXPRESSO) [IDA],34574.7,
901068,,51,-22.861413,-43.399239,2023-07-26 04:05:56,0.0,,ida,51 - SENTIDO RECREIO (PARADOR) [IDA],50800.3,
902052,,46,-22.962501,-43.390316,2023-07-26 04:05:56,43.2,,ida,46 - PENHA X ALVORADA (EXPRESSO) [IDA],35608.0,181.0
902050,,43,-22.854491,-43.251063,2023-07-26 04:05:56,0.0,,ida,43 - FUNDÃO X SANTA EFIGENIA (EXPRESSO) [IDA],31239.9,
902063,,46,-22.841282,-43.276218,2023-07-26 04:06:07,0.0,,ida,46 - PENHA X ALVORADA (EXPRESSO) [IDA],33238.3,
902051,,46,-22.854456,-43.251603,2023-07-26 04:06:10,0.0,,ida,46 - PENHA X ALVORADA (EXPRESSO) [IDA],32982.699,
902067,,41,-22.854418,-43.25201,2023-07-26 04:05:58,0.0,,volta,41 - TERMINAL RECREIO X PAULO DA PORTELA (EXPRESSO) [VOLTA],34072.7,
901098,,40,-23.00535,-43.435693,2023-07-26 04:05:55,57.7,,ida,40 - PAULO DA PORTELA X ALVORADA (EXPRESSO) [IDA],27270.0,224.0
901090,,53,-22.965376,-43.391196,2023-07-26 04:06:12,0.0,,ida,53 - SENTIDO ALVORADA (EXPRESSO) [IDA],36782.9,
901079,,40,-22.965106,-43.391831,2023-07-26 04:06:09,0.0,,ida,40 - PAULO DA PORTELA X ALVORADA (EXPRESSO) [IDA],44035.0,155.0
901070,,52,-22.864779,-43.406427,2023-07-26 04:06:12,59.5,,ida,52 - SENTIDO ALVORADA (PARADOR) [IDA],40471.9,62.0
902080,,43,-22.854404,-43.252042,2023-07-26 04:06:05,0.0,,volta,43 - SANTA EFIGENIA X FUNDÃO (EXPRESSO) [VOLTA],34337.1,
902065,,46,-22.854542,-43.251578,2023-07-26 04:06:02,0.0,,ida,46 - PENHA X ALVORADA (EXPRESSO) [IDA],35355.3,
902071,,46,-22.852295,-43.315654,2023-07-26 04:06:11,28.6,,ida,46 - PENHA X ALVORADA (EXPRESSO) [IDA],35913.6,256.0
902064,,43,-22.854183,-43.251931,2023-07-26 03:19:00,0.0,,ida,43 - FUNDÃO X SANTA EFIGENIA (EXPRESSO) [IDA],0.0,
901083,,53,-22.964476,-43.392021,2023-07-26 03:28:29,0.0,,ida,53 - SENTIDO ALVORADA (EXPRESSO) [IDA],49411.4,
E902001,,41,-22.854663,-43.251374,2023-07-26 04:06:04,6.9,,volta,41 - TERMINAL RECREIO X PAULO DA PORTELA (EXPRESSO) [VOLTA],20869.6,70.0
902069,,46,-22.838895,-43.283448,2023-07-26 04:06:05,47.4,,ida,46 - PENHA X ALVORADA (EXPRESSO) [IDA],32569.9,303.0
903068,,17,-22.918869,-43.682521,2023-07-26 04:06:07,0.0,,ida,17 - SANTA CRUZ X CAMPO GRANDE (PARADOR) [IDA],20718.3,334.0
902082,,35,-22.87663,-43.329995,2023-07-26 04:00:45,0.2,,ida,35 - MADUREIRA X ALVORADA (PARADOR) [IDA],10858.4,85.0
903062,,17,-22.919029,-43.607766,2023-07-26 04:05:58,0.0,,ida,17 - SANTA CRUZ X CAMPO GRANDE (PARADOR) [IDA],20171.8,
902089,,35,-22.876515,-43.329905,2023-07-26 04:05:56,0.0,,ida,35 - MADUREIRA X ALVORADA (PARADOR) [IDA],9751.9,
902055,,46,-22.854357,-43.252214,2023-07-26 04:06:09,0.0,,ida,46 - PENHA X ALVORADA (EXPRESSO) [IDA],11.0,
903044,,42,-22.856378,-43.327467,2023-07-26 04:06:08,29.1,,volta,42 - MADUREIRA MANANCEIA X GALEAO (PARADOR) [VOLTA],29185.4,81.0
903036,,17,-22.920119,-43.607573,2023-07-26 04:06:03,0.0,,ida,17 - SANTA CRUZ X CAMPO GRANDE (PARADOR) [IDA],156819.6,260.0
903039,,17,-22.919065,-43.607658,2023-07-26 04:06:11,0.0,,ida,17 - SANTA CRUZ X CAMPO GRANDE (PARADOR) [IDA],18350.1,
903040,,17,-22.91833,-43.682955,2023-07-26 04:05:56,0.0,,ida,17 - SANTA CRUZ X CAMPO GRANDE (PARADOR) [IDA],18446.5,323.0
902044,,46,-22.854354,-43.251985,2023-07-26 03:06:34,0.0,,ida,46 - PENHA X ALVORADA (EXPRESSO) [IDA],31223.4,
902042,,41,-23.000956,-43.368226,2023-07-26 04:06:14,25.0,,volta,41 - TERMINAL RECREIO X PAULO DA PORTELA (EXPRESSO) [VOLTA],31912.0,334.0
903049,,17,-22.9167,-43.607152,2023-07-26 04:06:11,0.0,,ida,17 - SANTA CRUZ X CAMPO GRANDE (PARADOR) [IDA],23298.4,4.0
903038,,17,-22.919619,-43.683722,2023-07-26 04:06:02,18.0,,ida,17 - SANTA CRUZ X CAMPO GRANDE (PARADOR) [IDA],26519.7,130.0
12732,,18,-22.918915,-43.607265,2023-07-26 04:05:58,0.0,,ida,18 - RECREIO SHOPPING X JARDIM OCEÂNICO (EXPRESSO) [IDA],25670.8,
902096,,35,-22.878322,-43.336319,2023-07-26 04:05:53,0.0,,ida,35 - MADUREIRA X ALVORADA (PARADOR) [IDA],14201.0,
903059,,17,-22.918989,-43.607722,2023-07-26 04:05:54,0.0,,ida,17 - SANTA CRUZ X CAMPO GRANDE (PARADOR) [IDA],18740.5,
903066,,17,-22.901672,-43.554614,2023-07-26 03:43:03,12.2,,volta,17 - CAMPO GRANDE  X SANTA CRUZ (PARADOR) [VOLTA],24857.8,257.0
902091,,35,-22.876407,-43.33032,2023-07-26 02:21:54,0.0,,ida,35 - MADUREIRA X ALVORADA (PARADOR) [IDA],14036.0,
901099,,51,-23.008403,-43.439911,2023-07-26 04:06:00,0.0,,volta,51 - SENTIDO V. MILITAR (PARADOR) [VOLTA],29453.2,
903046,,42,-22.876469,-43.329582,2023-07-26 03:07:55,0.0,,ida,42 - GALEÃO X MADUREIRA MANANCEIA (PARADOR) [IDA],29783.8,
903061,,17,-22.920212,-43.608018,2023-07-26 03:58:09,0.0,,ida,17 - SANTA CRUZ X CAMPO GRANDE (PARADOR) [IDA],21481.3,174.0
903070,,17,-22.91911,-43.607964,2023-07-26 03:06:29,0.0,,ida,17 - SANTA CRUZ X CAMPO GRANDE (PARADOR) [IDA],9256.0,
44706,LRG8855,12,-23.008359,-43.443431,2023-07-26 04:05:55,13.8,,volta,12 - ALVORADA X PINGO D'AGUA (EXPRESSO) [VOLTA],21843.9,261.0
901009,,52,-23.000924,-43.365187,2023-07-26 04:11:03,0.0,,volta,52 - SENTIDO V. MILITAR (PARADOR) [VOLTA],20863.0,
901004,RJQ8J80,53,-23.000635,-43.365449,2023-07-26 04:10:54,0.0,,volta,53 - SENTIDO SULACAP (EXPRESSO) [VOLTA],21425.9,
30504,,25,-23.000248,-43.368702,2023-07-26 04:10:52,46.6,,ida,25 - MATO ALTO X ALVORADA (PARADOR) [IDA],53624.1,88.0
47031,KYW5240,25,-22.992489,-43.598498,2023-07-26 04:10:47,0.0,,ida,25 - MATO ALTO X ALVORADA (PARADOR) [IDA],50882.4,
30538,KXE7719,20,-22.94669,-43.654825,2023-07-26 04:09:10,63.8,,ida,20 - SANTA CRUZ X SALVADOR ALLENDE (EXPRESSO) [IDA],55848.0,138.0
50309,KPN6B05,13,-22.992962,-43.598091,2023-07-26 04:10:50,0.0,,ida,13 - MATO ALTO X ALVORADA (EXPRESSO) [IDA],20066.9,
30532,KYL8599,12,-22.917463,-43.637634,2023-07-26 04:10:59,47.7,,ida,12 - PINGO D'AGUA X ALVORADA (EXPRESSO) [IDA],41737.9,258.0
13403,LTF5447,10,-22.917169,-43.635906,2023-07-26 04:10:51,48.8,,ida,10 - SANTA CRUZ X ALVORADA (EXPRESSO) [IDA],53237.7,259.0
47030,LSQ5263,20,-22.918453,-43.682696,2023-07-26 04:10:49,0.0,,ida,20 - SANTA CRUZ X SALVADOR ALLENDE (EXPRESSO) [IDA],53763.3,321.0
30519,LRE9804,11,-22.920074,-43.608092,2023-07-26 04:11:00,0.0,,ida,11 - SANTA CRUZ X ALVORADA (PARADOR) [IDA],51494.8,
90005,KWK6A89,10,-23.000139,-43.398506,2023-07-26 04:10:54,52.5,,ida,10 - SANTA CRUZ X ALVORADA (EXPRESSO) [IDA],49799.5,272.0
30518,KYL8597,25,-23.018004,-43.510063,2023-07-26 04:10:53,42.6,,ida,25 - MATO ALTO X ALVORADA (PARADOR) [IDA],37094.5,107.0
902090,,35,-22.982446,-43.365592,2023-07-26 04:10:49,50.5,,volta,35 - ALVORADA  X  MADUREIRA (PARADOR) [VOLTA],15057.6,
86885,LTB5540,14,-22.919014,-43.607023,2023-07-26 04:11:00,0.0,,ida,14 - SANTA EUGÊNIA X SALVADOR ALLENDE (EXPRESSO) [IDA],514714.4,
12738,KRR2404,25,-23.000069,-43.400705,2023-07-26 04:11:03,42.9,,ida,25 - MATO ALTO X ALVORADA (PARADOR) [IDA],37371.1,274.0
47006,KWZ8630,20,-22.919696,-43.607446,2023-07-26 04:11:04,0.0,,ida,20 - SANTA CRUZ X SALVADOR ALLENDE (EXPRESSO) [IDA],50857.6,
47007,LSP6018,18,-22.920594,-43.607709,2023-07-26 04:11:01,0.0,,ida,18 - RECREIO SHOPPING X JARDIM OCEÂNICO (EXPRESSO) [IDA],42179.7,
13413,KWI9711,12,-22.91634,-43.607169,2023-07-26 04:10:51,0.0,,ida,12 - PINGO D'AGUA X ALVORADA (EXPRESSO) [IDA],43494.2,266.0
90001,KPZ5E15,13,-22.933839,-43.664265,2023-07-26 04:10:45,57.1,,ida,13 - MATO ALTO X ALVORADA (EXPRESSO) [IDA],44121.7,255.0
86874,KQB4102,20,-22.920656,-43.608181,2023-07-26 04:10:54,0.0,,ida,20 - SANTA CRUZ X SALVADOR ALLENDE (EXPRESSO) [IDA],512858.0,
86879,LTN5696,18,-22.919635,-43.607651,2023-07-26 04:10:48,0.0,,ida,18 - RECREIO SHOPPING X JARDIM OCEÂNICO (EXPRESSO) [IDA],1794.6,
30537,KXE7720,12,-22.920753,-43.607898,2023-07-26 04:11:01,0.0,,ida,12 - PINGO D'AGUA X ALVORADA (EXPRESSO) [IDA],51504.4,
50301,KPP5B70,18,-23.000845,-43.367627,2023-07-26 04:11:04,0.0,,ida,18 - RECREIO SHOPPING X JARDIM OCEÂNICO (EXPRESSO) [IDA],3941.1,
44713,KPZ3559,20,-22.920283,-43.607889,2023-07-26 04:10:54,0.0,,ida,20 - SANTA CRUZ X SALVADOR ALLENDE (EXPRESSO) [IDA],29573.1,
13401,KQO7822,20,-22.966213,-43.64515,2023-07-26 04:10:54,0.0,,ida,20 - SANTA CRUZ X SALVADOR ALLENDE (EXPRESSO) [IDA],53624.5,109.0
27174,KQP5437,20,-22.919659,-43.607416,2023-07-26 04:10:59,0.0,,ida,20 - SANTA CRUZ X SALVADOR ALLENDE (EXPRESSO) [IDA],18855.0,
47026,KYA7928,10,-22.920616,-43.608087,2023-07-26 04:10:50,0.0,,ida,10 - SANTA CRUZ X ALVORADA (EXPRESSO) [IDA],32900.199,
86889,KRQ6878,10,-23.000893,-43.367123,2023-07-26 04:10:57,0.0,,volta,10 - ALVORADA X SANTA CRUZ (EXPRESSO) [VOLTA],514962.4,
12724,LMJ1118,20,-22.985501,-43.607126,2023-07-26 04:10:56,58.8,,ida,20 - SANTA CRUZ X SALVADOR ALLENDE (EXPRESSO) [IDA],9631.6,138.0
27209,LSL9B07,18,-22.916233,-43.607927,2023-07-26 04:11:01,5.2,,ida,18 - RECREIO SHOPPING X JARDIM OCEÂNICO (EXPRESSO) [IDA],10056.8,10.0
27176,LRK9563,18,-22.917127,-43.607074,2023-07-26 04:10:49,6.9,,ida,18 - RECREIO SHOPPING X JARDIM OCEÂNICO (EXPRESSO) [IDA],13482.2,8.0
30511,KPV2250,13,-23.011066,-43.535869,2023-07-26 04:06:26,59.0,,ida,13 - MATO ALTO X ALVORADA (EXPRESSO) [IDA],49416.0,106.0
13427,KXE7711,0,-22.918309,-43.639017,2023-07-26 04:10:54,26.2,,,,51851.6,56.0
12725,LMJ1327,25,-23.000738,-43.367731,2023-07-26 04:10:50,0.0,,volta,25 - ALVORADA X MATO ALTO (PARADOR) [VOLTA],39235.4,
13404,KQO7823,20,-22.918315,-43.682889,2023-07-26 04:10:52,0.0,,ida,20 - SANTA CRUZ X SALVADOR ALLENDE (EXPRESSO) [IDA],56076.6,
47022,KRM7701,10,-23.019796,-43.503868,2023-07-26 04:11:04,59.2,,ida,10 - SANTA CRUZ X ALVORADA (EXPRESSO) [IDA],12916.9,108.0
12736,LMJ4504,20,-22.919817,-43.608347,2023-07-26 04:10:58,0.0,,ida,20 - SANTA CRUZ X SALVADOR ALLENDE (EXPRESSO) [IDA],15483.9,18.0
13422,LSI5978,20,-22.918945,-43.682393,2023-07-26 04:10:50,0.0,,ida,20 - SANTA CRUZ X SALVADOR ALLENDE (EXPRESSO) [IDA],40371.8,
13402,LTL5480,12,-22.920237,-43.607757,2023-07-26 04:10:56,0.0,,ida,12 - PINGO D'AGUA X ALVORADA (EXPRESSO) [IDA],43258.9,
12730,LSO8993,19,-22.966262,-43.644897,2023-07-26 04:10:47,0.0,,ida,19 - PINGO D'AGUA X SALVADOR ALLENDE (EXPRESSO) [IDA],9221.1,
86872,LSH7386,20,-22.919649,-43.607663,2023-07-26 04:10:49,0.0,,ida,20 - SANTA CRUZ X SALVADOR ALLENDE (EXPRESSO) [IDA],22398.2,
47017,LRS2841,20,-22.917275,-43.636941,2023-07-26 04:10:51,57.3,,ida,20 - SANTA CRUZ X SALVADOR ALLENDE (EXPRESSO) [IDA],47888.3,258.0
86859,KWJ9250,20,-22.919651,-43.607459,2023-07-26 04:10:51,0.0,,ida,20 - SANTA CRUZ X SALVADOR ALLENDE (EXPRESSO) [IDA],18669.2,
30509,KYM4574,13,-22.992845,-43.598078,2023-07-26 04:10:55,0.0,,ida,13 - MATO ALTO X ALVORADA (EXPRESSO) [IDA],53018.1,
12720,KXD9430,20,-22.917859,-43.683228,2023-07-26 04:10:58,0.0,,ida,20 - SANTA CRUZ X SALVADOR ALLENDE (EXPRESSO) [IDA],21733.3,
12712,LSN8501,19,-22.920126,-43.60808,2023-07-26 04:10:52,0.0,,ida,19 - PINGO D'AGUA X SALVADOR ALLENDE (EXPRESSO) [IDA],31093.7,
30521,LRC6594,25,-22.920637,-43.607944,2023-07-26 04:10:54,0.0,,ida,25 - MATO ALTO X ALVORADA (PARADOR) [IDA],34814.7,84.0
12739,LMJ4F12,20,-22.918871,-43.607168,2023-07-26 04:11:02,0.0,,ida,20 - SANTA CRUZ X SALVADOR ALLENDE (EXPRESSO) [IDA],23710.0,
47010,KPZ8363,13,-22.970826,-43.615576,2023-07-26 04:10:53,48.5,,ida,13 - MATO ALTO X ALVORADA (EXPRESSO) [IDA],42567.6,137.0
86884,LSP9604,20,-22.973087,-43.377907,2023-07-26 04:10:57,51.8,,ida,20 - SANTA CRUZ X SALVADOR ALLENDE (EXPRESSO) [IDA],15295.7,273.0
12734,LSP8673,11,-22.920181,-43.607862,2023-07-26 04:10:49,0.0,,ida,11 - SANTA CRUZ X ALVORADA (PARADOR) [IDA],16894.9,
90006,LRH6D12,20,-23.000616,-43.366767,2023-07-26 04:10:53,15.2,,volta,,29671.4,328.0
30531,LRC6592,19,-22.994733,-43.595968,2023-07-26 04:11:03,27.3,,ida,19 - PINGO D'AGUA X SALVADOR ALLENDE (EXPRESSO) [IDA],40563.4,131.0
30524,LRC6601,10,-22.916092,-43.623916,2023-07-26 04:11:01,51.2,,ida,10 - SANTA CRUZ X ALVORADA (EXPRESSO) [IDA],29205.6,263.0
13415,KQK7905,25,-22.993119,-43.597897,2023-07-26 04:10:53,0.0,,ida,25 - MATO ALTO X ALVORADA (PARADOR) [IDA],45109.4,129.0
901002,,22,-23.000661,-43.365928,2023-07-26 04:11:04,0.0,,ida,22 - ALVORADA X J. OCEÂNICO (PARADOR) [IDA],17393.7,
B13,KYM5979,14,-22.948119,-43.653465,2023-07-26 04:11:04,58.3,,ida,14 - SANTA EUGÊNIA X SALVADOR ALLENDE (EXPRESSO) [IDA],1127.6,138.0
B20,LMH6141,14,-22.951816,-43.644472,2023-07-26 04:10:44,38.4,,ida,14 - SANTA EUGÊNIA X SALVADOR ALLENDE (EXPRESSO) [IDA],1133.4,84.0
B14,KRK9519,14,-22.918426,-43.63939,2023-07-26 04:10:57,25.2,,ida,14 - SANTA EUGÊNIA X SALVADOR ALLENDE (EXPRESSO) [IDA],1135.0,232.0
B24,LSO7028,14,-22.961245,-43.648269,2023-07-26 04:09:39,0.0,,ida,14 - SANTA EUGÊNIA X SALVADOR ALLENDE (EXPRESSO) [IDA],1173.2,
B25,,14,-22.96128,-43.648065,2023-07-26 04:10:52,2.7,,ida,14 - SANTA EUGÊNIA X SALVADOR ALLENDE (EXPRESSO) [IDA],1092.8,191.0
B048,,14,-22.951872,-43.644712,2023-07-26 04:10:49,45.2,,ida,14 - SANTA EUGÊNIA X SALVADOR ALLENDE (EXPRESSO) [IDA],1162.6,86.0
B49,,14,-22.961335,-43.648038,2023-07-26 04:10:53,0.0,,ida,14 - SANTA EUGÊNIA X SALVADOR ALLENDE (EXPRESSO) [IDA],1127.8,285.0
B55,,14,-22.940801,-43.636863,2023-07-26 04:10:58,40.5,,ida,14 - SANTA EUGÊNIA X SALVADOR ALLENDE (EXPRESSO) [IDA],1118.7,10.0
B51,,14,-22.916604,-43.631708,2023-07-26 04:11:00,0.0,,ida,14 - SANTA EUGÊNIA X SALVADOR ALLENDE (EXPRESSO) [IDA],1193.6,263.0
902119,,35,-23.000686,-43.367981,2023-07-26 04:10:58,12.9,,volta,35 - ALVORADA  X  MADUREIRA (PARADOR) [VOLTA],7676.7,86.0
901058,,51,-22.875473,-43.405794,2023-07-26 04:11:04,56.3,,ida,51 - SENTIDO RECREIO (PARADOR) [IDA],44167.8,142.0
903027,,50,-22.8763,-43.329511,2023-07-26 04:10:46,0.0,,ida,50 - SENTIDO JD. OCEANICO (PARADOR) [IDA],49595.8,
901066,,22,-22.862169,-43.401036,2023-07-26 04:11:00,0.0,,ida,22 - ALVORADA X J. OCEÂNICO (PARADOR) [IDA],49980.5,230.0
903026,,50,-22.954079,-43.375946,2023-07-26 04:11:03,13.2,,ida,50 - SENTIDO JD. OCEANICO (PARADOR) [IDA],48940.7,214.0
903029,,50,-22.87692,-43.330255,2023-07-26 04:11:02,0.0,,ida,50 - SENTIDO JD. OCEANICO (PARADOR) [IDA],33496.6,
902116,,35,-22.878489,-43.336367,2023-07-26 04:11:02,0.0,,ida,35 - MADUREIRA X ALVORADA (PARADOR) [IDA],11158.1,
902115,,35,-22.9132,-43.360513,2023-07-26 04:10:54,60.4,,ida,35 - MADUREIRA X ALVORADA (PARADOR) [IDA],14846.0,188.0
901061,,51,-22.91809,-43.396653,2023-07-26 04:10:58,56.0,,ida,51 - SENTIDO RECREIO (PARADOR) [IDA],43279.1,167.0
901073,,52,-22.964712,-43.392065,2023-07-26 04:10:59,0.0,,ida,52 - SENTIDO ALVORADA (PARADOR) [IDA],41828.4,
901048,,40,-22.915604,-43.398,2023-07-26 04:10:50,49.2,,ida,40 - PAULO DA PORTELA X ALVORADA (EXPRESSO) [IDA],26317.9,320.0
901065,,52,-22.964781,-43.391893,2023-07-26 04:10:45,0.0,,ida,52 - SENTIDO ALVORADA (PARADOR) [IDA],35376.8,161.0
903032,,42,-22.818731,-43.23723,2023-07-26 04:10:58,56.2,,ida,42 - GALEÃO X MADUREIRA MANANCEIA (PARADOR) [IDA],42686.9,126.0
901075,,0,-22.964542,-43.39209,2023-07-26 04:10:55,0.0,,,,48984.5,
903037,,17,-22.913804,-43.597192,2023-07-26 04:10:47,36.5,,volta,17 - CAMPO GRANDE  X SANTA CRUZ (PARADOR) [VOLTA],20690.2,264.0
903002,,42,-22.839591,-43.239562,2023-07-26 04:10:57,0.0,,ida,,6946.2,
901080,,52,-22.97232,-43.400059,2023-07-26 04:10:29,44.2,,ida,52 - SENTIDO ALVORADA (PARADOR) [IDA],31262.9,344.0
902110,,35,-22.876727,-43.329502,2023-07-26 04:10:59,19.0,,ida,35 - MADUREIRA X ALVORADA (PARADOR) [IDA],8807.3,93.0
903054,,17,-22.919044,-43.607874,2023-07-26 04:11:00,0.0,,ida,17 - SANTA CRUZ X CAMPO GRANDE (PARADOR) [IDA],17655.7,
903021,,38,-22.850636,-43.309269,2023-07-26 04:11:03,41.9,,ida,38 - FUNDÃO X ALVORADA (PARADOR) [IDA],34610.1,58.0
903000,,50,-22.972952,-43.400839,2023-07-26 04:10:49,0.0,,ida,50 - SENTIDO JD. OCEANICO (PARADOR) [IDA],31867.7,
903058,,17,-22.914237,-43.601094,2023-07-26 04:10:54,24.4,,ida,17 - SANTA CRUZ X CAMPO GRANDE (PARADOR) [IDA],9152.2,88.0
901072,,51,-22.934326,-43.395684,2023-07-26 04:10:51,42.0,,volta,51 - SENTIDO V. MILITAR (PARADOR) [VOLTA],38602.6,359.0
903007,,50,-22.970902,-43.400443,2023-07-26 04:10:49,35.6,,ida,50 - SENTIDO JD. OCEANICO (PARADOR) [IDA],41338.0,4.0
903004,,38,-22.839366,-43.295968,2023-07-26 04:10:51,6.7,,ida,38 - FUNDÃO X ALVORADA (PARADOR) [IDA],39174.7,55.0
903022,,50,-22.973323,-43.376488,2023-07-26 04:11:03,0.0,,ida,50 - SENTIDO JD. OCEANICO (PARADOR) [IDA],37716.7,92.0
901059,,51,-22.862155,-43.400624,2023-07-26 04:10:48,0.0,,ida,51 - SENTIDO RECREIO (PARADOR) [IDA],48333.1,304.0
903003,,42,-22.840337,-43.240181,2023-07-26 04:10:57,33.3,,ida,42 - GALEÃO X MADUREIRA MANANCEIA (PARADOR) [IDA],41680.7,316.0
901028,,40,-22.96524,-43.391635,2023-07-26 04:10:50,0.0,,ida,40 - PAULO DA PORTELA X ALVORADA (EXPRESSO) [IDA],23760.6,156.0
903009,,42,-22.839433,-43.239767,2023-07-26 04:10:47,0.1,,ida,42 - GALEÃO X MADUREIRA MANANCEIA (PARADOR) [IDA],47178.2,146.0
903010,,42,-22.877796,-43.336388,2023-07-26 04:10:56,0.0,,volta,42 - MADUREIRA MANANCEIA X GALEAO (PARADOR) [VOLTA],43675.8,29.0
903012,,42,-22.839706,-43.239671,2023-07-26 04:10:53,0.0,,ida,,47933.3,141.0
903015,,42,-22.876921,-43.329979,2023-07-26 04:10:56,0.0,,ida,42 - GALEÃO X MADUREIRA MANANCEIA (PARADOR) [IDA],47847.8,
903017,,50,-23.000242,-43.341047,2023-07-26 04:10:47,1.1,,volta,50 - SENTIDO T. OLIMPICO (PARADOR) [VOLTA],44889.2,272.0
903018,,38,-22.838245,-43.293179,2023-07-26 04:10:53,58.8,,ida,38 - FUNDÃO X ALVORADA (PARADOR) [IDA],11255.9,79.0
903024,,38,-22.973194,-43.385356,2023-07-26 04:10:53,34.4,,ida,38 - FUNDÃO X ALVORADA (PARADOR) [IDA],37995.2,94.0
903025,,50,-22.972111,-43.401146,2023-07-26 04:11:01,0.0,,ida,50 - SENTIDO JD. OCEANICO (PARADOR) [IDA],39443.2,246.0
903013,,42,-22.877271,-43.336238,2023-07-26 04:10:57,0.0,,volta,42 - MADUREIRA MANANCEIA X GALEAO (PARADOR) [VOLTA],44455.8,35.0
903063,,17,-22.920229,-43.608161,2023-07-26 04:10:47,0.0,,ida,17 - SANTA CRUZ X CAMPO GRANDE (PARADOR) [IDA],21497.7,135.0
902117,,31,-22.876381,-43.329874,2023-07-26 04:10:57,0.0,,ida,31 - VICENTE DE CARVALHO X ALVORADA (SEMIDIRETO) [IDA],10234.6,
901044,,46,-22.965267,-43.391604,2023-07-26 04:10:50,0.0,,ida,46 - PENHA X ALVORADA (EXPRESSO) [IDA],29581.5,158.0
903033,,38,-22.876593,-43.329725,2023-07-26 04:10:45,0.0,,ida,38 - FUNDÃO X ALVORADA (PARADOR) [IDA],36550.7,
902020,,46,-23.001271,-43.365023,2023-07-26 04:10:51,0.0,,volta,46 - ALVORADA X PENHA (EXPRESSO) [VOLTA],31611.2,
902022,,46,-22.995316,-43.365791,2023-07-26 04:10:55,49.7,,volta,46 - ALVORADA X PENHA (EXPRESSO) [VOLTA],30754.6,
901093,,22,-22.965711,-43.391138,2023-07-26 04:11:03,0.0,,ida,,27781.9,
902059,,41,-22.854387,-43.251903,2023-07-26 04:10:48,0.0,,volta,41 - TERMINAL RECREIO X PAULO DA PORTELA (EXPRESSO) [VOLTA],35690.6,
902056,,46,-23.000623,-43.366237,2023-07-26 04:11:04,0.0,,volta,46 - ALVORADA X PENHA (EXPRESSO) [VOLTA],34615.2,
901091,,40,-23.008388,-43.439961,2023-07-26 04:09:17,0.0,,ida,40 - PAULO DA PORTELA X ALVORADA (EXPRESSO) [IDA],31095.4,75.0
902028,,46,-23.00064,-43.366261,2023-07-26 04:10:50,0.0,,volta,46 - ALVORADA X PENHA (EXPRESSO) [VOLTA],37574.6,78.0
902046,,41,-22.854369,-43.251818,2023-07-26 04:11:04,0.0,,volta,41 - TERMINAL RECREIO X PAULO DA PORTELA (EXPRESSO) [VOLTA],33363.3,
12715,,10,-23.000358,-43.395267,2023-07-26 04:11:04,59.7,,ida,10 - SANTA CRUZ X ALVORADA (EXPRESSO) [IDA],42345.8,92.0
E902000,,41,-22.854768,-43.252132,2023-07-26 04:10:49,0.0,,volta,41 - TERMINAL RECREIO X PAULO DA PORTELA (EXPRESSO) [VOLTA],10383.6,
901067,,22,-22.860716,-43.397809,2023-07-26 04:10:48,47.9,,ida,22 - ALVORADA X J. OCEÂNICO (PARADOR) [IDA],41744.0,242.0
12713,,11,-22.932389,-43.658773,2023-07-26 04:10:50,0.0,,ida,11 - SANTA CRUZ X ALVORADA (PARADOR) [IDA],35226.3,252.0
902048,,46,-22.950378,-43.373245,2023-07-26 04:11:02,55.5,,ida,46 - PENHA X ALVORADA (EXPRESSO) [IDA],23947.7,203.0
902058,,46,-22.854551,-43.251365,2023-07-26 04:10:54,0.0,,ida,46 - PENHA X ALVORADA (EXPRESSO) [IDA],34574.7,
901068,,51,-22.862071,-43.400378,2023-07-26 04:10:57,0.0,,ida,51 - SENTIDO RECREIO (PARADOR) [IDA],50800.5,238.0
902102,,35,-22.876412,-43.329745,2023-07-26 04:02:22,0.0,,ida,35 - MADUREIRA X ALVORADA (PARADOR) [IDA],12378.2,
902052,,46,-22.973379,-43.376381,2023-07-26 04:10:57,6.2,,ida,46 - PENHA X ALVORADA (EXPRESSO) [IDA],35610.3,90.0
902050,,43,-22.84863,-43.265326,2023-07-26 04:10:56,53.1,,ida,43 - FUNDÃO X SANTA EFIGENIA (EXPRESSO) [IDA],31242.1,323.0
902063,,46,-22.842368,-43.278523,2023-07-26 04:11:00,27.5,,ida,46 - PENHA X ALVORADA (EXPRESSO) [IDA],33238.6,313.0
902051,,46,-22.854459,-43.25161,2023-07-26 04:10:50,0.0,,ida,46 - PENHA X ALVORADA (EXPRESSO) [IDA],32982.699,
902067,,41,-22.854432,-43.252025,2023-07-26 04:10:58,0.0,,volta,41 - TERMINAL RECREIO X PAULO DA PORTELA (EXPRESSO) [VOLTA],34072.7,
901090,,53,-22.965475,-43.391445,2023-07-26 04:10:52,3.6,,ida,53 - SENTIDO ALVORADA (EXPRESSO) [IDA],36783.0,57.0
901079,,40,-22.965141,-43.391811,2023-07-26 04:10:50,0.0,,ida,40 - PAULO DA PORTELA X ALVORADA (EXPRESSO) [IDA],44035.0,
901070,,52,-22.859981,-43.396202,2023-07-26 04:10:53,53.0,,ida,52 - SENTIDO ALVORADA (PARADOR) [IDA],40475.9,242.0
902080,,43,-22.854409,-43.252042,2023-07-26 04:10:45,0.0,,volta,43 - SANTA EFIGENIA X FUNDÃO (EXPRESSO) [VOLTA],34337.1,
902065,,46,-22.854495,-43.251448,2023-07-26 04:11:03,7.9,,ida,46 - PENHA X ALVORADA (EXPRESSO) [IDA],35355.3,89.0
902071,,46,-22.873809,-43.335736,2023-07-26 04:11:01,26.5,,ida,46 - PENHA X ALVORADA (EXPRESSO) [IDA],35917.2,149.0
902064,,43,-22.854183,-43.251931,2023-07-26 04:11:04,0.0,,ida,43 - FUNDÃO X SANTA EFIGENIA (EXPRESSO) [IDA],0.0,
901083,,53,-22.964465,-43.391895,2023-07-26 04:10:46,0.0,,ida,53 - SENTIDO ALVORADA (EXPRESSO) [IDA],49411.4,
902069,,46,-22.850878,-43.309822,2023-07-26 04:10:44,25.4,,ida,46 - PENHA X ALVORADA (EXPRESSO) [IDA],32573.2,246.0
903068,,17,-22.918822,-43.682452,2023-07-26 04:09:50,0.0,,ida,17 - SANTA CRUZ X CAMPO GRANDE (PARADOR) [IDA],20718.3,334.0
902082,,35,-22.876853,-43.329981,2023-07-26 04:11:01,0.0,,ida,35 - MADUREIRA X ALVORADA (PARADOR) [IDA],10858.4,
903062,,17,-22.919015,-43.607735,2023-07-26 04:10:57,0.0,,ida,17 - SANTA CRUZ X CAMPO GRANDE (PARADOR) [IDA],20171.8,44.0
902089,,35,-22.876515,-43.329905,2023-07-26 04:10:57,0.0,,ida,35 - MADUREIRA X ALVORADA (PARADOR) [IDA],9751.9,
902055,,46,-22.854357,-43.252214,2023-07-26 04:10:49,0.0,,ida,46 - PENHA X ALVORADA (EXPRESSO) [IDA],11.0,
903044,,42,-22.849632,-43.307766,2023-07-26 04:10:48,0.0,,volta,42 - MADUREIRA MANANCEIA X GALEAO (PARADOR) [VOLTA],29187.7,46.0
903036,,17,-22.920124,-43.607538,2023-07-26 04:11:04,0.0,,ida,17 - SANTA CRUZ X CAMPO GRANDE (PARADOR) [IDA],156819.6,260.0
903039,,17,-22.91907,-43.607713,2023-07-26 04:10:51,0.0,,ida,17 - SANTA CRUZ X CAMPO GRANDE (PARADOR) [IDA],18350.1,
903040,,17,-22.918314,-43.682991,2023-07-26 04:10:57,0.0,,ida,17 - SANTA CRUZ X CAMPO GRANDE (PARADOR) [IDA],18446.5,323.0
903049,,17,-22.915548,-43.627315,2023-07-26 04:10:51,46.7,,ida,17 - SANTA CRUZ X CAMPO GRANDE (PARADOR) [IDA],23300.6,274.0
903038,,17,-22.927651,-43.677476,2023-07-26 04:08:57,0.0,,ida,17 - SANTA CRUZ X CAMPO GRANDE (PARADOR) [IDA],26520.9,129.0
903053,,17,-22.918707,-43.68253,2023-07-26 04:02:42,1.2,,ida,17 - SANTA CRUZ X CAMPO GRANDE (PARADOR) [IDA],21442.2,332.0
12732,,18,-22.918921,-43.607203,2023-07-26 04:10:57,0.0,,ida,18 - RECREIO SHOPPING X JARDIM OCEÂNICO (EXPRESSO) [IDA],25670.8,
902096,,35,-22.878322,-43.336319,2023-07-26 04:10:54,0.0,,ida,35 - MADUREIRA X ALVORADA (PARADOR) [IDA],14201.0,
903066,,17,-22.90197,-43.55487,2023-07-26 03:47:03,0.0,,volta,17 - CAMPO GRANDE  X SANTA CRUZ (PARADOR) [VOLTA],24858.0,64.0
902091,,35,-22.876432,-43.330307,2023-07-26 04:11:02,0.0,,ida,35 - MADUREIRA X ALVORADA (PARADOR) [IDA],14036.0,
901099,,51,-22.986921,-43.414364,2023-07-26 04:10:59,59.2,,volta,51 - SENTIDO V. MILITAR (PARADOR) [VOLTA],29456.8,35.0
903061,,17,-22.920167,-43.608052,2023-07-26 04:10:55,0.0,,ida,17 - SANTA CRUZ X CAMPO GRANDE (PARADOR) [IDA],21481.3,
44706,LRG8855,12,-23.014865,-43.469102,2023-07-26 04:10:55,46.0,,volta,12 - ALVORADA X PINGO D'AGUA (EXPRESSO) [VOLTA],21846.6,254.0
901009,,52,-23.000735,-43.368026,2023-07-26 04:13:30,17.4,,volta,52 - SENTIDO V. MILITAR (PARADOR) [VOLTA],20863.5,81.0
901004,RJQ8J80,53,-23.000635,-43.365449,2023-07-26 04:13:14,0.0,,volta,53 - SENTIDO SULACAP (EXPRESSO) [VOLTA],21425.9,
30504,,25,-23.001028,-43.365884,2023-07-26 04:13:13,8.9,,volta,25 - ALVORADA X MATO ALTO (PARADOR) [VOLTA],53624.7,267.0
47031,KYW5240,25,-22.993528,-43.597683,2023-07-26 04:13:07,10.7,,ida,25 - MATO ALTO X ALVORADA (PARADOR) [IDA],50882.6,186.0
30538,KXE7719,20,-22.968182,-43.638078,2023-07-26 04:13:29,58.4,,ida,20 - SANTA CRUZ X SALVADOR ALLENDE (EXPRESSO) [IDA],55851.4,107.0
50309,KPN6B05,13,-22.992962,-43.598091,2023-07-26 04:13:30,0.0,,ida,13 - MATO ALTO X ALVORADA (EXPRESSO) [IDA],20066.9,
30532,KYL8599,12,-22.926345,-43.650695,2023-07-26 04:13:19,43.5,,ida,12 - PINGO D'AGUA X ALVORADA (EXPRESSO) [IDA],41739.6,242.0
13403,LTF5447,10,-22.925382,-43.649915,2023-07-26 04:13:15,25.0,,ida,10 - SANTA CRUZ X ALVORADA (EXPRESSO) [IDA],53239.4,199.0
90002,LMB2D92,11,-22.919532,-43.607866,2023-07-26 03:17:48,0.0,,ida,11 - SANTA CRUZ X ALVORADA (PARADOR) [IDA],55833.0,
47030,LSQ5263,20,-22.918058,-43.683068,2023-07-26 04:13:29,0.0,,ida,20 - SANTA CRUZ X SALVADOR ALLENDE (EXPRESSO) [IDA],53763.3,342.0
30519,LRE9804,11,-22.920074,-43.608092,2023-07-26 04:13:21,0.0,,ida,11 - SANTA CRUZ X ALVORADA (PARADOR) [IDA],51494.8,
90005,KWK6A89,10,-23.000659,-43.417087,2023-07-26 04:13:14,33.9,,ida,10 - SANTA CRUZ X ALVORADA (EXPRESSO) [IDA],49801.4,256.0
30518,KYL8597,25,-23.020848,-43.499229,2023-07-26 04:13:13,30.6,,ida,25 - MATO ALTO X ALVORADA (PARADOR) [IDA],37095.6,99.0
902090,,35,-22.973357,-43.371134,2023-07-26 04:13:29,7.8,,volta,35 - ALVORADA  X  MADUREIRA (PARADOR) [VOLTA],15059.4,271.0
86885,LTB5540,14,-22.919014,-43.607023,2023-07-26 04:13:20,0.0,,ida,14 - SANTA EUGÊNIA X SALVADOR ALLENDE (EXPRESSO) [IDA],514714.4,
12738,KRR2404,25,-22.999848,-43.411367,2023-07-26 04:13:23,0.0,,ida,25 - MATO ALTO X ALVORADA (PARADOR) [IDA],37372.2,264.0
47006,KWZ8630,20,-22.919625,-43.607115,2023-07-26 04:13:30,14.7,,ida,20 - SANTA CRUZ X SALVADOR ALLENDE (EXPRESSO) [IDA],50857.6,47.0
47007,LSP6018,18,-22.920584,-43.607693,2023-07-26 04:13:21,0.0,,ida,18 - RECREIO SHOPPING X JARDIM OCEÂNICO (EXPRESSO) [IDA],42179.7,
13413,KWI9711,12,-22.915865,-43.608125,2023-07-26 04:13:31,12.2,,ida,12 - PINGO D'AGUA X ALVORADA (EXPRESSO) [IDA],43494.4,247.0
90001,KPZ5E15,13,-22.927511,-43.677559,2023-07-26 04:13:25,32.9,,ida,13 - MATO ALTO X ALVORADA (EXPRESSO) [IDA],44123.4,313.0
901003,RKM8C54,43,-23.000709,-43.364621,2023-07-26 03:29:29,0.0,,ida,43 - FUNDÃO X SANTA EFIGENIA (EXPRESSO) [IDA],22819.5,89.0
86874,KQB4102,20,-22.920683,-43.608151,2023-07-26 04:13:14,0.0,,ida,20 - SANTA CRUZ X SALVADOR ALLENDE (EXPRESSO) [IDA],512858.0,
86879,LTN5696,18,-22.919635,-43.607651,2023-07-26 04:13:27,0.0,,ida,18 - RECREIO SHOPPING X JARDIM OCEÂNICO (EXPRESSO) [IDA],1794.6,
30537,KXE7720,12,-22.920749,-43.6079,2023-07-26 04:13:21,0.0,,ida,12 - PINGO D'AGUA X ALVORADA (EXPRESSO) [IDA],51504.4,
50301,KPP5B70,25,-23.00084,-43.36764,2023-07-26 04:13:24,0.0,,volta,25 - ALVORADA X MATO ALTO (PARADOR) [VOLTA],3941.1,
44713,KPZ3559,20,-22.920283,-43.607889,2023-07-26 04:13:14,0.0,,ida,20 - SANTA CRUZ X SALVADOR ALLENDE (EXPRESSO) [IDA],29573.1,
13401,KQO7822,20,-22.966223,-43.645144,2023-07-26 04:13:14,0.0,,ida,20 - SANTA CRUZ X SALVADOR ALLENDE (EXPRESSO) [IDA],53624.5,109.0
27174,KQP5437,20,-22.919674,-43.607454,2023-07-26 04:13:19,0.0,,ida,20 - SANTA CRUZ X SALVADOR ALLENDE (EXPRESSO) [IDA],18855.0,
47026,KYA7928,10,-22.920616,-43.608087,2023-07-26 04:13:31,0.0,,ida,10 - SANTA CRUZ X ALVORADA (EXPRESSO) [IDA],32900.199,
86889,KRQ6878,10,-23.000893,-43.367123,2023-07-26 04:13:17,0.0,,volta,10 - ALVORADA X SANTA CRUZ (EXPRESSO) [VOLTA],514962.4,
12724,LMJ1118,20,-22.997135,-43.592815,2023-07-26 04:13:15,59.0,,ida,20 - SANTA CRUZ X SALVADOR ALLENDE (EXPRESSO) [IDA],9633.6,118.0
27209,LSL9B07,18,-22.915528,-43.616469,2023-07-26 04:13:12,21.2,,ida,18 - RECREIO SHOPPING X JARDIM OCEÂNICO (EXPRESSO) [IDA],10057.8,284.0
27176,LRK9563,18,-22.916545,-43.607002,2023-07-26 04:13:29,0.0,,ida,18 - RECREIO SHOPPING X JARDIM OCEÂNICO (EXPRESSO) [IDA],13482.3,356.0
30511,KPV2250,13,-23.018881,-43.48387,2023-07-26 04:13:25,24.5,,ida,13 - MATO ALTO X ALVORADA (EXPRESSO) [IDA],49421.5,74.0
13427,KXE7711,0,-22.916197,-43.623177,2023-07-26 04:13:14,59.2,,,,51853.3,99.0
12725,LMJ1327,25,-23.000738,-43.367731,2023-07-26 04:13:30,0.0,,volta,25 - ALVORADA X MATO ALTO (PARADOR) [VOLTA],39235.4,
13404,KQO7823,20,-22.91781,-43.683217,2023-07-26 04:13:12,0.0,,ida,20 - SANTA CRUZ X SALVADOR ALLENDE (EXPRESSO) [IDA],56076.7,325.0
47022,KRM7701,10,-23.019441,-43.486082,2023-07-26 04:13:24,41.7,,ida,10 - SANTA CRUZ X ALVORADA (EXPRESSO) [IDA],12918.8,81.0
12736,LMJ4504,20,-22.919825,-43.608344,2023-07-26 04:13:18,0.0,,ida,20 - SANTA CRUZ X SALVADOR ALLENDE (EXPRESSO) [IDA],15483.9,18.0
13422,LSI5978,20,-22.91846,-43.682718,2023-07-26 04:13:31,0.0,,ida,20 - SANTA CRUZ X SALVADOR ALLENDE (EXPRESSO) [IDA],40371.9,
13402,LTL5480,12,-22.920251,-43.607783,2023-07-26 04:13:16,0.0,,ida,12 - PINGO D'AGUA X ALVORADA (EXPRESSO) [IDA],43258.9,
12730,LSO8993,19,-22.966262,-43.644897,2023-07-26 04:13:27,0.0,,ida,19 - PINGO D'AGUA X SALVADOR ALLENDE (EXPRESSO) [IDA],9221.1,
86872,LSH7386,20,-22.919598,-43.607631,2023-07-26 04:13:30,0.0,,ida,20 - SANTA CRUZ X SALVADOR ALLENDE (EXPRESSO) [IDA],22398.2,
47017,LRS2841,20,-22.927977,-43.653324,2023-07-26 04:13:11,42.7,,ida,20 - SANTA CRUZ X SALVADOR ALLENDE (EXPRESSO) [IDA],47890.4,220.0
86859,KWJ9250,20,-22.919651,-43.607459,2023-07-26 04:13:31,0.0,,ida,20 - SANTA CRUZ X SALVADOR ALLENDE (EXPRESSO) [IDA],18669.2,
30509,KYM4574,13,-22.992854,-43.598086,2023-07-26 04:13:15,0.0,,ida,13 - MATO ALTO X ALVORADA (EXPRESSO) [IDA],53018.1,136.0
12720,KXD9430,20,-22.917016,-43.683502,2023-07-26 04:13:18,0.0,,ida,20 - SANTA CRUZ X SALVADOR ALLENDE (EXPRESSO) [IDA],21733.4,
12712,LSN8501,19,-22.920184,-43.608036,2023-07-26 04:13:11,0.0,,ida,19 - PINGO D'AGUA X SALVADOR ALLENDE (EXPRESSO) [IDA],31093.7,
30521,LRC6594,25,-22.920648,-43.607928,2023-07-26 04:13:14,0.0,,ida,25 - MATO ALTO X ALVORADA (PARADOR) [IDA],34814.7,
12739,LMJ4F12,20,-22.91887,-43.607164,2023-07-26 04:13:22,0.0,,ida,20 - SANTA CRUZ X SALVADOR ALLENDE (EXPRESSO) [IDA],23710.0,
47010,KPZ8363,13,-22.986959,-43.605396,2023-07-26 04:13:13,53.8,,ida,13 - MATO ALTO X ALVORADA (EXPRESSO) [IDA],42569.7,134.0
86884,LSP9604,20,-22.967892,-43.390528,2023-07-26 04:13:16,39.5,,ida,20 - SANTA CRUZ X SALVADOR ALLENDE (EXPRESSO) [IDA],15297.3,11.0
12734,LSP8673,11,-22.920181,-43.607862,2023-07-26 04:13:28,0.0,,ida,11 - SANTA CRUZ X ALVORADA (PARADOR) [IDA],16894.9,
90006,LRH6D12,20,-23.00028,-43.38153,2023-07-26 04:13:14,48.1,,volta,,29672.9,269.0
30531,LRC6592,19,-23.001241,-43.575848,2023-07-26 04:13:23,59.7,,ida,19 - PINGO D'AGUA X SALVADOR ALLENDE (EXPRESSO) [IDA],40565.6,105.0
30524,LRC6601,10,-22.916935,-43.634516,2023-07-26 04:13:21,47.2,,ida,10 - SANTA CRUZ X ALVORADA (EXPRESSO) [IDA],29206.7,274.0
13415,KQK7905,25,-22.993092,-43.597882,2023-07-26 04:13:13,0.0,,ida,25 - MATO ALTO X ALVORADA (PARADOR) [IDA],45109.4,129.0
901002,,22,-23.000706,-43.365941,2023-07-26 04:13:24,0.0,,ida,22 - ALVORADA X J. OCEÂNICO (PARADOR) [IDA],17393.7,
B13,KYM5979,14,-22.959985,-43.649973,2023-07-26 04:13:24,68.3,,ida,14 - SANTA EUGÊNIA X SALVADOR ALLENDE (EXPRESSO) [IDA],1129.1,163.0
B20,LMH6141,14,-22.936115,-43.636292,2023-07-26 04:13:23,47.1,,ida,14 - SANTA EUGÊNIA X SALVADOR ALLENDE (EXPRESSO) [IDA],1135.5,7.0
B14,KRK9519,14,-22.926505,-43.651105,2023-07-26 04:13:18,39.8,,ida,14 - SANTA EUGÊNIA X SALVADOR ALLENDE (EXPRESSO) [IDA],1136.5,254.0
B24,LSO7028,14,-22.96121,-43.648285,2023-07-26 04:13:19,0.0,,ida,14 - SANTA EUGÊNIA X SALVADOR ALLENDE (EXPRESSO) [IDA],1173.2,
B25,,14,-22.961795,-43.648572,2023-07-26 04:13:12,0.2,,ida,14 - SANTA EUGÊNIA X SALVADOR ALLENDE (EXPRESSO) [IDA],1092.9,234.0
901001,RJD7J89,22,-23.000634,-43.364907,2023-07-26 03:57:54,0.0,,ida,22 - ALVORADA X J. OCEÂNICO (PARADOR) [IDA],17329.4,
B048,,14,-22.935922,-43.636269,2023-07-26 04:13:29,43.8,,ida,14 - SANTA EUGÊNIA X SALVADOR ALLENDE (EXPRESSO) [IDA],1164.7,6.0
B49,,14,-22.961763,-43.648742,2023-07-26 04:13:13,17.5,,ida,14 - SANTA EUGÊNIA X SALVADOR ALLENDE (EXPRESSO) [IDA],1127.9,323.0
B55,,14,-22.927665,-43.635339,2023-07-26 04:13:18,17.5,,ida,14 - SANTA EUGÊNIA X SALVADOR ALLENDE (EXPRESSO) [IDA],1120.1,5.0
B53,,14,-22.961334,-43.648122,2023-07-26 04:13:28,0.0,,ida,14 - SANTA EUGÊNIA X SALVADOR ALLENDE (EXPRESSO) [IDA],1189.1,
B51,,14,-22.916591,-43.631744,2023-07-26 04:13:20,0.0,,ida,14 - SANTA EUGÊNIA X SALVADOR ALLENDE (EXPRESSO) [IDA],1193.6,263.0
902119,,35,-23.000717,-43.365201,2023-07-26 04:13:29,0.0,,volta,35 - ALVORADA  X  MADUREIRA (PARADOR) [VOLTA],7677.0,
901058,,51,-22.886371,-43.400821,2023-07-26 04:13:25,0.1,,ida,51 - SENTIDO RECREIO (PARADOR) [IDA],44169.3,184.0
903027,,50,-22.877125,-43.329224,2023-07-26 04:13:27,20.2,,ida,50 - SENTIDO JD. OCEANICO (PARADOR) [IDA],49595.9,177.0
901066,,22,-22.862149,-43.401006,2023-07-26 04:13:21,0.0,,ida,22 - ALVORADA X J. OCEÂNICO (PARADOR) [IDA],49980.5,
903026,,50,-22.960529,-43.391145,2023-07-26 04:13:23,20.2,,ida,50 - SENTIDO JD. OCEANICO (PARADOR) [IDA],48942.4,252.0
903029,,50,-22.87692,-43.330255,2023-07-26 04:13:21,0.0,,ida,50 - SENTIDO JD. OCEANICO (PARADOR) [IDA],33496.6,
902116,,35,-22.878307,-43.336332,2023-07-26 04:13:22,0.0,,ida,35 - MADUREIRA X ALVORADA (PARADOR) [IDA],11158.1,
902115,,35,-22.9198,-43.367638,2023-07-26 04:13:14,18.4,,ida,35 - MADUREIRA X ALVORADA (PARADOR) [IDA],14847.1,243.0
901061,,51,-22.93244,-43.395407,2023-07-26 04:13:18,55.9,,ida,51 - SENTIDO RECREIO (PARADOR) [IDA],43280.8,191.0
903030,,50,-22.87691,-43.330572,2023-07-26 04:13:14,0.0,,ida,50 - SENTIDO JD. OCEANICO (PARADOR) [IDA],40951.9,
901073,,52,-22.965281,-43.391504,2023-07-26 04:13:19,9.1,,ida,52 - SENTIDO ALVORADA (PARADOR) [IDA],41828.4,159.0
901048,,40,-22.895686,-43.399275,2023-07-26 04:13:31,37.1,,ida,40 - PAULO DA PORTELA X ALVORADA (EXPRESSO) [IDA],26320.3,336.0
901065,,52,-22.964739,-43.391913,2023-07-26 04:13:26,0.0,,ida,52 - SENTIDO ALVORADA (PARADOR) [IDA],35376.8,161.0
903032,,42,-22.834327,-43.239,2023-07-26 04:13:17,58.8,,ida,42 - GALEÃO X MADUREIRA MANANCEIA (PARADOR) [IDA],42689.2,223.0
901075,,0,-22.964542,-43.39209,2023-07-26 04:13:15,0.0,,,,48984.5,
903037,,17,-22.91513,-43.605901,2023-07-26 04:13:28,0.0,,volta,17 - CAMPO GRANDE  X SANTA CRUZ (PARADOR) [VOLTA],20691.1,228.0
903002,,42,-22.839917,-43.239355,2023-07-26 04:13:17,0.0,,ida,,6946.2,143.0
901080,,52,-22.956966,-43.393398,2023-07-26 04:13:31,52.6,,ida,52 - SENTIDO ALVORADA (PARADOR) [IDA],31265.0,5.0
902110,,35,-22.876184,-43.335194,2023-07-26 04:13:28,26.8,,ida,35 - MADUREIRA X ALVORADA (PARADOR) [IDA],8808.4,208.0
903054,,17,-22.919067,-43.607854,2023-07-26 04:13:20,0.0,,ida,17 - SANTA CRUZ X CAMPO GRANDE (PARADOR) [IDA],17655.7,
903021,,38,-22.840217,-43.29698,2023-07-26 04:13:23,48.0,,ida,38 - FUNDÃO X ALVORADA (PARADOR) [IDA],34611.8,47.0
903000,,50,-22.972321,-43.400996,2023-07-26 04:13:22,0.0,,ida,50 - SENTIDO JD. OCEANICO (PARADOR) [IDA],31867.7,
903058,,17,-22.910476,-43.583223,2023-07-26 04:13:14,45.9,,ida,17 - SANTA CRUZ X CAMPO GRANDE (PARADOR) [IDA],9154.1,63.0
901072,,51,-22.917277,-43.396829,2023-07-26 04:13:11,56.2,,volta,51 - SENTIDO V. MILITAR (PARADOR) [VOLTA],38604.6,339.0
903008,,42,-22.875991,-43.329264,2023-07-26 03:14:08,0.0,,ida,42 - GALEÃO X MADUREIRA MANANCEIA (PARADOR) [IDA],48275.9,
903007,,50,-22.966069,-43.396485,2023-07-26 04:13:29,18.0,,ida,50 - SENTIDO JD. OCEANICO (PARADOR) [IDA],41339.4,221.0
903004,,38,-22.840715,-43.280811,2023-07-26 04:13:30,36.7,,ida,38 - FUNDÃO X ALVORADA (PARADOR) [IDA],39176.4,124.0
903022,,50,-22.973361,-43.366544,2023-07-26 04:13:23,21.9,,ida,50 - SENTIDO JD. OCEANICO (PARADOR) [IDA],37717.7,90.0
901059,,51,-22.861917,-43.400654,2023-07-26 04:13:21,0.0,,ida,51 - SENTIDO RECREIO (PARADOR) [IDA],48333.1,304.0
903003,,42,-22.822707,-43.231551,2023-07-26 04:13:26,61.9,,ida,42 - GALEÃO X MADUREIRA MANANCEIA (PARADOR) [IDA],41683.1,329.0
901021,,40,-23.000968,-43.366083,2023-07-26 03:15:18,0.0,,volta,40 - ALVORADA X PAULO DA PORTELA (EXPRESSO) [VOLTA],17610.9,
901025,,46,-23.008394,-43.440829,2023-07-26 03:59:43,0.0,,ida,46 - PENHA X ALVORADA (EXPRESSO) [IDA],40690.8,254.0
901028,,40,-22.965265,-43.391686,2023-07-26 04:13:30,0.0,,ida,40 - PAULO DA PORTELA X ALVORADA (EXPRESSO) [IDA],23760.6,156.0
901032,,52,-22.964596,-43.392081,2023-07-26 04:13:19,0.0,,ida,52 - SENTIDO ALVORADA (PARADOR) [IDA],25282.8,
903009,,42,-22.839447,-43.239744,2023-07-26 04:13:27,0.0,,ida,42 - GALEÃO X MADUREIRA MANANCEIA (PARADOR) [IDA],47178.2,146.0
903010,,42,-22.877796,-43.336388,2023-07-26 04:13:16,0.0,,volta,42 - MADUREIRA MANANCEIA X GALEAO (PARADOR) [VOLTA],43675.8,29.0
903012,,42,-22.839832,-43.239483,2023-07-26 04:13:13,0.0,,ida,,47933.3,146.0
903015,,42,-22.876875,-43.329975,2023-07-26 04:13:16,0.0,,ida,42 - GALEÃO X MADUREIRA MANANCEIA (PARADOR) [IDA],47847.8,
903017,,50,-23.000068,-43.35208,2023-07-26 04:13:26,34.3,,volta,50 - SENTIDO T. OLIMPICO (PARADOR) [VOLTA],44890.3,264.0
903018,,38,-22.841988,-43.273811,2023-07-26 04:13:32,55.3,,ida,38 - FUNDÃO X ALVORADA (PARADOR) [IDA],11258.1,109.0
903020,,50,-23.00661,-43.313085,2023-07-26 04:13:30,10.2,,volta,50 - SENTIDO T. OLIMPICO (PARADOR) [VOLTA],43825.3,281.0
903024,,38,-22.973369,-43.366934,2023-07-26 04:13:13,0.0,,ida,38 - FUNDÃO X ALVORADA (PARADOR) [IDA],37997.0,92.0
903025,,50,-22.972082,-43.401154,2023-07-26 04:13:21,0.0,,ida,50 - SENTIDO JD. OCEANICO (PARADOR) [IDA],39443.2,246.0
903013,,42,-22.877404,-43.336273,2023-07-26 04:13:17,0.0,,volta,42 - MADUREIRA MANANCEIA X GALEAO (PARADOR) [VOLTA],44455.8,35.0
903014,,38,-22.876642,-43.32983,2023-07-26 02:14:47,0.0,,ida,38 - FUNDÃO X ALVORADA (PARADOR) [IDA],51723.2,
903063,,17,-22.920221,-43.608162,2023-07-26 04:13:28,0.0,,ida,17 - SANTA CRUZ X CAMPO GRANDE (PARADOR) [IDA],21497.7,135.0
901000,,22,-23.000879,-43.364847,2023-07-26 04:13:15,0.0,,ida,22 - ALVORADA X J. OCEÂNICO (PARADOR) [IDA],30190.0,
902117,,31,-22.876381,-43.329874,2023-07-26 04:13:17,0.0,,ida,31 - VICENTE DE CARVALHO X ALVORADA (SEMIDIRETO) [IDA],10234.6,
901044,,46,-22.965264,-43.39158,2023-07-26 04:13:30,0.0,,ida,46 - PENHA X ALVORADA (EXPRESSO) [IDA],29581.5,158.0
903033,,38,-22.876588,-43.329809,2023-07-26 04:13:25,0.0,,ida,38 - FUNDÃO X ALVORADA (PARADOR) [IDA],36550.7,
902020,,46,-23.001271,-43.365023,2023-07-26 04:13:31,0.0,,volta,46 - ALVORADA X PENHA (EXPRESSO) [VOLTA],31611.2,
902022,,46,-22.973463,-43.363922,2023-07-26 04:13:28,47.3,,volta,46 - ALVORADA X PENHA (EXPRESSO) [VOLTA],30757.1,308.0
901093,,22,-22.965711,-43.391138,2023-07-26 04:13:23,0.0,,ida,,27781.9,
902059,,41,-22.854526,-43.251312,2023-07-26 04:13:29,0.0,,volta,41 - TERMINAL RECREIO X PAULO DA PORTELA (EXPRESSO) [VOLTA],35690.6,
902056,,46,-23.000624,-43.366051,2023-07-26 04:13:23,0.0,,volta,46 - ALVORADA X PENHA (EXPRESSO) [VOLTA],34615.2,
901091,,40,-23.008411,-43.439926,2023-07-26 04:13:21,0.0,,ida,40 - PAULO DA PORTELA X ALVORADA (EXPRESSO) [IDA],31095.4,
902032,,46,-22.841452,-43.277102,2023-07-26 03:58:16,0.0,,ida,46 - PENHA X ALVORADA (EXPRESSO) [IDA],36266.5,
902028,,46,-23.001049,-43.367091,2023-07-26 04:13:30,20.4,,volta,46 - ALVORADA X PENHA (EXPRESSO) [VOLTA],37575.1,273.0
902018,,40,-22.965201,-43.39206,2023-07-26 04:13:20,0.0,,ida,40 - PAULO DA PORTELA X ALVORADA (EXPRESSO) [IDA],23625.7,
902046,,41,-22.854369,-43.251818,2023-07-26 04:13:24,0.0,,volta,41 - TERMINAL RECREIO X PAULO DA PORTELA (EXPRESSO) [VOLTA],33363.3,
12715,,10,-23.000424,-43.379387,2023-07-26 04:13:24,41.7,,ida,10 - SANTA CRUZ X ALVORADA (EXPRESSO) [IDA],42347.4,88.0
901067,,22,-22.86197,-43.40021,2023-07-26 04:13:28,0.0,,ida,22 - ALVORADA X J. OCEÂNICO (PARADOR) [IDA],41744.3,231.0
E902004,,41,-22.854871,-43.252209,2023-07-26 03:50:08,0.0,,volta,41 - TERMINAL RECREIO X PAULO DA PORTELA (EXPRESSO) [VOLTA],13269.1,
12713,,11,-22.935851,-43.667043,2023-07-26 04:13:13,22.8,,ida,11 - SANTA CRUZ X ALVORADA (PARADOR) [IDA],35227.3,201.0
902048,,46,-22.959884,-43.389012,2023-07-26 04:13:22,50.1,,ida,46 - PENHA X ALVORADA (EXPRESSO) [IDA],23949.7,255.0
902058,,46,-22.854551,-43.251365,2023-07-26 04:13:14,0.0,,ida,46 - PENHA X ALVORADA (EXPRESSO) [IDA],34574.7,
901068,,51,-22.862023,-43.400386,2023-07-26 04:13:17,0.0,,ida,51 - SENTIDO RECREIO (PARADOR) [IDA],50800.5,
902102,,35,-22.876412,-43.329745,2023-07-26 04:13:21,0.0,,ida,35 - MADUREIRA X ALVORADA (PARADOR) [IDA],12378.2,
901082,,40,-22.965486,-43.39174,2023-07-26 03:40:39,0.0,,ida,40 - PAULO DA PORTELA X ALVORADA (EXPRESSO) [IDA],47060.1,341.0
902052,,46,-22.973395,-43.366458,2023-07-26 04:13:16,11.9,,ida,46 - PENHA X ALVORADA (EXPRESSO) [IDA],35611.4,91.0
902050,,43,-22.841257,-43.276549,2023-07-26 04:13:16,0.0,,ida,43 - FUNDÃO X SANTA EFIGENIA (EXPRESSO) [IDA],31243.6,242.0
902016,,46,-22.964771,-43.392213,2023-07-26 04:13:19,0.0,,ida,46 - PENHA X ALVORADA (EXPRESSO) [IDA],18680.8,
902063,,46,-22.837956,-43.291847,2023-07-26 04:13:26,50.2,,ida,46 - PENHA X ALVORADA (EXPRESSO) [IDA],33240.1,258.0
902051,,46,-22.854492,-43.251539,2023-07-26 04:13:30,0.0,,ida,46 - PENHA X ALVORADA (EXPRESSO) [IDA],32982.699,115.0
902067,,41,-22.854432,-43.252025,2023-07-26 04:13:18,0.0,,volta,41 - TERMINAL RECREIO X PAULO DA PORTELA (EXPRESSO) [VOLTA],34072.7,
901055,,51,-22.964776,-43.392116,2023-07-26 04:13:11,0.0,,volta,51 - SENTIDO V. MILITAR (PARADOR) [VOLTA],46637.0,
901076,,52,-22.964437,-43.391898,2023-07-26 04:13:25,0.0,,ida,52 - SENTIDO ALVORADA (PARADOR) [IDA],31253.7,
901079,,40,-22.965023,-43.391776,2023-07-26 04:13:29,0.0,,ida,40 - PAULO DA PORTELA X ALVORADA (EXPRESSO) [IDA],44035.0,155.0
901070,,52,-22.861438,-43.399314,2023-07-26 04:13:13,0.0,,ida,52 - SENTIDO ALVORADA (PARADOR) [IDA],40476.3,241.0
902080,,43,-22.85452,-43.251582,2023-07-26 04:13:26,0.0,,volta,43 - SANTA EFIGENIA X FUNDÃO (EXPRESSO) [VOLTA],34337.1,
901081,,0,-22.965682,-43.391423,2023-07-26 04:13:18,0.0,,,,41787.1,
902065,,46,-22.854492,-43.25099,2023-07-26 04:13:23,0.0,,ida,46 - PENHA X ALVORADA (EXPRESSO) [IDA],35355.4,
901074,,22,-22.96473,-43.39183,2023-07-26 03:56:30,0.0,,ida,22 - ALVORADA X J. OCEÂNICO (PARADOR) [IDA],39492.5,
902030,,31,-22.876352,-43.329773,2023-07-26 04:00:55,0.0,,ida,31 - VICENTE DE CARVALHO X ALVORADA (SEMIDIRETO) [IDA],11287.3,
902071,,46,-22.882361,-43.341955,2023-07-26 04:13:21,7.2,,ida,46 - PENHA X ALVORADA (EXPRESSO) [IDA],35918.7,185.0
902064,,43,-22.854183,-43.251931,2023-07-26 04:13:24,0.0,,ida,43 - FUNDÃO X SANTA EFIGENIA (EXPRESSO) [IDA],0.0,
901083,,53,-22.964511,-43.392044,2023-07-26 04:13:25,0.0,,ida,53 - SENTIDO ALVORADA (EXPRESSO) [IDA],49411.4,
902069,,46,-22.856508,-43.328619,2023-07-26 04:13:25,51.6,,ida,46 - PENHA X ALVORADA (EXPRESSO) [IDA],32575.4,257.0
902082,,35,-22.876853,-43.329981,2023-07-26 04:13:21,0.0,,ida,35 - MADUREIRA X ALVORADA (PARADOR) [IDA],10858.4,
903062,,17,-22.919015,-43.607735,2023-07-26 04:13:18,0.0,,ida,17 - SANTA CRUZ X CAMPO GRANDE (PARADOR) [IDA],20171.8,44.0
902089,,35,-22.879101,-43.331702,2023-07-26 04:13:24,25.9,,ida,35 - MADUREIRA X ALVORADA (PARADOR) [IDA],9752.4,273.0
902055,,46,-22.854357,-43.252214,2023-07-26 04:13:29,0.0,,ida,46 - PENHA X ALVORADA (EXPRESSO) [IDA],11.0,
903044,,42,-22.841448,-43.298406,2023-07-26 04:13:30,9.3,,volta,42 - MADUREIRA MANANCEIA X GALEAO (PARADOR) [VOLTA],29189.0,81.0
903036,,17,-22.92013,-43.607581,2023-07-26 04:13:23,0.0,,ida,17 - SANTA CRUZ X CAMPO GRANDE (PARADOR) [IDA],156819.6,260.0
903039,,17,-22.919039,-43.607729,2023-07-26 04:13:11,0.0,,ida,17 - SANTA CRUZ X CAMPO GRANDE (PARADOR) [IDA],18350.1,
903040,,17,-22.916015,-43.684185,2023-07-26 04:13:24,19.7,,ida,17 - SANTA CRUZ X CAMPO GRANDE (PARADOR) [IDA],18446.8,244.0
903048,,42,-22.876126,-43.32948,2023-07-26 03:13:06,0.0,,ida,42 - GALEÃO X MADUREIRA MANANCEIA (PARADOR) [IDA],23999.5,
903049,,17,-22.92163,-43.646028,2023-07-26 04:13:31,53.6,,ida,17 - SANTA CRUZ X CAMPO GRANDE (PARADOR) [IDA],23302.7,243.0
903038,,17,-22.933368,-43.661684,2023-07-26 04:13:16,14.5,,ida,17 - SANTA CRUZ X CAMPO GRANDE (PARADOR) [IDA],26523.0,69.0
903053,,17,-22.918282,-43.682967,2023-07-26 04:13:12,0.0,,ida,17 - SANTA CRUZ X CAMPO GRANDE (PARADOR) [IDA],21442.3,327.0
12732,,18,-22.91892,-43.607204,2023-07-26 04:13:17,0.0,,ida,18 - RECREIO SHOPPING X JARDIM OCEÂNICO (EXPRESSO) [IDA],25670.8,
902096,,35,-22.88043,-43.341742,2023-07-26 04:13:14,35.7,,ida,35 - MADUREIRA X ALVORADA (PARADOR) [IDA],14202.0,166.0
903066,,17,-22.902821,-43.562318,2023-07-26 04:10:03,45.1,,volta,17 - CAMPO GRANDE  X SANTA CRUZ (PARADOR) [VOLTA],24859.2,260.0
902099,,35,-23.001426,-43.367904,2023-07-26 04:13:31,31.5,,volta,35 - ALVORADA  X  MADUREIRA (PARADOR) [VOLTA],11521.1,95.0
902091,,35,-22.876434,-43.330306,2023-07-26 04:13:22,0.0,,ida,35 - MADUREIRA X ALVORADA (PARADOR) [IDA],14036.0,
901099,,51,-22.974999,-43.404922,2023-07-26 04:13:19,60.3,,volta,51 - SENTIDO V. MILITAR (PARADOR) [VOLTA],29458.4,35.0
902109,,35,-22.876511,-43.330448,2023-07-26 02:16:16,0.0,,ida,35 - MADUREIRA X ALVORADA (PARADOR) [IDA],11421.3,
903061,,17,-22.920118,-43.607988,2023-07-26 04:13:15,0.0,,ida,17 - SANTA CRUZ X CAMPO GRANDE (PARADOR) [IDA],21481.3,
44706,LRG8855,12,-23.019154,-43.485891,2023-07-26 04:13:15,8.3,,volta,12 - ALVORADA X PINGO D'AGUA (EXPRESSO) [VOLTA],21848.4,254.0
903065,,17,-22.918873,-43.607478,2023-07-26 04:13:21,0.0,,ida,17 - SANTA CRUZ X CAMPO GRANDE (PARADOR) [IDA],16953.4,
901009,,52,-23.000734,-43.367242,2023-07-26 04:16:24,19.1,,volta,52 - SENTIDO V. MILITAR (PARADOR) [VOLTA],20864.5,89.0
901004,RJQ8J80,53,-23.00062,-43.365494,2023-07-26 04:16:14,0.0,,volta,53 - SENTIDO SULACAP (EXPRESSO) [VOLTA],21425.9,
47031,KYW5240,25,-22.994368,-43.596424,2023-07-26 04:15:07,36.3,,ida,25 - MATO ALTO X ALVORADA (PARADOR) [IDA],50882.7,124.0
30538,KXE7719,20,-22.969416,-43.617127,2023-07-26 04:16:20,59.0,,ida,20 - SANTA CRUZ X SALVADOR ALLENDE (EXPRESSO) [IDA],55853.7,132.0
50309,KPN6B05,13,-22.992962,-43.598091,2023-07-26 04:16:10,0.0,,ida,13 - MATO ALTO X ALVORADA (EXPRESSO) [IDA],20066.9,
30532,KYL8599,12,-22.933708,-43.663861,2023-07-26 04:16:18,25.7,,ida,12 - PINGO D'AGUA X ALVORADA (EXPRESSO) [IDA],41741.2,265.0
13403,LTF5447,10,-22.93359,-43.662559,2023-07-26 04:16:12,20.2,,ida,10 - SANTA CRUZ X ALVORADA (EXPRESSO) [IDA],53241.1,251.0
90002,LMB2D92,11,-22.919592,-43.607822,2023-07-26 04:16:17,0.0,,ida,11 - SANTA CRUZ X ALVORADA (PARADOR) [IDA],55833.0,
47030,LSQ5263,20,-22.918123,-43.683147,2023-07-26 04:16:09,0.0,,ida,20 - SANTA CRUZ X SALVADOR ALLENDE (EXPRESSO) [IDA],53763.3,342.0
30519,LRE9804,11,-22.920074,-43.608092,2023-07-26 04:16:20,0.0,,ida,11 - SANTA CRUZ X ALVORADA (PARADOR) [IDA],51494.8,
90005,KWK6A89,10,-23.007144,-43.438832,2023-07-26 04:16:15,52.3,,ida,10 - SANTA CRUZ X ALVORADA (EXPRESSO) [IDA],49803.7,257.0
30518,KYL8597,25,-23.019494,-43.486219,2023-07-26 04:16:14,0.0,,ida,25 - MATO ALTO X ALVORADA (PARADOR) [IDA],37097.0,74.0
902090,,35,-22.973001,-43.385768,2023-07-26 04:16:27,39.1,,volta,35 - ALVORADA  X  MADUREIRA (PARADOR) [VOLTA],15060.9,323.0
86885,LTB5540,14,-22.919014,-43.607023,2023-07-26 04:16:20,0.0,,ida,14 - SANTA EUGÊNIA X SALVADOR ALLENDE (EXPRESSO) [IDA],514714.4,
12738,KRR2404,25,-23.002379,-43.422812,2023-07-26 04:16:23,54.2,,ida,25 - MATO ALTO X ALVORADA (PARADOR) [IDA],37373.4,251.0
47006,KWZ8630,20,-22.916352,-43.607878,2023-07-26 04:16:26,12.6,,ida,20 - SANTA CRUZ X SALVADOR ALLENDE (EXPRESSO) [IDA],50858.1,311.0
47007,LSP6018,18,-22.92056,-43.607652,2023-07-26 04:16:21,0.0,,ida,18 - RECREIO SHOPPING X JARDIM OCEÂNICO (EXPRESSO) [IDA],42179.7,
13413,KWI9711,12,-22.915564,-43.616082,2023-07-26 04:16:11,0.0,,ida,12 - PINGO D'AGUA X ALVORADA (EXPRESSO) [IDA],43495.2,290.0
90001,KPZ5E15,20,-22.918647,-43.682638,2023-07-26 04:16:25,0.0,,ida,20 - SANTA CRUZ X SALVADOR ALLENDE (EXPRESSO) [IDA],44124.6,324.0
901057,,22,-22.925001,-43.39763,2023-07-26 04:16:20,60.1,,ida,22 - ALVORADA X J. OCEÂNICO (PARADOR) [IDA],51040.1,155.0
901003,RKM8C54,43,-23.000666,-43.364567,2023-07-26 04:16:19,0.0,,ida,43 - FUNDÃO X SANTA EFIGENIA (EXPRESSO) [IDA],22819.5,
86874,KQB4102,20,-22.920669,-43.608141,2023-07-26 04:16:14,0.0,,ida,20 - SANTA CRUZ X SALVADOR ALLENDE (EXPRESSO) [IDA],512858.0,
86879,LTN5696,18,-22.919635,-43.607651,2023-07-26 04:16:08,0.0,,ida,18 - RECREIO SHOPPING X JARDIM OCEÂNICO (EXPRESSO) [IDA],1794.6,
30537,KXE7720,12,-22.920747,-43.607898,2023-07-26 04:15:41,0.0,,ida,12 - PINGO D'AGUA X ALVORADA (EXPRESSO) [IDA],51504.4,
50301,KPP5B70,25,-23.000878,-43.367641,2023-07-26 04:16:24,0.0,,volta,25 - ALVORADA X MATO ALTO (PARADOR) [VOLTA],3941.1,
44713,KPZ3559,20,-22.920283,-43.607889,2023-07-26 04:16:14,0.0,,ida,20 - SANTA CRUZ X SALVADOR ALLENDE (EXPRESSO) [IDA],29573.1,
13401,KQO7822,20,-22.96624,-43.645199,2023-07-26 04:16:15,0.0,,ida,20 - SANTA CRUZ X SALVADOR ALLENDE (EXPRESSO) [IDA],53624.5,
27174,KQP5437,20,-22.919315,-43.607078,2023-07-26 04:16:27,12.4,,ida,20 - SANTA CRUZ X SALVADOR ALLENDE (EXPRESSO) [IDA],18855.0,354.0
47026,KYA7928,10,-22.920616,-43.608087,2023-07-26 04:16:11,0.0,,ida,10 - SANTA CRUZ X ALVORADA (EXPRESSO) [IDA],32900.199,
86889,KRQ6878,10,-23.000893,-43.367123,2023-07-26 04:16:17,0.0,,volta,10 - ALVORADA X SANTA CRUZ (EXPRESSO) [VOLTA],514962.4,
12724,LMJ1118,20,-23.0038,-43.5651,2023-07-26 04:16:15,58.5,,ida,20 - SANTA CRUZ X SALVADOR ALLENDE (EXPRESSO) [IDA],9636.5,104.0
27209,LSL9B07,18,-22.916912,-43.633328,2023-07-26 04:16:11,29.7,,ida,18 - RECREIO SHOPPING X JARDIM OCEÂNICO (EXPRESSO) [IDA],10059.6,252.0
27176,LRK9563,18,-22.916554,-43.606983,2023-07-26 04:16:10,0.0,,ida,18 - RECREIO SHOPPING X JARDIM OCEÂNICO (EXPRESSO) [IDA],13482.3,356.0
30511,KPV2250,13,-23.012451,-43.459067,2023-07-26 04:16:26,0.1,,ida,13 - MATO ALTO X ALVORADA (EXPRESSO) [IDA],49424.2,73.0
13427,KXE7711,0,-22.916208,-43.607978,2023-07-26 04:16:19,5.3,,,,51854.9,188.0
12725,LMJ1327,25,-23.000866,-43.367228,2023-07-26 04:16:10,0.0,,volta,25 - ALVORADA X MATO ALTO (PARADOR) [VOLTA],39235.4,
13404,KQO7823,20,-22.91786,-43.683273,2023-07-26 04:16:13,0.0,,ida,20 - SANTA CRUZ X SALVADOR ALLENDE (EXPRESSO) [IDA],56076.7,325.0
47022,KRM7701,10,-23.013232,-43.461751,2023-07-26 04:16:04,57.4,,ida,10 - SANTA CRUZ X ALVORADA (EXPRESSO) [IDA],12921.3,74.0
12736,LMJ4504,20,-22.919827,-43.608308,2023-07-26 04:16:19,0.0,,ida,20 - SANTA CRUZ X SALVADOR ALLENDE (EXPRESSO) [IDA],15483.9,18.0
13422,LSI5978,20,-22.918575,-43.682799,2023-07-26 04:16:11,0.0,,ida,20 - SANTA CRUZ X SALVADOR ALLENDE (EXPRESSO) [IDA],40371.9,
13402,LTL5480,12,-22.920249,-43.607781,2023-07-26 04:16:16,0.0,,ida,12 - PINGO D'AGUA X ALVORADA (EXPRESSO) [IDA],43258.9,
12730,LSO8993,19,-22.966262,-43.644897,2023-07-26 04:15:07,0.0,,ida,19 - PINGO D'AGUA X SALVADOR ALLENDE (EXPRESSO) [IDA],9221.1,
86872,LSH7386,20,-22.919598,-43.607631,2023-07-26 04:16:09,0.0,,ida,20 - SANTA CRUZ X SALVADOR ALLENDE (EXPRESSO) [IDA],22398.2,
47017,LRS2841,20,-22.933432,-43.66996,2023-07-26 04:16:12,52.3,,ida,20 - SANTA CRUZ X SALVADOR ALLENDE (EXPRESSO) [IDA],47892.5,307.0
86859,KWJ9250,20,-22.916859,-43.606982,2023-07-26 04:16:11,0.0,,ida,20 - SANTA CRUZ X SALVADOR ALLENDE (EXPRESSO) [IDA],18669.5,
30509,KYM4574,13,-22.994002,-43.597236,2023-07-26 04:16:14,0.0,,ida,13 - MATO ALTO X ALVORADA (EXPRESSO) [IDA],53018.3,136.0
12720,KXD9430,20,-22.917232,-43.68439,2023-07-26 04:16:17,32.9,,ida,20 - SANTA CRUZ X SALVADOR ALLENDE (EXPRESSO) [IDA],21733.7,165.0
12712,LSN8501,19,-22.920142,-43.607977,2023-07-26 04:16:11,0.0,,ida,19 - PINGO D'AGUA X SALVADOR ALLENDE (EXPRESSO) [IDA],31093.7,
13407,KPY9732,20,-22.989542,-43.602478,2023-07-26 04:16:25,51.4,,ida,20 - SANTA CRUZ X SALVADOR ALLENDE (EXPRESSO) [IDA],45422.6,132.0
30521,LRC6594,25,-22.920686,-43.60794,2023-07-26 04:16:14,0.0,,ida,25 - MATO ALTO X ALVORADA (PARADOR) [IDA],34814.7,
12739,LMJ4F12,20,-22.918871,-43.607167,2023-07-26 04:16:22,0.0,,ida,20 - SANTA CRUZ X SALVADOR ALLENDE (EXPRESSO) [IDA],23710.0,
86884,LSP9604,20,-22.965496,-43.391871,2023-07-26 04:16:22,0.0,,ida,20 - SANTA CRUZ X SALVADOR ALLENDE (EXPRESSO) [IDA],15298.3,
12734,LSP8673,11,-22.920181,-43.607862,2023-07-26 04:16:08,0.0,,ida,11 - SANTA CRUZ X ALVORADA (PARADOR) [IDA],16894.9,
90006,LRH6D12,20,-22.999841,-43.405692,2023-07-26 04:16:14,47.7,,volta,,29675.4,272.0
30531,LRC6592,19,-23.007683,-43.547577,2023-07-26 04:16:24,59.2,,ida,19 - PINGO D'AGUA X SALVADOR ALLENDE (EXPRESSO) [IDA],40568.6,89.0
30524,LRC6601,10,-22.928974,-43.654735,2023-07-26 04:16:20,53.4,,ida,10 - SANTA CRUZ X ALVORADA (EXPRESSO) [IDA],29209.3,231.0
13415,KQK7905,25,-22.993092,-43.597882,2023-07-26 04:16:14,0.0,,ida,25 - MATO ALTO X ALVORADA (PARADOR) [IDA],45109.4,129.0
901002,,22,-23.000695,-43.365941,2023-07-26 04:16:24,0.0,,ida,22 - ALVORADA X J. OCEÂNICO (PARADOR) [IDA],17393.7,
B13,KYM5979,14,-22.96583,-43.647597,2023-07-26 04:14:21,24.7,,ida,14 - SANTA EUGÊNIA X SALVADOR ALLENDE (EXPRESSO) [IDA],1129.9,88.0
B20,LMH6141,14,-22.922366,-43.634401,2023-07-26 04:16:24,15.0,,ida,14 - SANTA EUGÊNIA X SALVADOR ALLENDE (EXPRESSO) [IDA],1137.0,9.0
B19,KZJ7238,14,-22.961393333333334,-43.64817166666667,2023-07-26 04:10:02,0.0,,ida,14 - SANTA EUGÊNIA X SALVADOR ALLENDE (EXPRESSO) [IDA],104986.1,135.0
B14,KRK9519,14,-22.934568,-43.665316,2023-07-26 04:16:27,27.2,,ida,14 - SANTA EUGÊNIA X SALVADOR ALLENDE (EXPRESSO) [IDA],1138.3,207.0
B24,LSO7028,14,-22.961218,-43.648272,2023-07-26 04:16:19,0.0,,ida,14 - SANTA EUGÊNIA X SALVADOR ALLENDE (EXPRESSO) [IDA],1173.2,
B25,,14,-22.954417,-43.649392,2023-07-26 04:16:13,60.7,,ida,14 - SANTA EUGÊNIA X SALVADOR ALLENDE (EXPRESSO) [IDA],1093.8,4.0
B28,KQP5E29,14,-22.961349,-43.648282,2023-07-26 04:02:02,0.0,,ida,14 - SANTA EUGÊNIA X SALVADOR ALLENDE (EXPRESSO) [IDA],1134.8,
901001,RJD7J89,22,-23.000634,-43.364907,2023-07-26 04:16:17,0.0,,ida,22 - ALVORADA X J. OCEÂNICO (PARADOR) [IDA],17329.4,
B048,,14,-22.923649,-43.634738,2023-07-26 04:16:09,29.7,,ida,14 - SANTA EUGÊNIA X SALVADOR ALLENDE (EXPRESSO) [IDA],1166.1,15.0
B49,,14,-22.950359,-43.642012,2023-07-26 04:16:13,50.6,,ida,14 - SANTA EUGÊNIA X SALVADOR ALLENDE (EXPRESSO) [IDA],1129.7,30.0
B55,,14,-22.91648,-43.630894,2023-07-26 04:16:18,36.8,,ida,14 - SANTA EUGÊNIA X SALVADOR ALLENDE (EXPRESSO) [IDA],1121.6,67.0
B53,,14,-22.961188,-43.648184,2023-07-26 04:16:07,0.0,,ida,14 - SANTA EUGÊNIA X SALVADOR ALLENDE (EXPRESSO) [IDA],1189.1,
B51,,14,-22.916586,-43.631703,2023-07-26 04:16:19,0.0,,ida,14 - SANTA EUGÊNIA X SALVADOR ALLENDE (EXPRESSO) [IDA],1193.6,263.0
901058,,51,-22.89933,-43.397684,2023-07-26 04:15:27,58.0,,ida,51 - SENTIDO RECREIO (PARADOR) [IDA],44170.8,165.0
903027,,50,-22.878115,-43.336342,2023-07-26 04:16:26,36.7,,ida,50 - SENTIDO JD. OCEANICO (PARADOR) [IDA],49597.1,213.0
901066,,22,-22.868223,-43.413361,2023-07-26 04:16:21,10.7,,ida,22 - ALVORADA X J. OCEÂNICO (PARADOR) [IDA],49981.9,236.0
903026,,50,-22.971997,-43.401832,2023-07-26 04:16:23,26.2,,ida,50 - SENTIDO JD. OCEANICO (PARADOR) [IDA],48944.1,222.0
903029,,50,-22.87692,-43.330255,2023-07-26 04:16:21,0.0,,ida,50 - SENTIDO JD. OCEANICO (PARADOR) [IDA],33496.6,
902116,,35,-22.878307,-43.336332,2023-07-26 04:16:23,0.0,,ida,35 - MADUREIRA X ALVORADA (PARADOR) [IDA],11158.1,
902115,,35,-22.924966,-43.373861,2023-07-26 04:16:13,19.7,,ida,35 - MADUREIRA X ALVORADA (PARADOR) [IDA],14848.1,176.0
901061,,51,-22.948464,-43.390901,2023-07-26 04:16:17,37.1,,ida,51 - SENTIDO RECREIO (PARADOR) [IDA],43282.7,128.0
903030,,50,-22.87691,-43.330572,2023-07-26 04:16:14,0.0,,ida,50 - SENTIDO JD. OCEANICO (PARADOR) [IDA],40951.9,
901073,,52,-22.965839,-43.391335,2023-07-26 04:16:19,20.1,,ida,52 - SENTIDO ALVORADA (PARADOR) [IDA],41828.5,70.0
901048,,40,-22.875968,-43.405147,2023-07-26 04:16:11,59.1,,ida,40 - PAULO DA PORTELA X ALVORADA (EXPRESSO) [IDA],26322.8,322.0
901065,,52,-22.964741,-43.391923,2023-07-26 04:16:26,0.0,,ida,52 - SENTIDO ALVORADA (PARADOR) [IDA],35376.8,161.0
903032,,42,-22.847307,-43.244383,2023-07-26 04:16:03,30.7,,ida,42 - GALEÃO X MADUREIRA MANANCEIA (PARADOR) [IDA],42691.2,220.0
901075,,0,-22.964585,-43.392019,2023-07-26 04:16:15,0.0,,,,48984.5,
903037,,17,-22.915554,-43.616247,2023-07-26 04:16:07,0.0,,volta,17 - CAMPO GRANDE  X SANTA CRUZ (PARADOR) [VOLTA],20692.2,304.0
903002,,42,-22.839913,-43.239362,2023-07-26 04:16:17,0.0,,ida,,6946.2,143.0
901080,,52,-22.93898,-43.394831,2023-07-26 04:16:10,45.9,,ida,52 - SENTIDO ALVORADA (PARADOR) [IDA],31267.3,350.0
902110,,35,-22.886804,-43.344608,2023-07-26 04:16:14,46.5,,ida,35 - MADUREIRA X ALVORADA (PARADOR) [IDA],8810.2,220.0
902114,,35,-23.001304,-43.366004,2023-07-26 04:16:23,0.0,,volta,35 - ALVORADA  X  MADUREIRA (PARADOR) [VOLTA],8958.5,
903054,,17,-22.919014,-43.607917,2023-07-26 04:16:19,0.0,,ida,17 - SANTA CRUZ X CAMPO GRANDE (PARADOR) [IDA],17655.7,
903021,,38,-22.842111,-43.277236,2023-07-26 04:16:24,43.6,,ida,38 - FUNDÃO X ALVORADA (PARADOR) [IDA],34614.1,74.0
903000,,50,-22.972242,-43.401086,2023-07-26 04:16:23,0.0,,ida,50 - SENTIDO JD. OCEANICO (PARADOR) [IDA],31867.7,
903058,,17,-22.907144,-43.568517,2023-07-26 04:15:53,0.2,,ida,17 - SANTA CRUZ X CAMPO GRANDE (PARADOR) [IDA],9155.7,105.0
901072,,51,-22.89577,-43.399252,2023-07-26 04:16:11,32.7,,volta,51 - SENTIDO V. MILITAR (PARADOR) [VOLTA],38607.2,337.0
903007,,50,-22.973265,-43.39644,2023-07-26 04:16:10,57.8,,ida,50 - SENTIDO JD. OCEANICO (PARADOR) [IDA],41340.9,91.0
903004,,38,-22.844634,-43.26864,2023-07-26 04:16:11,33.0,,ida,38 - FUNDÃO X ALVORADA (PARADOR) [IDA],39177.8,142.0
903005,,42,-22.876816,-43.329754,2023-07-26 04:09:29,0.0,,ida,42 - GALEÃO X MADUREIRA MANANCEIA (PARADOR) [IDA],38806.4,
903022,,50,-22.9857,-43.365827,2023-07-26 04:16:22,51.6,,ida,50 - SENTIDO JD. OCEANICO (PARADOR) [IDA],37719.4,181.0
901059,,51,-22.862037,-43.400984,2023-07-26 04:16:22,14.6,,ida,51 - SENTIDO RECREIO (PARADOR) [IDA],48333.1,238.0
903003,,42,-22.813752,-43.244263,2023-07-26 04:16:26,26.7,,ida,42 - GALEÃO X MADUREIRA MANANCEIA (PARADOR) [IDA],41685.6,169.0
901025,,46,-23.008383,-43.440823,2023-07-26 04:16:23,0.0,,ida,46 - PENHA X ALVORADA (EXPRESSO) [IDA],40690.8,
901027,,41,-23.008326,-43.440615,2023-07-26 04:06:44,0.1,,volta,41 - TERMINAL RECREIO X PAULO DA PORTELA (EXPRESSO) [VOLTA],25965.7,255.0
901028,,40,-22.965284,-43.391668,2023-07-26 04:16:11,0.0,,ida,40 - PAULO DA PORTELA X ALVORADA (EXPRESSO) [IDA],23760.6,156.0
901032,,52,-22.964545,-43.392121,2023-07-26 04:16:20,0.0,,ida,52 - SENTIDO ALVORADA (PARADOR) [IDA],25282.8,
903009,,42,-22.839447,-43.239744,2023-07-26 04:16:07,0.0,,ida,42 - GALEÃO X MADUREIRA MANANCEIA (PARADOR) [IDA],47178.2,146.0
903010,,42,-22.877796,-43.336388,2023-07-26 04:16:16,0.0,,volta,42 - MADUREIRA MANANCEIA X GALEAO (PARADOR) [VOLTA],43675.8,29.0
903012,,42,-22.839832,-43.239466,2023-07-26 04:16:13,0.0,,ida,,47933.3,146.0
903015,,42,-22.876601,-43.335401,2023-07-26 04:16:15,35.4,,volta,42 - MADUREIRA MANANCEIA X GALEAO (PARADOR) [VOLTA],47849.0,212.0
903017,,50,-22.999969,-43.361553,2023-07-26 04:16:27,42.2,,volta,50 - SENTIDO T. OLIMPICO (PARADOR) [VOLTA],44891.3,267.0
903018,,38,-22.857458,-43.25836,2023-07-26 04:16:23,27.6,,ida,38 - FUNDÃO X ALVORADA (PARADOR) [IDA],11260.5,105.0
903020,,50,-23.006523,-43.313557,2023-07-26 04:16:10,0.0,,volta,50 - SENTIDO T. OLIMPICO (PARADOR) [VOLTA],43825.3,273.0
903024,,38,-22.987862,-43.365882,2023-07-26 04:15:53,52.1,,ida,38 - FUNDÃO X ALVORADA (PARADOR) [IDA],37999.0,181.0
903025,,50,-22.972146,-43.40111,2023-07-26 04:16:22,0.0,,ida,50 - SENTIDO JD. OCEANICO (PARADOR) [IDA],39443.2,246.0
903013,,42,-22.872812,-43.336308,2023-07-26 04:16:16,0.0,,volta,42 - MADUREIRA MANANCEIA X GALEAO (PARADOR) [VOLTA],44456.3,346.0
903063,,17,-22.920243,-43.608174,2023-07-26 04:16:08,0.0,,ida,17 - SANTA CRUZ X CAMPO GRANDE (PARADOR) [IDA],21497.7,135.0
901000,,22,-23.001176,-43.365824,2023-07-26 04:16:15,9.6,,ida,22 - ALVORADA X J. OCEÂNICO (PARADOR) [IDA],30190.0,256.0
902117,,31,-22.876381,-43.329874,2023-07-26 04:16:17,0.0,,ida,31 - VICENTE DE CARVALHO X ALVORADA (SEMIDIRETO) [IDA],10234.6,
901044,,46,-22.965245,-43.391599,2023-07-26 04:16:09,0.0,,ida,46 - PENHA X ALVORADA (EXPRESSO) [IDA],29581.5,
903033,,38,-22.876583,-43.32981,2023-07-26 04:16:25,0.0,,ida,38 - FUNDÃO X ALVORADA (PARADOR) [IDA],36550.7,
902020,,46,-23.001271,-43.365023,2023-07-26 04:16:11,0.0,,volta,46 - ALVORADA X PENHA (EXPRESSO) [VOLTA],31611.2,
902022,,46,-22.97323,-43.383211,2023-07-26 04:16:16,33.0,,volta,46 - ALVORADA X PENHA (EXPRESSO) [VOLTA],30759.1,255.0
901093,,22,-22.965711,-43.391138,2023-07-26 04:16:22,0.0,,ida,,27781.9,
902059,,41,-22.854526,-43.251312,2023-07-26 04:16:09,0.0,,volta,41 - TERMINAL RECREIO X PAULO DA PORTELA (EXPRESSO) [VOLTA],35690.6,
902056,,46,-23.000628,-43.366052,2023-07-26 04:16:24,0.0,,volta,46 - ALVORADA X PENHA (EXPRESSO) [VOLTA],34615.2,
901091,,40,-22.998746,-43.428131,2023-07-26 04:16:20,58.6,,ida,40 - PAULO DA PORTELA X ALVORADA (EXPRESSO) [IDA],31097.0,47.0
902032,,46,-22.841452,-43.277102,2023-07-26 04:16:24,0.0,,ida,46 - PENHA X ALVORADA (EXPRESSO) [IDA],36266.5,
902018,,40,-22.965201,-43.39206,2023-07-26 04:16:20,0.0,,ida,40 - PAULO DA PORTELA X ALVORADA (EXPRESSO) [IDA],23625.7,
902046,,41,-22.854369,-43.251818,2023-07-26 04:16:24,0.0,,volta,41 - TERMINAL RECREIO X PAULO DA PORTELA (EXPRESSO) [VOLTA],33363.3,
12715,,10,-23.001051,-43.36505,2023-07-26 04:16:24,31.4,,volta,10 - ALVORADA X SANTA CRUZ (EXPRESSO) [VOLTA],42349.1,269.0
901062,,51,-22.867979,-43.412679,2023-07-26 04:16:07,30.6,,volta,51 - SENTIDO V. MILITAR (PARADOR) [VOLTA],46910.9,67.0
901067,,22,-22.862107,-43.400382,2023-07-26 04:16:08,0.0,,ida,22 - ALVORADA X J. OCEÂNICO (PARADOR) [IDA],41744.4,238.0
E902004,,41,-22.854871,-43.252209,2023-07-26 04:16:21,0.0,,volta,41 - TERMINAL RECREIO X PAULO DA PORTELA (EXPRESSO) [VOLTA],13269.1,
12713,,11,-22.947665,-43.653903,2023-07-26 04:16:10,46.2,,ida,11 - SANTA CRUZ X ALVORADA (PARADOR) [IDA],35229.3,138.0
902062,,46,-23.000659,-43.3677,2023-07-26 04:10:25,0.0,,volta,46 - ALVORADA X PENHA (EXPRESSO) [VOLTA],33266.5,
902048,,46,-22.973245,-43.384557,2023-07-26 04:16:22,37.8,,ida,46 - PENHA X ALVORADA (EXPRESSO) [IDA],23951.6,91.0
902058,,46,-22.854551,-43.251365,2023-07-26 04:16:14,0.0,,ida,46 - PENHA X ALVORADA (EXPRESSO) [IDA],34574.7,
901068,,51,-22.862151,-43.400562,2023-07-26 04:16:16,0.0,,ida,51 - SENTIDO RECREIO (PARADOR) [IDA],50800.5,
902102,,35,-22.876443,-43.32965,2023-07-26 04:16:21,0.0,,ida,35 - MADUREIRA X ALVORADA (PARADOR) [IDA],12378.2,
901082,,40,-22.965537,-43.391756,2023-07-26 04:16:25,0.0,,ida,40 - PAULO DA PORTELA X ALVORADA (EXPRESSO) [IDA],47060.1,
902052,,46,-22.991218,-43.36592,2023-07-26 04:16:16,53.5,,ida,46 - PENHA X ALVORADA (EXPRESSO) [IDA],35613.6,181.0
902050,,43,-22.837771,-43.288722,2023-07-26 04:16:16,33.7,,ida,43 - FUNDÃO X SANTA EFIGENIA (EXPRESSO) [IDA],31245.0,277.0
902063,,46,-22.848132,-43.306101,2023-07-26 04:16:06,53.3,,ida,46 - PENHA X ALVORADA (EXPRESSO) [IDA],33242.0,230.0
902051,,46,-22.854492,-43.251539,2023-07-26 04:16:10,0.0,,ida,46 - PENHA X ALVORADA (EXPRESSO) [IDA],32982.699,
902067,,41,-22.854432,-43.252025,2023-07-26 04:16:18,0.0,,volta,41 - TERMINAL RECREIO X PAULO DA PORTELA (EXPRESSO) [VOLTA],34072.7,
901098,,40,-23.008521,-43.440562,2023-07-26 04:08:08,0.2,,ida,40 - PAULO DA PORTELA X ALVORADA (EXPRESSO) [IDA],27270.7,71.0
901055,,51,-22.964809,-43.39215,2023-07-26 04:16:11,0.0,,volta,51 - SENTIDO V. MILITAR (PARADOR) [VOLTA],46637.0,
901076,,52,-22.964502,-43.391891,2023-07-26 04:16:25,0.0,,ida,52 - SENTIDO ALVORADA (PARADOR) [IDA],31253.8,
901079,,40,-22.965792,-43.390504,2023-07-26 04:16:10,22.7,,ida,40 - PAULO DA PORTELA X ALVORADA (EXPRESSO) [IDA],44035.3,183.0
901070,,52,-22.861479,-43.399289,2023-07-26 04:16:13,0.0,,ida,52 - SENTIDO ALVORADA (PARADOR) [IDA],40476.3,241.0
902080,,43,-22.85452,-43.251582,2023-07-26 04:16:25,0.0,,volta,43 - SANTA EFIGENIA X FUNDÃO (EXPRESSO) [VOLTA],34337.1,
901081,,0,-22.965731,-43.39143,2023-07-26 04:16:18,0.0,,,,41787.1,
902065,,46,-22.854548,-43.250667,2023-07-26 04:16:24,11.8,,ida,46 - PENHA X ALVORADA (EXPRESSO) [IDA],35355.4,140.0
901074,,22,-22.965267,-43.39159,2023-07-26 04:16:19,0.2,,ida,22 - ALVORADA X J. OCEÂNICO (PARADOR) [IDA],39492.6,161.0
902030,,31,-22.876367,-43.329768,2023-07-26 04:16:21,0.0,,ida,31 - VICENTE DE CARVALHO X ALVORADA (SEMIDIRETO) [IDA],11287.3,
902071,,46,-22.89578,-43.350547,2023-07-26 04:16:21,55.1,,ida,46 - PENHA X ALVORADA (EXPRESSO) [IDA],35920.4,223.0
902064,,43,-22.854352,-43.251813,2023-07-26 04:16:24,5.4,,ida,43 - FUNDÃO X SANTA EFIGENIA (EXPRESSO) [IDA],0.0,118.0
901083,,53,-22.964511,-43.392007,2023-07-26 04:16:25,0.0,,ida,53 - SENTIDO ALVORADA (EXPRESSO) [IDA],49411.4,
902069,,46,-22.875768,-43.335169,2023-07-26 04:16:27,49.9,,ida,46 - PENHA X ALVORADA (EXPRESSO) [IDA],32577.8,196.0
902082,,35,-22.876853,-43.329981,2023-07-26 04:16:22,0.0,,ida,35 - MADUREIRA X ALVORADA (PARADOR) [IDA],10858.4,
903062,,17,-22.919008,-43.607765,2023-07-26 04:16:18,0.0,,ida,17 - SANTA CRUZ X CAMPO GRANDE (PARADOR) [IDA],20171.8,44.0
902089,,35,-22.879136,-43.338545,2023-07-26 04:16:16,49.6,,ida,35 - MADUREIRA X ALVORADA (PARADOR) [IDA],9754.0,89.0
902055,,46,-22.854445,-43.252107,2023-07-26 04:16:10,0.0,,ida,46 - PENHA X ALVORADA (EXPRESSO) [IDA],11.0,
903044,,42,-22.837771,-43.290783,2023-07-26 04:16:08,11.4,,volta,42 - MADUREIRA MANANCEIA X GALEAO (PARADOR) [VOLTA],29190.0,77.0
903036,,17,-22.918847,-43.607759,2023-07-26 04:15:04,9.0,,ida,17 - SANTA CRUZ X CAMPO GRANDE (PARADOR) [IDA],156819.8,92.0
903039,,17,-22.919039,-43.607729,2023-07-26 04:13:42,0.0,,ida,17 - SANTA CRUZ X CAMPO GRANDE (PARADOR) [IDA],18350.1,
903040,,17,-22.923531,-43.67934,2023-07-26 04:16:16,30.3,,ida,17 - SANTA CRUZ X CAMPO GRANDE (PARADOR) [IDA],18447.9,174.0
903049,,17,-22.933441,-43.662097,2023-07-26 04:16:18,42.3,,ida,17 - SANTA CRUZ X CAMPO GRANDE (PARADOR) [IDA],23304.9,257.0
903038,,17,-22.926271,-43.650471,2023-07-26 04:16:17,42.3,,ida,17 - SANTA CRUZ X CAMPO GRANDE (PARADOR) [IDA],26524.5,51.0
903053,,17,-22.918268,-43.68294,2023-07-26 04:16:12,0.0,,ida,17 - SANTA CRUZ X CAMPO GRANDE (PARADOR) [IDA],21442.3,327.0
12732,,18,-22.918916,-43.607207,2023-07-26 04:16:17,0.0,,ida,18 - RECREIO SHOPPING X JARDIM OCEÂNICO (EXPRESSO) [IDA],25670.8,
902096,,35,-22.890216,-43.347076,2023-07-26 04:16:13,47.5,,ida,35 - MADUREIRA X ALVORADA (PARADOR) [IDA],14203.3,210.0
903066,,17,-22.911432,-43.589792,2023-07-26 04:16:23,2.4,,volta,17 - CAMPO GRANDE  X SANTA CRUZ (PARADOR) [VOLTA],24862.4,173.0
902099,,35,-22.997983,-43.366893,2023-07-26 04:16:21,60.5,,volta,35 - ALVORADA  X  MADUREIRA (PARADOR) [VOLTA],11522.3,47.0
902091,,35,-22.876427,-43.330304,2023-07-26 04:16:22,0.0,,ida,35 - MADUREIRA X ALVORADA (PARADOR) [IDA],14036.0,
901099,,51,-22.96033,-43.391749,2023-07-26 04:16:19,56.0,,volta,51 - SENTIDO V. MILITAR (PARADOR) [VOLTA],29460.6,352.0
903046,,42,-22.876469,-43.329582,2023-07-26 04:07:58,0.0,,ida,42 - GALEÃO X MADUREIRA MANANCEIA (PARADOR) [IDA],29783.8,
903061,,17,-22.920218,-43.608101,2023-07-26 04:16:14,0.0,,ida,17 - SANTA CRUZ X CAMPO GRANDE (PARADOR) [IDA],21481.3,
44706,LRG8855,12,-23.020886,-43.496117,2023-07-26 04:16:15,54.0,,volta,12 - ALVORADA X PINGO D'AGUA (EXPRESSO) [VOLTA],21849.5,272.0
903065,,17,-22.916621,-43.607138,2023-07-26 04:16:22,0.0,,ida,17 - SANTA CRUZ X CAMPO GRANDE (PARADOR) [IDA],16953.7,359.0
901008,,40,-23.001001,-43.3662,2023-07-26 03:57:42,0.0,,volta,40 - ALVORADA X PAULO DA PORTELA (EXPRESSO) [VOLTA],22782.6,
901063,,51,-22.965246,-43.391972,2023-07-26 04:26:01,0.0,,volta,51 - SENTIDO V. MILITAR (PARADOR) [VOLTA],48949.7,
901004,RJQ8J80,22,-23.000597,-43.365479,2023-07-26 04:21:02,0.0,,volta,,21425.9,
47031,KYW5240,25,-23.011207,-43.534182,2023-07-26 04:22:27,59.4,,ida,25 - MATO ALTO X ALVORADA (PARADOR) [IDA],50889.5,91.0
30538,KXE7719,20,-23.007541,-43.549124,2023-07-26 04:26:09,58.8,,ida,20 - SANTA CRUZ X SALVADOR ALLENDE (EXPRESSO) [IDA],55862.4,104.0
50309,KPN6B05,13,-22.992934,-43.598065,2023-07-26 04:26:11,0.0,,ida,13 - MATO ALTO X ALVORADA (EXPRESSO) [IDA],20066.9,
30532,KYL8599,12,-22.968468,-43.62059,2023-07-26 04:25:58,51.5,,ida,12 - PINGO D'AGUA X ALVORADA (EXPRESSO) [IDA],41748.8,82.0
13403,LTF5447,10,-22.965954,-43.64753,2023-07-26 04:24:12,21.2,,ida,10 - SANTA CRUZ X ALVORADA (EXPRESSO) [IDA],53246.0,89.0
90002,LMB2D92,11,-22.916633,-43.607079,2023-07-26 04:25:57,0.0,,ida,11 - SANTA CRUZ X ALVORADA (PARADOR) [IDA],55833.7,
47030,LSQ5263,20,-22.917899,-43.683187,2023-07-26 04:26:09,0.0,,ida,20 - SANTA CRUZ X SALVADOR ALLENDE (EXPRESSO) [IDA],53763.4,325.0
30519,LRE9804,11,-22.920074,-43.608092,2023-07-26 04:26:01,0.0,,ida,11 - SANTA CRUZ X ALVORADA (PARADOR) [IDA],51494.8,
90005,KWK6A89,10,-23.019144,-43.485673,2023-07-26 04:25:55,53.0,,ida,10 - SANTA CRUZ X ALVORADA (EXPRESSO) [IDA],49808.7,254.0
86875,KQB4103,12,-22.919607,-43.607642,2023-07-26 04:26:10,0.0,,ida,12 - PINGO D'AGUA X ALVORADA (EXPRESSO) [IDA],13012.2,
30518,KYL8597,25,-23.009332,-43.446269,2023-07-26 04:26:13,55.8,,ida,25 - MATO ALTO X ALVORADA (PARADOR) [IDA],37101.3,75.0
902090,,35,-22.935005,-43.371971,2023-07-26 04:26:09,6.9,,volta,35 - ALVORADA  X  MADUREIRA (PARADOR) [VOLTA],15066.5,316.0
86885,LTB5540,14,-22.919014,-43.607023,2023-07-26 04:26:01,0.0,,ida,14 - SANTA EUGÊNIA X SALVADOR ALLENDE (EXPRESSO) [IDA],514714.4,
13425,KRL4070,10,-23.001041,-43.367252,2023-07-26 03:26:59,0.0,,volta,10 - ALVORADA X SANTA CRUZ (EXPRESSO) [VOLTA],1201.6,
12738,KRR2404,25,-23.013136,-43.462236,2023-07-26 04:26:03,43.0,,ida,25 - MATO ALTO X ALVORADA (PARADOR) [IDA],37377.6,255.0
47006,KWZ8630,20,-22.933846,-43.664491,2023-07-26 04:26:03,34.5,,ida,20 - SANTA CRUZ X SALVADOR ALLENDE (EXPRESSO) [IDA],50864.7,249.0
47007,LSP6018,18,-22.92056,-43.607652,2023-07-26 04:26:01,0.0,,ida,18 - RECREIO SHOPPING X JARDIM OCEÂNICO (EXPRESSO) [IDA],42179.7,
13413,KWI9711,12,-22.935865,-43.667026,2023-07-26 04:25:34,27.5,,ida,12 - PINGO D'AGUA X ALVORADA (EXPRESSO) [IDA],43501.2,191.0
90001,KPZ5E15,20,-22.918368,-43.682896,2023-07-26 04:26:05,0.0,,ida,20 - SANTA CRUZ X SALVADOR ALLENDE (EXPRESSO) [IDA],44124.6,324.0
901057,,22,-22.969887,-43.400009,2023-07-26 04:25:34,58.7,,ida,22 - ALVORADA X J. OCEÂNICO (PARADOR) [IDA],51045.8,212.0
901003,RKM8C54,22,-23.000978,-43.365138,2023-07-26 04:26:11,0.0,,ida,22 - ALVORADA X J. OCEÂNICO (PARADOR) [IDA],22819.7,
86874,KQB4102,20,-22.920665,-43.608174,2023-07-26 04:25:54,0.0,,ida,20 - SANTA CRUZ X SALVADOR ALLENDE (EXPRESSO) [IDA],512858.0,
86879,LTN5696,18,-22.9169,-43.607043,2023-07-26 04:26:07,0.0,,ida,18 - RECREIO SHOPPING X JARDIM OCEÂNICO (EXPRESSO) [IDA],1794.9,357.0
47011,LRH8889,0,-22.92023,-43.607938,2023-07-26 03:47:54,0.4,,,,39515.9,173.0
30537,KXE7720,12,-22.920732,-43.607913,2023-07-26 04:25:10,0.0,,ida,12 - PINGO D'AGUA X ALVORADA (EXPRESSO) [IDA],51504.4,
50301,KPP5B70,25,-23.000866,-43.367675,2023-07-26 04:26:04,0.0,,volta,25 - ALVORADA X MATO ALTO (PARADOR) [VOLTA],3941.1,
44713,KPZ3559,20,-22.920646,-43.607893,2023-07-26 04:25:54,0.0,,ida,20 - SANTA CRUZ X SALVADOR ALLENDE (EXPRESSO) [IDA],29573.1,
13401,KQO7822,19,-22.966286,-43.644918,2023-07-26 04:25:55,0.0,,ida,19 - PINGO D'AGUA X SALVADOR ALLENDE (EXPRESSO) [IDA],53624.6,107.0
27174,KQP5437,20,-22.916224,-43.622454,2023-07-26 04:25:59,17.1,,ida,20 - SANTA CRUZ X SALVADOR ALLENDE (EXPRESSO) [IDA],18857.0,278.0
47026,KYA7928,10,-22.920601,-43.608014,2023-07-26 04:26:11,0.0,,ida,10 - SANTA CRUZ X ALVORADA (EXPRESSO) [IDA],32900.199,
86889,KRQ6878,10,-23.000893,-43.367123,2023-07-26 04:25:57,0.0,,volta,10 - ALVORADA X SANTA CRUZ (EXPRESSO) [VOLTA],514962.4,
27209,LSL9B07,18,-22.954198,-43.649474,2023-07-26 04:26:12,57.2,,ida,18 - RECREIO SHOPPING X JARDIM OCEÂNICO (EXPRESSO) [IDA],10066.7,184.0
27176,LRK9563,18,-22.915593,-43.626923,2023-07-26 04:25:50,18.7,,ida,18 - RECREIO SHOPPING X JARDIM OCEÂNICO (EXPRESSO) [IDA],13484.4,273.0
30511,KPV2250,13,-23.000527,-43.385798,2023-07-26 04:26:05,56.2,,ida,13 - MATO ALTO X ALVORADA (EXPRESSO) [IDA],49431.9,89.0
13427,KXE7711,0,-22.918421,-43.607113,2023-07-26 04:25:57,0.0,,,,51855.2,
12725,LMJ1327,25,-23.001098,-43.367269,2023-07-26 04:26:08,0.0,,volta,25 - ALVORADA X MATO ALTO (PARADOR) [VOLTA],39236.0,
13404,KQO7823,20,-22.916888,-43.683476,2023-07-26 04:26:12,0.0,,ida,20 - SANTA CRUZ X SALVADOR ALLENDE (EXPRESSO) [IDA],56076.8,335.0
47022,KRM7701,10,-23.000566,-43.386513,2023-07-26 04:26:04,51.8,,ida,10 - SANTA CRUZ X ALVORADA (EXPRESSO) [IDA],12929.3,90.0
12736,LMJ4504,20,-22.919809,-43.608301,2023-07-26 04:25:59,0.0,,ida,20 - SANTA CRUZ X SALVADOR ALLENDE (EXPRESSO) [IDA],15483.9,18.0
13422,LSI5978,20,-22.918181,-43.682958,2023-07-26 04:26:11,0.0,,ida,20 - SANTA CRUZ X SALVADOR ALLENDE (EXPRESSO) [IDA],40371.9,
13402,LTL5480,12,-22.920238,-43.60776,2023-07-26 04:25:57,0.0,,ida,12 - PINGO D'AGUA X ALVORADA (EXPRESSO) [IDA],43258.9,
12730,LSO8993,19,-22.982244,-43.609787,2023-07-26 04:26:07,60.1,,ida,19 - PINGO D'AGUA X SALVADOR ALLENDE (EXPRESSO) [IDA],9225.7,161.0
86872,LSH7386,20,-22.915464,-43.616927,2023-07-26 04:26:10,33.7,,ida,20 - SANTA CRUZ X SALVADOR ALLENDE (EXPRESSO) [IDA],22399.7,280.0
47017,LRS2841,20,-22.91864,-43.682548,2023-07-26 04:26:12,0.0,,ida,20 - SANTA CRUZ X SALVADOR ALLENDE (EXPRESSO) [IDA],47894.7,327.0
86859,KWJ9250,20,-22.917312,-43.636568,2023-07-26 04:26:11,46.9,,ida,20 - SANTA CRUZ X SALVADOR ALLENDE (EXPRESSO) [IDA],18672.7,258.0
30509,KYM4574,13,-23.007739,-43.548248,2023-07-26 04:25:50,59.6,,ida,13 - MATO ALTO X ALVORADA (EXPRESSO) [IDA],53023.6,95.0
12710,KRO9724,20,-22.919576,-43.607081,2023-07-26 04:26:09,5.5,,ida,20 - SANTA CRUZ X SALVADOR ALLENDE (EXPRESSO) [IDA],38362.4,15.0
12720,KXD9430,20,-22.948915,-43.652695,2023-07-26 04:25:57,57.5,,ida,20 - SANTA CRUZ X SALVADOR ALLENDE (EXPRESSO) [IDA],21738.9,139.0
12712,LSN8501,19,-22.920213,-43.608056,2023-07-26 04:26:12,0.0,,ida,19 - PINGO D'AGUA X SALVADOR ALLENDE (EXPRESSO) [IDA],31093.7,
13407,KPY9732,20,-23.011496,-43.532536,2023-07-26 04:24:44,55.3,,ida,20 - SANTA CRUZ X SALVADOR ALLENDE (EXPRESSO) [IDA],45430.3,112.0
30525,LRC6596,0,-23.000722,-43.367161,2023-07-26 02:29:29,0.0,,,,53689.1,
30521,LRC6594,25,-22.919616,-43.60716,2023-07-26 04:25:54,0.0,,ida,25 - MATO ALTO X ALVORADA (PARADOR) [IDA],34815.0,89.0
12739,LMJ4F12,20,-22.91717,-43.607031,2023-07-26 04:26:02,0.0,,ida,20 - SANTA CRUZ X SALVADOR ALLENDE (EXPRESSO) [IDA],23710.2,3.0
30514,KYL8595,11,-22.919372,-43.608192,2023-07-26 04:26:08,28.5,,ida,11 - SANTA CRUZ X ALVORADA (PARADOR) [IDA],38408.6,188.0
86884,LSP9604,20,-22.965428,-43.391828,2023-07-26 04:26:06,0.0,,ida,20 - SANTA CRUZ X SALVADOR ALLENDE (EXPRESSO) [IDA],15298.3,
12734,LSP8673,11,-22.920177,-43.60786,2023-07-26 04:26:08,0.0,,ida,11 - SANTA CRUZ X ALVORADA (PARADOR) [IDA],16894.9,
90006,LRH6D12,20,-23.008358,-43.443385,2023-07-26 04:25:54,0.2,,volta,,29679.4,239.0
30531,LRC6592,19,-23.016253,-43.47337,2023-07-26 04:26:04,59.5,,ida,19 - PINGO D'AGUA X SALVADOR ALLENDE (EXPRESSO) [IDA],40576.5,75.0
30524,LRC6601,10,-22.965953,-43.646853,2023-07-26 04:24:00,34.8,,ida,10 - SANTA CRUZ X ALVORADA (EXPRESSO) [IDA],29215.2,84.0
13415,KQK7905,25,-22.993094,-43.597911,2023-07-26 04:25:54,0.0,,ida,25 - MATO ALTO X ALVORADA (PARADOR) [IDA],45109.4,129.0
901002,,22,-23.000762,-43.365942,2023-07-26 04:26:04,0.0,,ida,22 - ALVORADA X J. OCEÂNICO (PARADOR) [IDA],17393.7,
B13,KYM5979,14,-23.005106,-43.559699,2023-07-26 04:26:04,58.2,,ida,14 - SANTA EUGÊNIA X SALVADOR ALLENDE (EXPRESSO) [IDA],1140.7,104.0
B20,LMH6141,14,-22.916532,-43.63155,2023-07-26 04:26:04,0.0,,ida,14 - SANTA EUGÊNIA X SALVADOR ALLENDE (EXPRESSO) [IDA],1138.7,258.0
B19,KZJ7238,14,-22.961435,-43.648675,2023-07-26 04:26:10,0.0,,ida,14 - SANTA EUGÊNIA X SALVADOR ALLENDE (EXPRESSO) [IDA],104986.1,225.0
B14,KRK9519,14,-22.968412,-43.620119,2023-07-26 04:25:58,51.3,,ida,14 - SANTA EUGÊNIA X SALVADOR ALLENDE (EXPRESSO) [IDA],1145.7,88.0
B24,LSO7028,14,-22.936966,-43.66689,2023-07-26 04:26:03,45.4,,ida,14 - SANTA EUGÊNIA X SALVADOR ALLENDE (EXPRESSO) [IDA],1177.0,3.0
B25,,14,-22.917403,-43.628873,2023-07-26 04:26:13,18.6,,ida,14 - SANTA EUGÊNIA X SALVADOR ALLENDE (EXPRESSO) [IDA],1101.6,250.0
B28,KQP5E29,14,-22.961179,-43.648301,2023-07-26 04:25:57,0.0,,ida,14 - SANTA EUGÊNIA X SALVADOR ALLENDE (EXPRESSO) [IDA],1134.8,
901001,RJD7J89,22,-23.000899,-43.364858,2023-07-26 04:18:44,0.0,,ida,22 - ALVORADA X J. OCEÂNICO (PARADOR) [IDA],17329.5,269.0
B47,,14,-22.96127,-43.648122,2023-07-26 03:26:23,0.0,,ida,14 - SANTA EUGÊNIA X SALVADOR ALLENDE (EXPRESSO) [IDA],1171.7,
B048,,14,-22.916545,-43.631468,2023-07-26 04:26:09,0.0,,ida,14 - SANTA EUGÊNIA X SALVADOR ALLENDE (EXPRESSO) [IDA],1167.9,258.0
B49,,14,-22.916503,-43.631209,2023-07-26 04:26:12,0.0,,ida,14 - SANTA EUGÊNIA X SALVADOR ALLENDE (EXPRESSO) [IDA],1134.2,262.0
B55,,14,-22.916573,-43.631756,2023-07-26 04:25:58,0.0,,ida,14 - SANTA EUGÊNIA X SALVADOR ALLENDE (EXPRESSO) [IDA],1122.0,259.0
B53,,14,-22.952266,-43.647407,2023-07-26 04:26:08,30.4,,ida,14 - SANTA EUGÊNIA X SALVADOR ALLENDE (EXPRESSO) [IDA],1190.5,47.0
B51,,14,-22.932574,-43.659343,2023-07-26 04:25:59,45.5,,ida,14 - SANTA EUGÊNIA X SALVADOR ALLENDE (EXPRESSO) [IDA],1197.1,252.0
901058,,51,-22.963315,-43.39392,2023-07-26 04:26:05,14.7,,ida,51 - SENTIDO RECREIO (PARADOR) [IDA],44178.6,222.0
903027,,50,-22.908422,-43.358473,2023-07-26 04:26:07,37.1,,ida,50 - SENTIDO JD. OCEANICO (PARADOR) [IDA],49601.4,213.0
901066,,22,-22.924953,-43.397649,2023-07-26 04:26:05,59.4,,ida,22 - ALVORADA X J. OCEÂNICO (PARADOR) [IDA],49989.2,156.0
903026,,50,-22.97221,-43.401092,2023-07-26 04:26:03,0.0,,ida,50 - SENTIDO JD. OCEANICO (PARADOR) [IDA],48944.7,185.0
903029,,50,-22.876978,-43.33011,2023-07-26 04:26:01,0.0,,ida,50 - SENTIDO JD. OCEANICO (PARADOR) [IDA],33496.6,
902116,,35,-22.894911,-43.349817,2023-07-26 04:26:03,44.2,,ida,35 - MADUREIRA X ALVORADA (PARADOR) [IDA],11160.9,215.0
902115,,35,-22.959287,-43.3865,2023-07-26 04:25:53,52.0,,ida,35 - MADUREIRA X ALVORADA (PARADOR) [IDA],14852.7,255.0
901061,,51,-22.989594,-43.417661,2023-07-26 04:25:57,23.4,,ida,51 - SENTIDO RECREIO (PARADOR) [IDA],43288.5,212.0
903030,,50,-22.876931,-43.330454,2023-07-26 04:25:54,0.0,,ida,50 - SENTIDO JD. OCEANICO (PARADOR) [IDA],40951.9,
901073,,52,-22.938119,-43.39497,2023-07-26 04:25:59,56.1,,ida,52 - SENTIDO ALVORADA (PARADOR) [IDA],41835.6,350.0
901048,,40,-22.861126,-43.398748,2023-07-26 04:26:11,0.0,,ida,40 - PAULO DA PORTELA X ALVORADA (EXPRESSO) [IDA],26329.2,244.0
901065,,52,-22.964747,-43.395166,2023-07-26 04:26:06,58.0,,ida,52 - SENTIDO ALVORADA (PARADOR) [IDA],35380.6,40.0
903032,,42,-22.839136,-43.283152,2023-07-26 04:25:58,43.8,,ida,42 - GALEÃO X MADUREIRA MANANCEIA (PARADOR) [IDA],42696.9,305.0
901075,,0,-22.96527,-43.39155,2023-07-26 04:24:54,0.0,,,,48984.6,
903037,,17,-22.926387,-43.650721,2023-07-26 04:26:09,39.4,,volta,17 - CAMPO GRANDE  X SANTA CRUZ (PARADOR) [VOLTA],20696.1,245.0
903002,,42,-22.814526,-43.245476,2023-07-26 04:26:12,35.4,,ida,42 - GALEÃO X MADUREIRA MANANCEIA (PARADOR) [IDA],6950.9,65.0
902110,,35,-22.932313,-43.37308,2023-07-26 04:25:54,34.6,,ida,35 - MADUREIRA X ALVORADA (PARADOR) [IDA],8816.4,173.0
902114,,35,-23.001304,-43.364657,2023-07-26 04:26:04,15.4,,volta,35 - ALVORADA  X  MADUREIRA (PARADOR) [VOLTA],8958.6,89.0
903054,,17,-22.91651,-43.607072,2023-07-26 04:26:00,0.0,,ida,17 - SANTA CRUZ X CAMPO GRANDE (PARADOR) [IDA],17656.0,359.0
903021,,38,-22.839503,-43.239779,2023-07-26 04:26:04,6.7,,ida,38 - FUNDÃO X ALVORADA (PARADOR) [IDA],34620.6,140.0
901072,,51,-22.85351,-43.385195,2023-07-26 04:26:12,22.6,,ida,51 - SENTIDO RECREIO (PARADOR) [IDA],38614.5,342.0
903007,,50,-22.988152,-43.365876,2023-07-26 04:26:09,44.3,,ida,50 - SENTIDO JD. OCEANICO (PARADOR) [IDA],41345.9,177.0
903004,,42,-22.839795,-43.239471,2023-07-26 04:26:10,4.1,,ida,,39183.3,144.0
903005,,42,-22.852582,-43.318043,2023-07-26 04:26:02,44.4,,ida,42 - GALEÃO X MADUREIRA MANANCEIA (PARADOR) [IDA],38811.1,87.0
903022,,50,-23.000193,-43.347028,2023-07-26 04:26:02,39.4,,ida,50 - SENTIDO JD. OCEANICO (PARADOR) [IDA],37724.4,85.0
903035,,17,-22.913508,-43.595944,2023-07-26 04:26:02,16.8,,volta,17 - CAMPO GRANDE  X SANTA CRUZ (PARADOR) [VOLTA],19558.9,243.0
901059,,51,-22.915847,-43.397919,2023-07-26 04:26:02,0.0,,ida,51 - SENTIDO RECREIO (PARADOR) [IDA],48340.8,56.0
903003,,42,-22.853867,-43.24896,2023-07-26 04:26:06,46.4,,ida,42 - GALEÃO X MADUREIRA MANANCEIA (PARADOR) [IDA],41693.8,242.0
901024,,22,-23.000279,-43.366813,2023-07-26 04:26:13,11.2,,ida,22 - ALVORADA X J. OCEÂNICO (PARADOR) [IDA],20649.9,11.0
901025,,46,-22.989407,-43.417472,2023-07-26 04:25:56,7.3,,ida,46 - PENHA X ALVORADA (EXPRESSO) [IDA],40694.2,49.0
901027,,41,-23.008689,-43.44066,2023-07-26 04:18:58,0.0,,volta,41 - TERMINAL RECREIO X PAULO DA PORTELA (EXPRESSO) [VOLTA],25965.8,55.0
901028,,40,-22.959853,-43.388386,2023-07-26 04:26:10,35.0,,ida,40 - PAULO DA PORTELA X ALVORADA (EXPRESSO) [IDA],23762.0,75.0
901032,,52,-22.964736,-43.392074,2023-07-26 04:20:55,0.0,,ida,52 - SENTIDO ALVORADA (PARADOR) [IDA],25282.8,170.0
903009,,42,-22.839464,-43.239729,2023-07-26 04:26:07,0.0,,ida,42 - GALEÃO X MADUREIRA MANANCEIA (PARADOR) [IDA],47178.2,146.0
903010,,42,-22.856476,-43.327983,2023-07-26 04:25:56,0.0,,volta,42 - MADUREIRA MANANCEIA X GALEAO (PARADOR) [VOLTA],43678.5,69.0
903012,,42,-22.839935,-43.239414,2023-07-26 04:26:13,0.0,,ida,,47933.3,142.0
903015,,42,-22.877689,-43.336286,2023-07-26 04:25:55,0.0,,volta,42 - MADUREIRA MANANCEIA X GALEAO (PARADOR) [VOLTA],47850.3,351.0
903016,,38,-22.876549,-43.329646,2023-07-26 04:26:05,0.0,,ida,38 - FUNDÃO X ALVORADA (PARADOR) [IDA],42519.5,
903017,,50,-22.979948,-43.365696,2023-07-26 04:26:07,50.7,,volta,50 - SENTIDO T. OLIMPICO (PARADOR) [VOLTA],44895.4,
903018,,38,-22.840121,-43.240453,2023-07-26 04:26:13,0.0,,ida,38 - FUNDÃO X ALVORADA (PARADOR) [IDA],11263.9,322.0
903020,,50,-23.000113,-43.366391,2023-07-26 04:26:10,43.3,,volta,50 - SENTIDO T. OLIMPICO (PARADOR) [VOLTA],43830.9,268.0
903024,,38,-22.97335,-43.373931,2023-07-26 04:26:13,56.1,,volta,38 - ALVORADA X FUNDÃO (PARADOR) [VOLTA],38005.8,270.0
903025,,50,-22.972399,-43.401057,2023-07-26 04:26:02,0.0,,ida,50 - SENTIDO JD. OCEANICO (PARADOR) [IDA],39443.3,230.0
903013,,42,-22.853255,-43.313622,2023-07-26 04:26:00,22.4,,volta,42 - MADUREIRA MANANCEIA X GALEAO (PARADOR) [VOLTA],44460.1,80.0
901060,,41,-22.862141,-43.40082,2023-07-26 04:25:55,0.0,,volta,41 - TERMINAL RECREIO X PAULO DA PORTELA (EXPRESSO) [VOLTA],24763.2,227.0
903063,,17,-22.920219,-43.608046,2023-07-26 04:26:07,0.0,,ida,17 - SANTA CRUZ X CAMPO GRANDE (PARADOR) [IDA],21497.7,135.0
901000,,22,-23.000343,-43.340384,2023-07-26 04:25:55,42.3,,ida,22 - ALVORADA X J. OCEÂNICO (PARADOR) [IDA],30193.3,91.0
902117,,31,-22.876443,-43.329863,2023-07-26 04:25:57,0.0,,ida,31 - VICENTE DE CARVALHO X ALVORADA (SEMIDIRETO) [IDA],10234.6,
901044,,46,-22.963621,-43.390284,2023-07-26 04:26:10,59.1,,ida,46 - PENHA X ALVORADA (EXPRESSO) [IDA],29582.3,2.0
903033,,38,-22.856658,-43.328807,2023-07-26 04:26:06,43.6,,ida,38 - FUNDÃO X ALVORADA (PARADOR) [IDA],36554.2,73.0
902049,,46,-22.854522,-43.251527,2023-07-26 03:28:03,0.0,,ida,46 - PENHA X ALVORADA (EXPRESSO) [IDA],36014.8,
902020,,46,-22.973175,-43.385045,2023-07-26 04:25:51,22.4,,volta,46 - ALVORADA X PENHA (EXPRESSO) [VOLTA],31617.1,271.0
902022,,46,-22.926227,-43.373667,2023-07-26 04:25:56,41.2,,volta,46 - ALVORADA X PENHA (EXPRESSO) [VOLTA],30765.9,355.0
901093,,22,-22.965706,-43.391219,2023-07-26 04:25:54,0.0,,ida,,27781.9,
902059,,41,-22.854643,-43.250876,2023-07-26 04:26:08,0.0,,volta,41 - TERMINAL RECREIO X PAULO DA PORTELA (EXPRESSO) [VOLTA],35690.7,
902056,,46,-23.001043,-43.365287,2023-07-26 04:26:03,31.9,,volta,46 - ALVORADA X PENHA (EXPRESSO) [VOLTA],34616.5,268.0
901091,,40,-22.959553,-43.392125,2023-07-26 04:26:04,59.4,,ida,40 - PAULO DA PORTELA X ALVORADA (EXPRESSO) [IDA],31102.9,325.0
902032,,46,-22.852816,-43.313126,2023-07-26 04:26:04,0.0,,ida,46 - PENHA X ALVORADA (EXPRESSO) [IDA],36271.0,229.0
902027,,46,-22.854238,-43.251883,2023-07-26 04:26:10,0.0,,ida,46 - PENHA X ALVORADA (EXPRESSO) [IDA],32859.199,
902031,,41,-22.854087,-43.251728,2023-07-26 03:26:01,0.0,,volta,41 - TERMINAL RECREIO X PAULO DA PORTELA (EXPRESSO) [VOLTA],34805.7,
902018,,40,-22.965193,-43.391701,2023-07-26 04:26:00,6.2,,ida,40 - PAULO DA PORTELA X ALVORADA (EXPRESSO) [IDA],23625.9,148.0
902046,,41,-22.854481,-43.251292,2023-07-26 04:26:04,0.0,,volta,41 - TERMINAL RECREIO X PAULO DA PORTELA (EXPRESSO) [VOLTA],33363.3,
12715,,10,-23.000343,-43.381865,2023-07-26 04:26:04,57.0,,volta,10 - ALVORADA X SANTA CRUZ (EXPRESSO) [VOLTA],42351.3,269.0
902010,,40,-22.965072,-43.392133,2023-07-26 03:27:52,0.0,,ida,40 - PAULO DA PORTELA X ALVORADA (EXPRESSO) [IDA],10957.6,
901067,,52,-22.864585,-43.406048,2023-07-26 04:26:08,59.7,,ida,52 - SENTIDO ALVORADA (PARADOR) [IDA],41745.0,245.0
E902004,,41,-22.854871,-43.252209,2023-07-26 04:26:00,0.0,,volta,41 - TERMINAL RECREIO X PAULO DA PORTELA (EXPRESSO) [VOLTA],13269.1,
12713,,11,-22.992518,-43.598482,2023-07-26 04:25:50,51.2,,ida,11 - SANTA CRUZ X ALVORADA (PARADOR) [IDA],35238.1,132.0
902062,,46,-23.000659,-43.3677,2023-07-26 04:26:03,0.0,,volta,46 - ALVORADA X PENHA (EXPRESSO) [VOLTA],33266.5,
902048,,46,-23.000903,-43.367547,2023-07-26 04:26:02,0.0,,volta,46 - ALVORADA X PENHA (EXPRESSO) [VOLTA],23958.0,124.0
902058,,46,-22.854551,-43.251365,2023-07-26 04:25:55,0.0,,ida,46 - PENHA X ALVORADA (EXPRESSO) [IDA],34574.7,
901068,,51,-22.868245,-43.413379,2023-07-26 04:25:56,0.2,,ida,51 - SENTIDO RECREIO (PARADOR) [IDA],50802.0,244.0
902003,,41,-22.854292,-43.251954,2023-07-26 03:40:46,0.0,,volta,41 - TERMINAL RECREIO X PAULO DA PORTELA (EXPRESSO) [VOLTA],17394.1,
902102,,35,-22.876443,-43.32965,2023-07-26 04:26:01,0.0,,ida,35 - MADUREIRA X ALVORADA (PARADOR) [IDA],12378.2,
901082,,40,-22.965297,-43.391509,2023-07-26 04:26:05,0.0,,ida,40 - PAULO DA PORTELA X ALVORADA (EXPRESSO) [IDA],47060.2,3.0
902050,,43,-22.876533,-43.335703,2023-07-26 04:25:56,49.3,,ida,43 - FUNDÃO X SANTA EFIGENIA (EXPRESSO) [IDA],31252.4,210.0
12716,,18,-22.916488,-43.607004,2023-07-26 04:26:03,0.0,,ida,18 - RECREIO SHOPPING X JARDIM OCEÂNICO (EXPRESSO) [IDA],45552.6,
902063,,46,-22.879902,-43.341817,2023-07-26 04:26:09,38.8,,ida,46 - PENHA X ALVORADA (EXPRESSO) [IDA],33248.1,186.0
902057,,46,-22.854082,-43.251502,2023-07-26 03:29:17,0.0,,ida,46 - PENHA X ALVORADA (EXPRESSO) [IDA],29122.5,
902051,,46,-22.854874,-43.259979,2023-07-26 04:26:10,36.3,,ida,46 - PENHA X ALVORADA (EXPRESSO) [IDA],32984.1,325.0
902067,,41,-22.854512,-43.251073,2023-07-26 04:25:58,0.0,,volta,41 - TERMINAL RECREIO X PAULO DA PORTELA (EXPRESSO) [VOLTA],34072.8,
901098,,40,-23.008428,-43.439835,2023-07-26 04:26:01,0.0,,ida,40 - PAULO DA PORTELA X ALVORADA (EXPRESSO) [IDA],27270.8,76.0
901055,,51,-22.965124,-43.391679,2023-07-26 04:26:12,14.2,,volta,51 - SENTIDO V. MILITAR (PARADOR) [VOLTA],46637.1,160.0
901076,,52,-22.965416,-43.391589,2023-07-26 04:25:00,0.0,,ida,52 - SENTIDO ALVORADA (PARADOR) [IDA],31253.9,151.0
901079,,53,-22.937717,-43.395096,2023-07-26 04:26:10,54.9,,ida,53 - SENTIDO ALVORADA (EXPRESSO) [IDA],44042.3,349.0
902080,,43,-22.855525,-43.255486,2023-07-26 04:26:05,27.0,,volta,43 - SANTA EFIGENIA X FUNDÃO (EXPRESSO) [VOLTA],34337.8,219.0
901081,,0,-22.96574,-43.391392,2023-07-26 04:25:58,0.0,,,,41787.1,
902065,,43,-22.839314,-43.240482,2023-07-26 04:26:02,0.0,,ida,43 - FUNDÃO X SANTA EFIGENIA (EXPRESSO) [IDA],35358.2,
901069,,22,-22.86182,-43.400033,2023-07-26 04:26:03,0.0,,ida,22 - ALVORADA X J. OCEÂNICO (PARADOR) [IDA],37720.4,241.0
901074,,22,-22.969905,-43.399739,2023-07-26 04:25:39,39.4,,ida,22 - ALVORADA X J. OCEÂNICO (PARADOR) [IDA],39495.5,34.0
901085,,53,-22.964642,-43.391845,2023-07-26 04:26:05,0.0,,ida,53 - SENTIDO ALVORADA (EXPRESSO) [IDA],43530.7,169.0
902030,,31,-22.852314,-43.315413,2023-07-26 04:26:14,31.2,,ida,31 - VICENTE DE CARVALHO X ALVORADA (SEMIDIRETO) [IDA],11292.2,102.0
902071,,46,-22.938445,-43.372241,2023-07-26 04:26:01,45.6,,ida,46 - PENHA X ALVORADA (EXPRESSO) [IDA],35926.2,184.0
902064,,43,-22.854427,-43.251622,2023-07-26 04:26:04,0.0,,ida,43 - FUNDÃO X SANTA EFIGENIA (EXPRESSO) [IDA],0.0,
902070,,46,-22.841285,-43.276238,2023-07-26 03:57:38,0.0,,ida,46 - PENHA X ALVORADA (EXPRESSO) [IDA],36270.3,285.0
901083,,53,-22.964494,-43.392056,2023-07-26 04:26:05,0.0,,ida,53 - SENTIDO ALVORADA (EXPRESSO) [IDA],49411.4,
E902006,,40,-22.965443,-43.39186,2023-07-26 04:25:55,0.0,,ida,40 - PAULO DA PORTELA X ALVORADA (EXPRESSO) [IDA],19292.0,
E902011,,40,-22.965762,-43.391669,2023-07-26 04:25:55,0.0,,ida,40 - PAULO DA PORTELA X ALVORADA (EXPRESSO) [IDA],8589.6,
902002,,41,-22.854393,-43.252026,2023-07-26 03:26:02,0.0,,volta,41 - TERMINAL RECREIO X PAULO DA PORTELA (EXPRESSO) [VOLTA],19822.7,
902069,,41,-22.879116,-43.336762,2023-07-26 04:26:05,0.0,,volta,41 - TERMINAL RECREIO X PAULO DA PORTELA (EXPRESSO) [VOLTA],32579.1,
903068,,17,-22.918178,-43.683138,2023-07-26 04:25:59,0.0,,ida,17 - SANTA CRUZ X CAMPO GRANDE (PARADOR) [IDA],20718.4,340.0
902013,,43,-22.965764,-43.391688,2023-07-26 03:26:45,0.0,,ida,43 - FUNDÃO X SANTA EFIGENIA (EXPRESSO) [IDA],11572.2,
902082,,35,-22.876564,-43.329983,2023-07-26 04:26:02,0.0,,ida,35 - MADUREIRA X ALVORADA (PARADOR) [IDA],10858.4,
903062,,17,-22.916397,-43.607053,2023-07-26 04:25:58,0.0,,ida,17 - SANTA CRUZ X CAMPO GRANDE (PARADOR) [IDA],20172.2,359.0
902089,,35,-22.878473,-43.336363,2023-07-26 04:25:56,0.0,,ida,35 - MADUREIRA X ALVORADA (PARADOR) [IDA],9754.3,
903051,,50,-23.006851,-43.312677,2023-07-26 04:26:02,0.0,,volta,50 - SENTIDO T. OLIMPICO (PARADOR) [VOLTA],31044.7,
902055,,46,-22.854445,-43.252107,2023-07-26 04:26:09,0.0,,ida,46 - PENHA X ALVORADA (EXPRESSO) [IDA],11.0,
903044,,42,-22.85757,-43.257765,2023-07-26 04:26:08,6.6,,volta,42 - MADUREIRA MANANCEIA X GALEAO (PARADOR) [VOLTA],29194.4,100.0
903039,,17,-22.91629,-43.607115,2023-07-26 04:26:06,0.0,,ida,17 - SANTA CRUZ X CAMPO GRANDE (PARADOR) [IDA],18350.5,266.0
902074,,31,-22.8764,-43.329662,2023-07-26 04:00:25,0.0,,ida,31 - VICENTE DE CARVALHO X ALVORADA (SEMIDIRETO) [IDA],9765.9,
903040,,17,-22.92108,-43.644797,2023-07-26 04:25:56,58.0,,ida,17 - SANTA CRUZ X CAMPO GRANDE (PARADOR) [IDA],18452.8,63.0
903064,,50,-23.005305,-43.318862,2023-07-26 04:26:10,56.7,,volta,50 - SENTIDO T. OLIMPICO (PARADOR) [VOLTA],22123.2,294.0
903069,,17,-22.904801,-43.556704,2023-07-26 04:06:18,21.9,,ida,17 - SANTA CRUZ X CAMPO GRANDE (PARADOR) [IDA],22395.5,9.0
903049,,17,-22.918922,-43.682475,2023-07-26 04:26:11,0.0,,ida,17 - SANTA CRUZ X CAMPO GRANDE (PARADOR) [IDA],23308.0,328.0
903038,,17,-22.915807,-43.607855,2023-07-26 04:25:57,48.8,,ida,17 - SANTA CRUZ X CAMPO GRANDE (PARADOR) [IDA],26529.3,71.0
903053,,17,-22.926248,-43.678899,2023-07-26 04:25:52,47.4,,ida,17 - SANTA CRUZ X CAMPO GRANDE (PARADOR) [IDA],21444.1,151.0
12732,,18,-22.917566,-43.606938,2023-07-26 04:25:53,0.0,,ida,18 - RECREIO SHOPPING X JARDIM OCEÂNICO (EXPRESSO) [IDA],25671.0,
902096,,35,-22.924525,-43.373858,2023-07-26 04:26:13,0.0,,ida,35 - MADUREIRA X ALVORADA (PARADOR) [IDA],14208.2,160.0
902079,,46,-22.854728,-43.251775,2023-07-26 03:31:14,0.0,,ida,46 - PENHA X ALVORADA (EXPRESSO) [IDA],30818.4,
903066,,17,-22.915726,-43.628105,2023-07-26 04:26:03,0.0,,volta,17 - CAMPO GRANDE  X SANTA CRUZ (PARADOR) [VOLTA],24866.5,217.0
902099,,35,-22.965424,-43.3904,2023-07-26 04:26:01,53.4,,volta,35 - ALVORADA  X  MADUREIRA (PARADOR) [VOLTA],11528.5,2.0
902091,,35,-22.878935,-43.337137,2023-07-26 04:26:01,12.1,,ida,35 - MADUREIRA X ALVORADA (PARADOR) [IDA],14037.5,261.0
901099,,51,-22.912676,-43.400636,2023-07-26 04:24:19,57.9,,volta,51 - SENTIDO V. MILITAR (PARADOR) [VOLTA],29466.5,331.0
903061,,17,-22.920183,-43.608035,2023-07-26 04:25:54,0.0,,ida,17 - SANTA CRUZ X CAMPO GRANDE (PARADOR) [IDA],21481.3,
44706,LRG8855,12,-23.001811,-43.572255,2023-07-26 04:25:55,57.8,,volta,12 - ALVORADA X PINGO D'AGUA (EXPRESSO) [VOLTA],21857.7,284.0
903065,,17,-22.916572,-43.607133,2023-07-26 04:26:02,0.0,,ida,17 - SANTA CRUZ X CAMPO GRANDE (PARADOR) [IDA],16953.7,359.0
901008,,22,-23.001026,-43.36624,2023-07-26 04:30:11,0.0,,volta,,22782.6,
901004,RJQ8J80,22,-23.000683,-43.365438,2023-07-26 04:26:52,0.0,,volta,,21425.9,
47031,KYW5240,25,-23.018581,-43.482896,2023-07-26 04:30:07,32.6,,ida,25 - MATO ALTO X ALVORADA (PARADOR) [IDA],50895.0,65.0
30538,KXE7719,20,-23.017319,-43.512805,2023-07-26 04:30:09,58.6,,ida,20 - SANTA CRUZ X SALVADOR ALLENDE (EXPRESSO) [IDA],55866.3,107.0
50309,KPN6B05,13,-22.992935,-43.598066,2023-07-26 04:30:10,0.0,,ida,13 - MATO ALTO X ALVORADA (EXPRESSO) [IDA],20066.9,
30532,KYL8599,12,-22.992577,-43.598361,2023-07-26 04:30:19,0.0,,ida,12 - PINGO D'AGUA X ALVORADA (EXPRESSO) [IDA],41752.5,135.0
13403,LTF5447,10,-22.984854,-43.607806,2023-07-26 04:30:11,60.2,,ida,10 - SANTA CRUZ X ALVORADA (EXPRESSO) [IDA],53251.2,133.0
90002,LMB2D92,11,-22.916323,-43.607168,2023-07-26 04:30:16,0.0,,ida,11 - SANTA CRUZ X ALVORADA (PARADOR) [IDA],55833.8,302.0
47030,LSQ5263,20,-22.917056,-43.683565,2023-07-26 04:30:09,8.0,,ida,20 - SANTA CRUZ X SALVADOR ALLENDE (EXPRESSO) [IDA],53763.5,342.0
30519,LRE9804,11,-22.920074,-43.608092,2023-07-26 04:30:21,0.0,,ida,11 - SANTA CRUZ X ALVORADA (PARADOR) [IDA],51494.8,
90005,KWK6A89,10,-23.016101,-43.516122,2023-07-26 04:30:14,59.9,,ida,10 - SANTA CRUZ X ALVORADA (EXPRESSO) [IDA],49811.9,284.0
86875,KQB4103,12,-22.919607,-43.607642,2023-07-26 04:30:10,0.0,,ida,12 - PINGO D'AGUA X ALVORADA (EXPRESSO) [IDA],13012.2,
30518,KYL8597,25,-23.003332,-43.42494,2023-07-26 04:30:13,24.0,,ida,25 - MATO ALTO X ALVORADA (PARADOR) [IDA],37103.5,69.0
902090,,35,-22.920532,-43.368812,2023-07-26 04:30:09,38.1,,volta,35 - ALVORADA  X  MADUREIRA (PARADOR) [VOLTA],15068.4,67.0
86885,LTB5540,14,-22.919014,-43.607023,2023-07-26 04:30:20,0.0,,ida,14 - SANTA EUGÊNIA X SALVADOR ALLENDE (EXPRESSO) [IDA],514714.4,
13425,KRL4070,20,-23.001041,-43.367252,2023-07-26 04:26:44,0.0,,volta,,1201.6,
12738,KRR2404,25,-23.017042,-43.477608,2023-07-26 04:30:03,0.0,,ida,25 - MATO ALTO X ALVORADA (PARADOR) [IDA],37379.3,264.0
47006,KWZ8630,20,-22.95217,-43.649672,2023-07-26 04:30:13,59.2,,ida,20 - SANTA CRUZ X SALVADOR ALLENDE (EXPRESSO) [IDA],50867.7,153.0
47007,LSP6018,18,-22.920573,-43.607691,2023-07-26 04:30:21,0.0,,ida,18 - RECREIO SHOPPING X JARDIM OCEÂNICO (EXPRESSO) [IDA],42179.7,
13413,KWI9711,12,-22.963585,-43.647832,2023-07-26 04:30:09,46.6,,ida,12 - PINGO D'AGUA X ALVORADA (EXPRESSO) [IDA],43505.3,171.0
90001,KPZ5E15,20,-22.918427,-43.682865,2023-07-26 04:30:05,0.0,,ida,20 - SANTA CRUZ X SALVADOR ALLENDE (EXPRESSO) [IDA],44124.6,324.0
901057,,22,-22.973331,-43.390644,2023-07-26 04:29:15,58.6,,ida,22 - ALVORADA X J. OCEÂNICO (PARADOR) [IDA],51047.8,91.0
901003,RKM8C54,22,-23.000971,-43.365094,2023-07-26 04:27:30,0.0,,ida,22 - ALVORADA X J. OCEÂNICO (PARADOR) [IDA],22819.7,
86874,KQB4102,20,-22.920644,-43.608174,2023-07-26 04:30:14,0.0,,ida,20 - SANTA CRUZ X SALVADOR ALLENDE (EXPRESSO) [IDA],512858.0,
86879,LTN5696,18,-22.916327,-43.607034,2023-07-26 04:30:07,0.0,,ida,18 - RECREIO SHOPPING X JARDIM OCEÂNICO (EXPRESSO) [IDA],1795.0,320.0
47011,LRH8889,0,-22.920141,-43.607916,2023-07-26 04:30:11,0.0,,,,39515.9,
30537,KXE7720,12,-22.920676,-43.607925,2023-07-26 04:30:16,5.2,,ida,12 - PINGO D'AGUA X ALVORADA (EXPRESSO) [IDA],51504.4,121.0
50301,KPP5B70,25,-23.000875,-43.367628,2023-07-26 04:30:04,0.0,,volta,25 - ALVORADA X MATO ALTO (PARADOR) [VOLTA],3941.1,
44713,KPZ3559,20,-22.920646,-43.607893,2023-07-26 04:30:14,0.0,,ida,20 - SANTA CRUZ X SALVADOR ALLENDE (EXPRESSO) [IDA],29573.1,
13401,KQO7822,19,-22.966299,-43.644917,2023-07-26 04:30:16,0.0,,ida,19 - PINGO D'AGUA X SALVADOR ALLENDE (EXPRESSO) [IDA],53624.6,
27174,KQP5437,20,-22.916625,-43.632804,2023-07-26 04:30:19,0.0,,ida,20 - SANTA CRUZ X SALVADOR ALLENDE (EXPRESSO) [IDA],18858.1,248.0
47026,KYA7928,10,-22.920597,-43.608014,2023-07-26 04:30:11,0.0,,ida,10 - SANTA CRUZ X ALVORADA (EXPRESSO) [IDA],32900.199,
86889,KRQ6878,10,-23.000893,-43.367123,2023-07-26 04:30:17,0.0,,volta,10 - ALVORADA X SANTA CRUZ (EXPRESSO) [VOLTA],514962.4,
27209,LSL9B07,18,-22.968316,-43.637673,2023-07-26 04:30:12,60.8,,ida,18 - RECREIO SHOPPING X JARDIM OCEÂNICO (EXPRESSO) [IDA],10069.2,107.0
27176,LRK9563,18,-22.925566,-43.650026,2023-07-26 04:30:09,17.7,,ida,18 - RECREIO SHOPPING X JARDIM OCEÂNICO (EXPRESSO) [IDA],13487.2,196.0
30511,KPV2250,13,-23.00105,-43.365624,2023-07-26 04:30:05,0.0,,volta,13 - ALVORADA X  MATO ALTO (EXPRESSO) [VOLTA],49434.3,287.0
13427,KXE7711,0,-22.918421,-43.607113,2023-07-26 04:30:17,0.0,,,,51855.2,
12725,LMJ1327,25,-23.000748,-43.367947,2023-07-26 04:30:21,26.4,,volta,25 - ALVORADA X MATO ALTO (PARADOR) [VOLTA],39236.2,84.0
13404,KQO7823,20,-22.918434,-43.684086,2023-07-26 04:30:04,27.9,,ida,20 - SANTA CRUZ X SALVADOR ALLENDE (EXPRESSO) [IDA],56077.3,165.0
47022,KRM7701,10,-23.001051,-43.365336,2023-07-26 04:30:04,0.0,,volta,10 - ALVORADA X SANTA CRUZ (EXPRESSO) [VOLTA],12931.7,201.0
12736,LMJ4504,20,-22.919837,-43.608287,2023-07-26 04:30:18,0.0,,ida,20 - SANTA CRUZ X SALVADOR ALLENDE (EXPRESSO) [IDA],15483.9,18.0
13422,LSI5978,20,-22.918182,-43.682989,2023-07-26 04:30:11,0.0,,ida,20 - SANTA CRUZ X SALVADOR ALLENDE (EXPRESSO) [IDA],40371.9,
13402,LTL5480,12,-22.920242,-43.607762,2023-07-26 04:30:16,0.0,,ida,12 - PINGO D'AGUA X ALVORADA (EXPRESSO) [IDA],43258.9,
12730,LSO8993,19,-22.996329,-43.59398,2023-07-26 04:30:07,47.3,,ida,19 - PINGO D'AGUA X SALVADOR ALLENDE (EXPRESSO) [IDA],9228.0,134.0
86872,LSH7386,20,-22.916681,-43.632549,2023-07-26 04:30:10,0.0,,ida,20 - SANTA CRUZ X SALVADOR ALLENDE (EXPRESSO) [IDA],22401.3,259.0
86859,KWJ9250,20,-22.928333,-43.653804,2023-07-26 04:30:11,24.4,,ida,20 - SANTA CRUZ X SALVADOR ALLENDE (EXPRESSO) [IDA],18674.9,235.0
30509,KYM4574,13,-23.011346,-43.53283,2023-07-26 04:28:14,54.7,,ida,13 - MATO ALTO X ALVORADA (EXPRESSO) [IDA],53025.3,106.0
12710,KRO9724,20,-22.916671,-43.607092,2023-07-26 04:30:18,0.0,,ida,20 - SANTA CRUZ X SALVADOR ALLENDE (EXPRESSO) [IDA],38363.0,356.0
12720,KXD9430,20,-22.965958,-43.64769,2023-07-26 04:29:36,16.6,,ida,20 - SANTA CRUZ X SALVADOR ALLENDE (EXPRESSO) [IDA],21740.9,128.0
12712,LSN8501,19,-22.920186,-43.608085,2023-07-26 04:30:12,0.0,,ida,19 - PINGO D'AGUA X SALVADOR ALLENDE (EXPRESSO) [IDA],31093.7,
13407,KPY9732,20,-23.020797,-43.497094,2023-07-26 04:30:05,26.6,,ida,20 - SANTA CRUZ X SALVADOR ALLENDE (EXPRESSO) [IDA],45434.9,268.0
30521,LRC6594,25,-22.919578,-43.607162,2023-07-26 04:30:14,0.0,,ida,25 - MATO ALTO X ALVORADA (PARADOR) [IDA],34815.0,
12739,LMJ4F12,20,-22.916566,-43.607,2023-07-26 04:30:23,0.0,,ida,20 - SANTA CRUZ X SALVADOR ALLENDE (EXPRESSO) [IDA],23710.3,
47010,KPZ8363,13,-22.988834,-43.603187,2023-07-26 04:13:34,48.3,,ida,13 - MATO ALTO X ALVORADA (EXPRESSO) [IDA],42570.1,131.0
86884,LSP9604,20,-22.965301,-43.391925,2023-07-26 04:26:40,0.0,,ida,20 - SANTA CRUZ X SALVADOR ALLENDE (EXPRESSO) [IDA],15298.3,328.0
12734,LSP8673,11,-22.920177,-43.60786,2023-07-26 04:30:09,0.0,,ida,11 - SANTA CRUZ X ALVORADA (PARADOR) [IDA],16894.9,
90006,LRH6D12,20,-23.013425,-43.463338,2023-07-26 04:30:13,38.2,,volta,20 - SALVADOR ALLENDE X SANTA CRUZ (EXPRESSO) [VOLTA],29681.6,255.0
30531,LRC6592,19,-23.012274,-43.457798,2023-07-26 04:30:04,0.0,,ida,19 - PINGO D'AGUA X SALVADOR ALLENDE (EXPRESSO) [IDA],40578.2,76.0
30524,LRC6601,10,-22.966108,-43.645515,2023-07-26 04:26:20,0.0,,ida,10 - SANTA CRUZ X ALVORADA (EXPRESSO) [IDA],29215.4,105.0
13415,KQK7905,25,-22.998759,-43.586497,2023-07-26 04:30:13,59.6,,ida,25 - MATO ALTO X ALVORADA (PARADOR) [IDA],45110.8,104.0
901002,,22,-23.000709,-43.365962,2023-07-26 04:30:04,0.0,,ida,22 - ALVORADA X J. OCEÂNICO (PARADOR) [IDA],17393.7,
B13,KYM5979,14,-23.011141,-43.535636,2023-07-26 04:28:44,58.9,,ida,14 - SANTA EUGÊNIA X SALVADOR ALLENDE (EXPRESSO) [IDA],1143.3,105.0
B20,LMH6141,14,-22.916554,-43.631542,2023-07-26 04:30:04,0.0,,ida,14 - SANTA EUGÊNIA X SALVADOR ALLENDE (EXPRESSO) [IDA],1138.7,258.0
B19,KZJ7238,14,-22.961301666666667,-43.64829833333334,2023-07-26 04:30:10,0.0,,ida,14 - SANTA EUGÊNIA X SALVADOR ALLENDE (EXPRESSO) [IDA],104986.2,225.0
B14,KRK9519,14,-22.995355,-43.595198,2023-07-26 04:30:18,42.7,,ida,14 - SANTA EUGÊNIA X SALVADOR ALLENDE (EXPRESSO) [IDA],1149.8,132.0
B24,LSO7028,14,-22.920998,-43.644635,2023-07-26 04:29:59,57.3,,ida,14 - SANTA EUGÊNIA X SALVADOR ALLENDE (EXPRESSO) [IDA],1180.0,64.0
B25,,14,-22.91649,-43.631136,2023-07-26 04:30:13,0.0,,ida,14 - SANTA EUGÊNIA X SALVADOR ALLENDE (EXPRESSO) [IDA],1101.9,256.0
B28,KQP5E29,14,-22.961157,-43.648319,2023-07-26 04:30:17,0.0,,ida,14 - SANTA EUGÊNIA X SALVADOR ALLENDE (EXPRESSO) [IDA],1134.8,
901001,RJD7J89,22,-23.00107,-43.366196,2023-07-26 04:30:06,0.0,,ida,22 - ALVORADA X J. OCEÂNICO (PARADOR) [IDA],17329.6,
B048,,14,-22.916547,-43.631473,2023-07-26 04:30:09,0.0,,ida,14 - SANTA EUGÊNIA X SALVADOR ALLENDE (EXPRESSO) [IDA],1167.9,258.0
B49,,14,-22.916518,-43.63123,2023-07-26 04:30:13,0.0,,ida,14 - SANTA EUGÊNIA X SALVADOR ALLENDE (EXPRESSO) [IDA],1134.2,262.0
B55,,14,-22.916708,-43.633077,2023-07-26 04:30:18,0.0,,ida,14 - SANTA EUGÊNIA X SALVADOR ALLENDE (EXPRESSO) [IDA],1122.1,232.0
B53,,14,-22.926963,-43.63521,2023-07-26 04:30:08,43.1,,ida,14 - SANTA EUGÊNIA X SALVADOR ALLENDE (EXPRESSO) [IDA],1193.9,6.0
B51,,14,-22.945852,-43.656589,2023-07-26 04:30:20,59.9,,ida,14 - SANTA EUGÊNIA X SALVADOR ALLENDE (EXPRESSO) [IDA],1199.7,106.0
901077,,52,-22.964492,-43.391689,2023-07-26 04:30:13,0.0,,ida,52 - SENTIDO ALVORADA (PARADOR) [IDA],26505.0,
901058,,51,-22.977189,-43.406646,2023-07-26 04:30:05,13.8,,ida,51 - SENTIDO RECREIO (PARADOR) [IDA],44180.7,215.0
903027,,50,-22.921414,-43.370596,2023-07-26 04:30:07,21.2,,ida,50 - SENTIDO JD. OCEANICO (PARADOR) [IDA],49603.5,239.0
901066,,22,-22.947994,-43.391567,2023-07-26 04:30:20,0.0,,ida,22 - ALVORADA X J. OCEÂNICO (PARADOR) [IDA],49992.0,128.0
903026,,50,-22.972184,-43.401063,2023-07-26 04:30:03,0.0,,ida,50 - SENTIDO JD. OCEANICO (PARADOR) [IDA],48944.7,185.0
903029,,50,-22.876893,-43.330152,2023-07-26 04:30:21,0.0,,ida,50 - SENTIDO JD. OCEANICO (PARADOR) [IDA],33496.6,139.0
902116,,35,-22.913447,-43.360578,2023-07-26 04:30:22,59.2,,ida,35 - MADUREIRA X ALVORADA (PARADOR) [IDA],11163.3,188.0
902115,,35,-22.973254,-43.383099,2023-07-26 04:30:14,17.8,,ida,35 - MADUREIRA X ALVORADA (PARADOR) [IDA],14855.1,85.0
901061,,51,-23.005341,-43.435733,2023-07-26 04:30:18,54.3,,ida,51 - SENTIDO RECREIO (PARADOR) [IDA],43291.0,224.0
901073,,52,-22.912029,-43.400847,2023-07-26 04:29:19,49.3,,ida,52 - SENTIDO ALVORADA (PARADOR) [IDA],41838.7,348.0
901065,,52,-22.934966,-43.395626,2023-07-26 04:30:06,58.8,,ida,52 - SENTIDO ALVORADA (PARADOR) [IDA],35384.4,351.0
903032,,42,-22.842385,-43.299935,2023-07-26 04:30:18,45.9,,ida,42 - GALEÃO X MADUREIRA MANANCEIA (PARADOR) [IDA],42698.8,219.0
901075,,0,-22.971012,-43.388665,2023-07-26 04:30:09,19.3,,,,48985.5,128.0
903037,,17,-22.933561,-43.662461,2023-07-26 04:30:08,25.1,,volta,17 - CAMPO GRANDE  X SANTA CRUZ (PARADOR) [VOLTA],20697.6,247.0
903002,,42,-22.814684,-43.243188,2023-07-26 04:30:17,58.8,,ida,42 - GALEÃO X MADUREIRA MANANCEIA (PARADOR) [IDA],6953.3,126.0
902110,,35,-22.954548,-43.376354,2023-07-26 04:30:15,41.9,,ida,35 - MADUREIRA X ALVORADA (PARADOR) [IDA],8819.1,228.0
902114,,35,-22.99169,-43.365746,2023-07-26 04:30:04,55.6,,volta,35 - ALVORADA  X  MADUREIRA (PARADOR) [VOLTA],8960.3,
903054,,17,-22.916206,-43.607902,2023-07-26 04:30:21,11.3,,ida,17 - SANTA CRUZ X CAMPO GRANDE (PARADOR) [IDA],17656.1,8.0
903021,,42,-22.839693,-43.23958,2023-07-26 04:26:47,0.0,,ida,,34620.6,136.0
901072,,51,-22.860982,-43.398446,2023-07-26 04:30:12,0.0,,ida,51 - SENTIDO RECREIO (PARADOR) [IDA],38616.2,51.0
902045,,31,-22.87658,-43.329708,2023-07-26 04:30:19,0.0,,ida,31 - VICENTE DE CARVALHO X ALVORADA (SEMIDIRETO) [IDA],6821.5,
903007,,50,-23.00099,-43.364376,2023-07-26 04:30:10,19.8,,ida,50 - SENTIDO JD. OCEANICO (PARADOR) [IDA],41348.0,226.0
903004,,42,-22.839796,-43.239449,2023-07-26 04:30:10,0.0,,ida,,39183.3,145.0
903005,,42,-22.840859,-43.297723,2023-07-26 04:30:02,36.7,,ida,42 - GALEÃO X MADUREIRA MANANCEIA (PARADOR) [IDA],38813.8,55.0
903022,,50,-23.001353,-43.328975,2023-07-26 04:30:23,5.2,,ida,50 - SENTIDO JD. OCEANICO (PARADOR) [IDA],37726.2,104.0
903035,,17,-22.915625,-43.616223,2023-07-26 04:30:22,0.0,,volta,17 - CAMPO GRANDE  X SANTA CRUZ (PARADOR) [VOLTA],19561.0,286.0
901059,,51,-22.94379,-43.394387,2023-07-26 04:30:22,58.2,,ida,51 - SENTIDO RECREIO (PARADOR) [IDA],48344.0,174.0
903003,,42,-22.85132,-43.263371,2023-07-26 04:30:06,39.9,,ida,42 - GALEÃO X MADUREIRA MANANCEIA (PARADOR) [IDA],41695.8,325.0
901024,,22,-23.000063,-43.352462,2023-07-26 04:30:14,22.2,,ida,22 - ALVORADA X J. OCEÂNICO (PARADOR) [IDA],20651.4,81.0
901025,,46,-22.970177,-43.400091,2023-07-26 04:30:15,15.1,,ida,46 - PENHA X ALVORADA (EXPRESSO) [IDA],40697.0,42.0
901027,,41,-23.0084,-43.439818,2023-07-26 04:30:11,0.1,,volta,41 - TERMINAL RECREIO X PAULO DA PORTELA (EXPRESSO) [VOLTA],25965.9,77.0
901028,,40,-22.943375,-43.372267,2023-07-26 04:30:10,46.2,,ida,40 - PAULO DA PORTELA X ALVORADA (EXPRESSO) [IDA],23764.7,354.0
903009,,42,-22.839464,-43.239729,2023-07-26 04:30:07,0.0,,ida,42 - GALEÃO X MADUREIRA MANANCEIA (PARADOR) [IDA],47178.2,146.0
903010,,42,-22.851948,-43.311799,2023-07-26 04:30:17,30.5,,volta,42 - MADUREIRA MANANCEIA X GALEAO (PARADOR) [VOLTA],43680.4,48.0
903011,,42,-22.876805,-43.329486,2023-07-26 04:08:59,0.0,,ida,42 - GALEÃO X MADUREIRA MANANCEIA (PARADOR) [IDA],45328.1,82.0
903012,,42,-22.839935,-43.239414,2023-07-26 04:30:13,0.0,,ida,,47933.3,142.0
903015,,42,-22.877202,-43.336019,2023-07-26 04:30:16,23.5,,volta,42 - MADUREIRA MANANCEIA X GALEAO (PARADOR) [VOLTA],47850.3,32.0
903016,,38,-22.876195,-43.335209,2023-07-26 04:30:08,29.6,,ida,38 - FUNDÃO X ALVORADA (PARADOR) [IDA],42520.6,204.0
903017,,50,-22.973332,-43.377041,2023-07-26 04:30:07,0.0,,volta,50 - SENTIDO T. OLIMPICO (PARADOR) [VOLTA],44897.6,268.0
903018,,38,-22.83878,-43.240393,2023-07-26 04:30:19,17.3,,ida,38 - FUNDÃO X ALVORADA (PARADOR) [IDA],11264.2,113.0
903020,,50,-23.001369,-43.366881,2023-07-26 04:30:10,0.0,,volta,50 - SENTIDO T. OLIMPICO (PARADOR) [VOLTA],43831.4,90.0
903024,,38,-22.963961,-43.39034,2023-07-26 04:30:13,49.9,,volta,38 - ALVORADA X FUNDÃO (PARADOR) [VOLTA],38008.2,1.0
903025,,50,-22.972282,-43.401021,2023-07-26 04:30:21,0.0,,ida,50 - SENTIDO JD. OCEANICO (PARADOR) [IDA],39443.3,230.0
903013,,42,-22.841217,-43.298461,2023-07-26 04:30:17,0.0,,volta,42 - MADUREIRA MANANCEIA X GALEAO (PARADOR) [VOLTA],44462.1,15.0
901060,,51,-22.862176,-43.400987,2023-07-26 04:30:15,0.0,,ida,51 - SENTIDO RECREIO (PARADOR) [IDA],24763.2,227.0
903063,,17,-22.920263,-43.608145,2023-07-26 04:30:07,0.0,,ida,17 - SANTA CRUZ X CAMPO GRANDE (PARADOR) [IDA],21497.7,135.0
901000,,22,-23.003558,-43.323502,2023-07-26 04:30:15,24.7,,ida,22 - ALVORADA X J. OCEÂNICO (PARADOR) [IDA],30195.0,115.0
902117,,31,-22.876443,-43.329863,2023-07-26 04:30:16,0.0,,ida,31 - VICENTE DE CARVALHO X ALVORADA (SEMIDIRETO) [IDA],10234.6,
901044,,46,-22.9439,-43.372192,2023-07-26 04:30:10,44.6,,ida,46 - PENHA X ALVORADA (EXPRESSO) [IDA],29585.5,354.0
903033,,38,-22.84807,-43.305951,2023-07-26 04:30:05,57.9,,ida,38 - FUNDÃO X ALVORADA (PARADOR) [IDA],36556.9,49.0
902020,,46,-22.957338,-43.380057,2023-07-26 04:30:10,57.9,,volta,46 - ALVORADA X PENHA (EXPRESSO) [VOLTA],31620.0,51.0
902022,,46,-22.913032,-43.360452,2023-07-26 04:30:15,47.1,,volta,46 - ALVORADA X PENHA (EXPRESSO) [VOLTA],30768.1,8.0
901093,,22,-22.965706,-43.391219,2023-07-26 04:28:39,0.0,,ida,,27781.9,
902059,,41,-22.849102,-43.265018,2023-07-26 04:30:08,50.5,,volta,41 - TERMINAL RECREIO X PAULO DA PORTELA (EXPRESSO) [VOLTA],35692.8,323.0
902056,,46,-22.976208,-43.364615,2023-07-26 04:30:04,58.5,,volta,46 - ALVORADA X PENHA (EXPRESSO) [VOLTA],34619.8,21.0
901091,,40,-22.938927,-43.394817,2023-07-26 04:30:20,48.0,,ida,40 - PAULO DA PORTELA X ALVORADA (EXPRESSO) [IDA],31105.5,350.0
902032,,46,-22.865559,-43.334318,2023-07-26 04:30:04,57.4,,ida,46 - PENHA X ALVORADA (EXPRESSO) [IDA],36274.0,199.0
902027,,46,-22.854238,-43.251883,2023-07-26 04:30:10,0.0,,ida,46 - PENHA X ALVORADA (EXPRESSO) [IDA],32859.199,
902028,,46,-23.00103,-43.367704,2023-07-26 04:30:13,0.0,,volta,46 - ALVORADA X PENHA (EXPRESSO) [VOLTA],37575.1,
902018,,40,-22.965205,-43.391689,2023-07-26 04:30:20,0.0,,ida,40 - PAULO DA PORTELA X ALVORADA (EXPRESSO) [IDA],23625.9,
902046,,41,-22.854618,-43.250874,2023-07-26 04:30:04,0.0,,volta,41 - TERMINAL RECREIO X PAULO DA PORTELA (EXPRESSO) [VOLTA],33363.4,268.0
12715,,10,-23.000123,-43.413725,2023-07-26 04:30:04,59.4,,volta,10 - ALVORADA X SANTA CRUZ (EXPRESSO) [VOLTA],42354.5,263.0
901067,,52,-22.879839,-43.400052,2023-07-26 04:30:08,59.3,,ida,52 - SENTIDO ALVORADA (PARADOR) [IDA],41747.8,159.0
E902004,,41,-22.85479,-43.252013,2023-07-26 04:30:20,0.0,,volta,41 - TERMINAL RECREIO X PAULO DA PORTELA (EXPRESSO) [VOLTA],13269.1,
12713,,11,-23.002984,-43.56851,2023-07-26 04:30:10,58.8,,ida,11 - SANTA CRUZ X ALVORADA (PARADOR) [IDA],35241.5,104.0
902062,,46,-23.001415,-43.367822,2023-07-26 04:30:03,25.7,,volta,46 - ALVORADA X PENHA (EXPRESSO) [VOLTA],33267.5,91.0
902048,,46,-23.000903,-43.367547,2023-07-26 04:30:22,0.0,,volta,46 - ALVORADA X PENHA (EXPRESSO) [VOLTA],23958.0,
902058,,46,-22.854598,-43.251484,2023-07-26 04:30:14,0.0,,ida,46 - PENHA X ALVORADA (EXPRESSO) [IDA],34574.7,78.0
901068,,51,-22.887164,-43.400977,2023-07-26 04:30:17,39.3,,ida,51 - SENTIDO RECREIO (PARADOR) [IDA],50804.8,188.0
902003,,41,-22.854294,-43.251956,2023-07-26 04:30:17,0.0,,volta,41 - TERMINAL RECREIO X PAULO DA PORTELA (EXPRESSO) [VOLTA],17394.1,
902102,,35,-22.876443,-43.32965,2023-07-26 04:30:21,0.0,,ida,35 - MADUREIRA X ALVORADA (PARADOR) [IDA],12378.2,
901082,,40,-22.965299,-43.391502,2023-07-26 04:30:05,0.0,,ida,40 - PAULO DA PORTELA X ALVORADA (EXPRESSO) [IDA],47060.2,3.0
902050,,43,-22.897078,-43.351756,2023-07-26 04:30:16,24.7,,ida,43 - FUNDÃO X SANTA EFIGENIA (EXPRESSO) [IDA],31255.5,218.0
12716,,18,-22.91605,-43.610923,2023-07-26 04:30:22,38.4,,ida,18 - RECREIO SHOPPING X JARDIM OCEÂNICO (EXPRESSO) [IDA],45553.1,266.0
902063,,46,-22.897618,-43.352169,2023-07-26 04:30:06,0.0,,ida,46 - PENHA X ALVORADA (EXPRESSO) [IDA],33250.3,210.0
902051,,46,-22.841278,-43.276294,2023-07-26 04:30:10,0.3,,ida,46 - PENHA X ALVORADA (EXPRESSO) [IDA],32986.5,286.0
902067,,41,-22.85698,-43.258621,2023-07-26 04:30:19,28.9,,volta,41 - TERMINAL RECREIO X PAULO DA PORTELA (EXPRESSO) [VOLTA],34073.8,344.0
901098,,51,-23.005422,-43.43574,2023-07-26 04:30:01,59.6,,volta,51 - SENTIDO V. MILITAR (PARADOR) [VOLTA],27271.3,44.0
901055,,51,-22.965323,-43.391593,2023-07-26 04:30:12,0.0,,volta,51 - SENTIDO V. MILITAR (PARADOR) [VOLTA],46637.1,154.0
901076,,52,-22.965434,-43.391598,2023-07-26 04:30:16,0.0,,ida,52 - SENTIDO ALVORADA (PARADOR) [IDA],31253.9,
901079,,53,-22.91424,-43.399261,2023-07-26 04:29:04,63.9,,ida,53 - SENTIDO ALVORADA (EXPRESSO) [IDA],44045.1,319.0
902080,,43,-22.844554,-43.268654,2023-07-26 04:30:05,43.0,,volta,43 - SANTA EFIGENIA X FUNDÃO (EXPRESSO) [VOLTA],34340.0,323.0
901081,,0,-22.965654,-43.391442,2023-07-26 04:30:18,0.0,,,,41787.1,326.0
902065,,43,-22.839314,-43.240482,2023-07-26 04:30:02,0.0,,ida,43 - FUNDÃO X SANTA EFIGENIA (EXPRESSO) [IDA],35358.2,
901069,,22,-22.861796,-43.400054,2023-07-26 04:30:22,0.0,,ida,22 - ALVORADA X J. OCEÂNICO (PARADOR) [IDA],37720.4,241.0
901074,,22,-22.950886,-43.389772,2023-07-26 04:30:19,47.0,,ida,22 - ALVORADA X J. OCEÂNICO (PARADOR) [IDA],39498.1,350.0
901085,,53,-22.964641,-43.391882,2023-07-26 04:30:05,0.0,,ida,53 - SENTIDO ALVORADA (EXPRESSO) [IDA],43530.7,169.0
902071,,46,-22.963609,-43.39038,2023-07-26 04:30:21,57.8,,ida,46 - PENHA X ALVORADA (EXPRESSO) [IDA],35930.1,181.0
902064,,43,-22.854427,-43.251622,2023-07-26 04:30:04,0.0,,ida,43 - FUNDÃO X SANTA EFIGENIA (EXPRESSO) [IDA],0.0,
902070,,46,-22.841696,-43.279033,2023-07-26 04:30:19,7.9,,ida,46 - PENHA X ALVORADA (EXPRESSO) [IDA],36270.7,295.0
901083,,53,-22.964527,-43.392036,2023-07-26 04:30:05,0.0,,ida,53 - SENTIDO ALVORADA (EXPRESSO) [IDA],49411.4,
E902001,,41,-22.854631,-43.251246,2023-07-26 04:06:15,0.0,,volta,41 - TERMINAL RECREIO X PAULO DA PORTELA (EXPRESSO) [VOLTA],20869.6,76.0
E902006,,40,-22.965131,-43.391802,2023-07-26 04:30:14,0.0,,ida,40 - PAULO DA PORTELA X ALVORADA (EXPRESSO) [IDA],19292.1,
E902011,,40,-22.965762,-43.391669,2023-07-26 04:30:15,0.0,,ida,40 - PAULO DA PORTELA X ALVORADA (EXPRESSO) [IDA],8589.6,
902002,,41,-22.854393,-43.252026,2023-07-26 04:26:04,0.0,,volta,41 - TERMINAL RECREIO X PAULO DA PORTELA (EXPRESSO) [VOLTA],19822.7,
902069,,41,-22.879116,-43.336762,2023-07-26 04:30:05,0.0,,volta,41 - TERMINAL RECREIO X PAULO DA PORTELA (EXPRESSO) [VOLTA],32579.1,
903068,,17,-22.915925,-43.683937,2023-07-26 04:30:19,11.7,,ida,17 - SANTA CRUZ X CAMPO GRANDE (PARADOR) [IDA],20718.6,298.0
902082,,35,-22.87655,-43.329981,2023-07-26 04:30:21,0.0,,ida,35 - MADUREIRA X ALVORADA (PARADOR) [IDA],10858.4,
903062,,17,-22.916352,-43.621711,2023-07-26 04:30:17,40.8,,ida,17 - SANTA CRUZ X CAMPO GRANDE (PARADOR) [IDA],20173.8,279.0
902089,,35,-22.877958,-43.340832,2023-07-26 04:30:17,45.8,,ida,35 - MADUREIRA X ALVORADA (PARADOR) [IDA],9755.0,203.0
903051,,50,-23.00646,-43.312258,2023-07-26 04:30:21,1.3,,volta,50 - SENTIDO T. OLIMPICO (PARADOR) [VOLTA],31044.9,318.0
902055,,46,-22.854428,-43.25205,2023-07-26 04:30:09,0.0,,ida,46 - PENHA X ALVORADA (EXPRESSO) [IDA],11.0,
903044,,42,-22.846974,-43.243428,2023-07-26 04:30:08,0.0,,volta,42 - MADUREIRA MANANCEIA X GALEAO (PARADOR) [VOLTA],29196.5,100.0
903039,,17,-22.916445,-43.620932,2023-07-26 04:30:06,36.9,,ida,17 - SANTA CRUZ X CAMPO GRANDE (PARADOR) [IDA],18352.0,276.0
902074,,31,-22.8764,-43.329662,2023-07-26 04:30:07,0.0,,ida,31 - VICENTE DE CARVALHO X ALVORADA (SEMIDIRETO) [IDA],9765.9,
903040,,17,-22.91566,-43.627862,2023-07-26 04:30:17,0.0,,ida,17 - SANTA CRUZ X CAMPO GRANDE (PARADOR) [IDA],18454.6,75.0
903064,,50,-23.000629,-43.333001,2023-07-26 04:30:10,59.3,,volta,50 - SENTIDO T. OLIMPICO (PARADOR) [VOLTA],22124.7,273.0
903069,,17,-22.908995,-43.578747,2023-07-26 04:30:17,52.3,,volta,17 - CAMPO GRANDE  X SANTA CRUZ (PARADOR) [VOLTA],22399.2,225.0
902042,,41,-23.000633,-43.367414,2023-07-26 04:07:11,0.0,,volta,41 - TERMINAL RECREIO X PAULO DA PORTELA (EXPRESSO) [VOLTA],31912.1,87.0
903049,,17,-22.918923,-43.68239,2023-07-26 04:30:11,0.0,,ida,17 - SANTA CRUZ X CAMPO GRANDE (PARADOR) [IDA],23308.0,328.0
903038,,17,-22.91121,-43.589541,2023-07-26 04:30:17,17.8,,ida,17 - SANTA CRUZ X CAMPO GRANDE (PARADOR) [IDA],26531.2,66.0
903053,,17,-22.933088,-43.660865,2023-07-26 04:30:12,42.6,,ida,17 - SANTA CRUZ X CAMPO GRANDE (PARADOR) [IDA],21446.5,71.0
12732,,18,-22.916895,-43.607028,2023-07-26 04:30:14,5.5,,ida,18 - RECREIO SHOPPING X JARDIM OCEÂNICO (EXPRESSO) [IDA],25671.1,1.0
902096,,35,-22.937667,-43.372156,2023-07-26 04:30:14,32.9,,ida,35 - MADUREIRA X ALVORADA (PARADOR) [IDA],14209.7,195.0
902079,,46,-22.854728,-43.251775,2023-07-26 04:30:21,0.0,,ida,46 - PENHA X ALVORADA (EXPRESSO) [IDA],30818.4,
903066,,17,-22.920575,-43.643681,2023-07-26 04:30:11,5.8,,volta,17 - CAMPO GRANDE  X SANTA CRUZ (PARADOR) [VOLTA],24868.2,233.0
902099,,35,-22.950387,-43.373227,2023-07-26 04:30:21,58.4,,volta,35 - ALVORADA  X  MADUREIRA (PARADOR) [VOLTA],11531.2,25.0
902091,,35,-22.878343,-43.336326,2023-07-26 04:30:22,0.0,,ida,35 - MADUREIRA X ALVORADA (PARADOR) [IDA],14038.5,
901099,,51,-22.87364,-43.407257,2023-07-26 04:30:19,59.1,,volta,51 - SENTIDO V. MILITAR (PARADOR) [VOLTA],29471.3,317.0
903061,,17,-22.920236,-43.608048,2023-07-26 04:30:15,0.0,,ida,17 - SANTA CRUZ X CAMPO GRANDE (PARADOR) [IDA],21481.3,
44706,LRG8855,12,-22.992248,-43.598462,2023-07-26 04:30:16,39.4,,volta,12 - ALVORADA X PINGO D'AGUA (EXPRESSO) [VOLTA],21860.6,312.0
903065,,17,-22.916607,-43.607134,2023-07-26 04:30:21,0.0,,ida,17 - SANTA CRUZ X CAMPO GRANDE (PARADOR) [IDA],16953.7,359.0
901008,,22,-23.000939,-43.366255,2023-07-26 04:34:51,0.0,,volta,,22782.6,
901005,RJB8E53,22,-23.000658,-43.365005,2023-07-26 04:34:45,0.0,,ida,22 - ALVORADA X J. OCEÂNICO (PARADOR) [IDA],21636.6,
901004,RJQ8J80,22,-23.000603,-43.365423,2023-07-26 04:34:42,0.0,,volta,,21425.9,
47031,KYW5240,25,-23.013171,-43.461433,2023-07-26 04:34:48,59.5,,ida,25 - MATO ALTO X ALVORADA (PARADOR) [IDA],50897.2,75.0
30538,KXE7719,20,-23.018296,-43.481672,2023-07-26 04:34:50,51.8,,ida,20 - SANTA CRUZ X SALVADOR ALLENDE (EXPRESSO) [IDA],55869.6,75.0
50309,KPN6B05,13,-22.992936,-43.598071,2023-07-26 04:34:48,0.0,,ida,13 - MATO ALTO X ALVORADA (EXPRESSO) [IDA],20066.9,
30532,KYL8599,12,-22.992577,-43.598361,2023-07-26 04:34:39,0.0,,ida,12 - PINGO D'AGUA X ALVORADA (EXPRESSO) [IDA],41752.5,135.0
13403,LTF5447,10,-23.000886,-43.577414,2023-07-26 04:34:51,60.3,,ida,10 - SANTA CRUZ X ALVORADA (EXPRESSO) [IDA],53254.9,104.0
90002,LMB2D92,11,-22.915967,-43.629739,2023-07-26 04:34:57,19.4,,ida,11 - SANTA CRUZ X ALVORADA (PARADOR) [IDA],55836.2,258.0
47030,LSQ5263,20,-22.916814,-43.683481,2023-07-26 04:34:49,0.0,,ida,20 - SANTA CRUZ X SALVADOR ALLENDE (EXPRESSO) [IDA],53763.5,347.0
30519,LRE9804,11,-22.920074,-43.608092,2023-07-26 04:34:40,0.0,,ida,11 - SANTA CRUZ X ALVORADA (PARADOR) [IDA],51494.8,
90005,KWK6A89,10,-23.004954,-43.55894,2023-07-26 04:34:54,59.9,,ida,10 - SANTA CRUZ X ALVORADA (EXPRESSO) [IDA],49816.6,284.0
86875,KQB4103,12,-22.919686,-43.607627,2023-07-26 04:34:50,0.0,,ida,12 - PINGO D'AGUA X ALVORADA (EXPRESSO) [IDA],13012.2,
30518,KYL8597,25,-22.999996,-43.406949,2023-07-26 04:34:54,26.9,,ida,25 - MATO ALTO X ALVORADA (PARADOR) [IDA],37105.4,93.0
902090,,35,-22.903518,-43.356185,2023-07-26 04:34:49,29.6,,volta,35 - ALVORADA  X  MADUREIRA (PARADOR) [VOLTA],15070.9,31.0
47029,LSQ5267,11,-22.919693,-43.607868,2023-07-26 04:34:53,0.0,,ida,11 - SANTA CRUZ X ALVORADA (PARADOR) [IDA],56954.8,
86885,LTB5540,14,-22.919014,-43.607023,2023-07-26 04:34:40,0.0,,ida,14 - SANTA EUGÊNIA X SALVADOR ALLENDE (EXPRESSO) [IDA],514714.4,
12738,KRR2404,25,-23.020958,-43.496818,2023-07-26 04:34:43,0.0,,ida,25 - MATO ALTO X ALVORADA (PARADOR) [IDA],37381.3,275.0
47007,LSP6018,18,-22.920589,-43.607692,2023-07-26 04:34:41,0.0,,ida,18 - RECREIO SHOPPING X JARDIM OCEÂNICO (EXPRESSO) [IDA],42179.7,
13413,KWI9711,12,-22.971204,-43.615248,2023-07-26 04:34:49,54.8,,ida,12 - PINGO D'AGUA X ALVORADA (EXPRESSO) [IDA],43509.1,136.0
90001,KPZ5E15,19,-22.916365,-43.684658,2023-07-26 04:34:52,17.0,,ida,19 - PINGO D'AGUA X SALVADOR ALLENDE (EXPRESSO) [IDA],44125.0,143.0
901057,,52,-22.973404,-43.365645,2023-07-26 04:34:55,6.6,,ida,52 - SENTIDO ALVORADA (PARADOR) [IDA],51050.4,87.0
901003,RKM8C54,22,-23.001035,-43.365144,2023-07-26 04:34:48,0.0,,ida,22 - ALVORADA X J. OCEÂNICO (PARADOR) [IDA],22819.7,
86874,KQB4102,20,-22.920663,-43.608171,2023-07-26 04:34:54,0.0,,ida,20 - SANTA CRUZ X SALVADOR ALLENDE (EXPRESSO) [IDA],512858.0,
86879,LTN5696,18,-22.916322,-43.621774,2023-07-26 04:34:48,49.7,,ida,18 - RECREIO SHOPPING X JARDIM OCEÂNICO (EXPRESSO) [IDA],1796.6,278.0
50301,KPP5B70,25,-23.00087,-43.36764,2023-07-26 04:34:44,0.0,,volta,25 - ALVORADA X MATO ALTO (PARADOR) [VOLTA],3941.1,
44713,KPZ3559,20,-22.920646,-43.607893,2023-07-26 04:34:54,0.0,,ida,20 - SANTA CRUZ X SALVADOR ALLENDE (EXPRESSO) [IDA],29573.1,
13401,KQO7822,19,-22.966244,-43.64492,2023-07-26 04:34:56,0.0,,ida,19 - PINGO D'AGUA X SALVADOR ALLENDE (EXPRESSO) [IDA],53624.6,
27174,KQP5437,20,-22.928769,-43.654394,2023-07-26 04:34:40,35.3,,ida,20 - SANTA CRUZ X SALVADOR ALLENDE (EXPRESSO) [IDA],18860.8,231.0
47026,KYA7928,10,-22.920594,-43.608013,2023-07-26 04:34:51,0.0,,ida,10 - SANTA CRUZ X ALVORADA (EXPRESSO) [IDA],32900.199,
86889,KRQ6878,10,-23.000893,-43.367123,2023-07-26 04:34:57,0.0,,volta,10 - ALVORADA X SANTA CRUZ (EXPRESSO) [VOLTA],514962.4,
27209,LSL9B07,18,-22.986818,-43.605663,2023-07-26 04:34:52,60.7,,ida,18 - RECREIO SHOPPING X JARDIM OCEÂNICO (EXPRESSO) [IDA],10073.6,133.0
27176,LRK9563,18,-22.935117,-43.665832,2023-07-26 04:34:49,17.8,,ida,18 - RECREIO SHOPPING X JARDIM OCEÂNICO (EXPRESSO) [IDA],13489.2,228.0
30511,KPV2250,13,-23.000712,-43.364826,2023-07-26 04:34:46,0.0,,volta,13 - ALVORADA X  MATO ALTO (EXPRESSO) [VOLTA],49434.9,
13427,KXE7711,0,-22.918421,-43.607113,2023-07-26 04:34:57,0.0,,,,51855.2,
12725,LMJ1327,25,-23.000393,-43.388912,2023-07-26 04:34:48,37.9,,volta,25 - ALVORADA X MATO ALTO (PARADOR) [VOLTA],39238.6,272.0
13404,KQO7823,20,-22.930962,-43.673394,2023-07-26 04:34:44,0.0,,ida,20 - SANTA CRUZ X SALVADOR ALLENDE (EXPRESSO) [IDA],56079.2,127.0
47022,KRM7701,10,-23.000729,-43.365024,2023-07-26 04:34:44,0.0,,volta,10 - ALVORADA X SANTA CRUZ (EXPRESSO) [VOLTA],12932.4,77.0
12736,LMJ4504,20,-22.919843,-43.608276,2023-07-26 04:34:39,0.0,,ida,20 - SANTA CRUZ X SALVADOR ALLENDE (EXPRESSO) [IDA],15483.9,18.0
13422,LSI5978,20,-22.917866,-43.683214,2023-07-26 04:34:51,0.0,,ida,20 - SANTA CRUZ X SALVADOR ALLENDE (EXPRESSO) [IDA],40372.0,
13402,LTL5480,12,-22.920245,-43.607764,2023-07-26 04:34:57,0.0,,ida,12 - PINGO D'AGUA X ALVORADA (EXPRESSO) [IDA],43258.9,
12730,LSO8993,19,-23.007314,-43.550195,2023-07-26 04:34:47,60.7,,ida,19 - PINGO D'AGUA X SALVADOR ALLENDE (EXPRESSO) [IDA],9232.7,104.0
86872,LSH7386,20,-22.928789,-43.654423,2023-07-26 04:34:49,33.7,,ida,20 - SANTA CRUZ X SALVADOR ALLENDE (EXPRESSO) [IDA],22404.0,234.0
86859,KWJ9250,20,-22.9417,-43.66292,2023-07-26 04:34:51,42.7,,ida,20 - SANTA CRUZ X SALVADOR ALLENDE (EXPRESSO) [IDA],18677.5,139.0
30509,KYM4574,13,-23.018427,-43.481885,2023-07-26 04:34:54,52.3,,ida,13 - MATO ALTO X ALVORADA (EXPRESSO) [IDA],53030.7,75.0
12710,KRO9724,20,-22.916371,-43.607139,2023-07-26 04:34:57,0.0,,ida,20 - SANTA CRUZ X SALVADOR ALLENDE (EXPRESSO) [IDA],38363.1,
12720,KXD9430,20,-22.969047,-43.617662,2023-07-26 04:34:58,57.7,,ida,20 - SANTA CRUZ X SALVADOR ALLENDE (EXPRESSO) [IDA],21744.1,123.0
12712,LSN8501,19,-22.920171,-43.608054,2023-07-26 04:34:51,0.0,,ida,19 - PINGO D'AGUA X SALVADOR ALLENDE (EXPRESSO) [IDA],31093.7,
30521,LRC6594,25,-22.919578,-43.607162,2023-07-26 04:34:54,0.0,,ida,25 - MATO ALTO X ALVORADA (PARADOR) [IDA],34815.0,
12739,LMJ4F12,20,-22.915948,-43.607922,2023-07-26 04:34:57,4.0,,ida,20 - SANTA CRUZ X SALVADOR ALLENDE (EXPRESSO) [IDA],23710.4,344.0
47010,KPZ8363,13,-22.99287,-43.598073,2023-07-26 04:18:14,0.0,,ida,13 - MATO ALTO X ALVORADA (EXPRESSO) [IDA],42570.7,131.0
86884,LSP9604,20,-22.965805,-43.391606,2023-07-26 04:34:43,0.0,,ida,20 - SANTA CRUZ X SALVADOR ALLENDE (EXPRESSO) [IDA],15298.5,165.0
12734,LSP8673,11,-22.920177,-43.60786,2023-07-26 04:34:48,0.0,,ida,11 - SANTA CRUZ X ALVORADA (PARADOR) [IDA],16894.9,
90006,LRH6D12,20,-23.020118,-43.489841,2023-07-26 04:34:54,43.5,,volta,20 - SALVADOR ALLENDE X SANTA CRUZ (EXPRESSO) [VOLTA],29684.4,257.0
30531,LRC6592,19,-23.006041,-43.433307,2023-07-26 04:34:43,59.6,,volta,19 - SALVADOR ALLENDE X PINGO D'AGUA (EXPRESSO) [VOLTA],40580.8,75.0
30524,LRC6601,10,-22.990216,-43.601686,2023-07-26 04:34:40,53.7,,ida,10 - SANTA CRUZ X ALVORADA (EXPRESSO) [IDA],29221.3,133.0
901002,,22,-23.001,-43.366203,2023-07-26 04:34:43,0.0,,ida,22 - ALVORADA X J. OCEÂNICO (PARADOR) [IDA],17394.1,269.0
B13,KYM5979,14,-23.019458,-43.505209,2023-07-26 04:32:04,58.8,,ida,14 - SANTA EUGÊNIA X SALVADOR ALLENDE (EXPRESSO) [IDA],1146.5,108.0
B20,LMH6141,14,-22.91656,-43.6331,2023-07-26 04:34:43,0.0,,ida,14 - SANTA EUGÊNIA X SALVADOR ALLENDE (EXPRESSO) [IDA],1138.8,292.0
B19,KZJ7238,14,-22.961301666666667,-43.64829833333334,2023-07-26 04:34:50,0.0,,ida,14 - SANTA EUGÊNIA X SALVADOR ALLENDE (EXPRESSO) [IDA],104986.2,225.0
B14,KRK9519,14,-23.006598,-43.553354,2023-07-26 04:34:57,60.0,,ida,14 - SANTA EUGÊNIA X SALVADOR ALLENDE (EXPRESSO) [IDA],1154.3,104.0
B24,LSO7028,14,-22.916422,-43.630932,2023-07-26 04:34:39,3.3,,ida,14 - SANTA EUGÊNIA X SALVADOR ALLENDE (EXPRESSO) [IDA],1182.3,242.0
B25,,14,-22.916474,-43.631146,2023-07-26 04:34:53,0.0,,ida,14 - SANTA EUGÊNIA X SALVADOR ALLENDE (EXPRESSO) [IDA],1101.9,256.0
B28,KQP5E29,14,-22.958284,-43.649962,2023-07-26 04:34:57,57.0,,ida,14 - SANTA EUGÊNIA X SALVADOR ALLENDE (EXPRESSO) [IDA],1135.4,9.0
B40,,14,-22.961151,-43.648039,2023-07-26 04:34:40,0.0,,ida,14 - SANTA EUGÊNIA X SALVADOR ALLENDE (EXPRESSO) [IDA],743.1,
901001,RJD7J89,22,-23.000003,-43.359247,2023-07-26 04:34:47,28.6,,ida,22 - ALVORADA X J. OCEÂNICO (PARADOR) [IDA],17330.9,95.0
B048,,14,-22.916479,-43.63147,2023-07-26 04:34:49,0.0,,ida,14 - SANTA EUGÊNIA X SALVADOR ALLENDE (EXPRESSO) [IDA],1167.9,258.0
B49,,14,-22.916613,-43.63176,2023-07-26 04:34:53,0.0,,ida,14 - SANTA EUGÊNIA X SALVADOR ALLENDE (EXPRESSO) [IDA],1134.3,255.0
B55,,14,-22.927916,-43.653238,2023-07-26 04:34:58,38.3,,ida,14 - SANTA EUGÊNIA X SALVADOR ALLENDE (EXPRESSO) [IDA],1124.6,216.0
B53,,14,-22.916345,-43.63079,2023-07-26 04:34:47,0.0,,ida,14 - SANTA EUGÊNIA X SALVADOR ALLENDE (EXPRESSO) [IDA],1195.6,234.0
B51,,14,-22.965831,-43.647722,2023-07-26 04:33:15,20.2,,ida,14 - SANTA EUGÊNIA X SALVADOR ALLENDE (EXPRESSO) [IDA],1202.3,136.0
901058,,51,-22.997237,-43.425509,2023-07-26 04:34:45,59.2,,ida,51 - SENTIDO RECREIO (PARADOR) [IDA],44183.7,236.0
903027,,50,-22.93615,-43.371698,2023-07-26 04:34:46,26.4,,ida,50 - SENTIDO JD. OCEANICO (PARADOR) [IDA],49605.4,197.0
901066,,52,-22.967131,-43.397476,2023-07-26 04:34:40,24.6,,ida,52 - SENTIDO ALVORADA (PARADOR) [IDA],49994.5,226.0
903026,,50,-22.97233,-43.401091,2023-07-26 04:34:43,0.0,,ida,50 - SENTIDO JD. OCEANICO (PARADOR) [IDA],48944.7,181.0
903029,,50,-22.878519,-43.332439,2023-07-26 04:34:41,46.6,,ida,50 - SENTIDO JD. OCEANICO (PARADOR) [IDA],33497.3,313.0
902116,,35,-22.925013,-43.373845,2023-07-26 04:34:42,3.3,,ida,35 - MADUREIRA X ALVORADA (PARADOR) [IDA],11165.3,176.0
902115,,35,-22.976096,-43.364593,2023-07-26 04:34:54,46.8,,ida,35 - MADUREIRA X ALVORADA (PARADOR) [IDA],14857.3,201.0
901061,,51,-23.00865,-43.440762,2023-07-26 04:34:58,0.0,,volta,51 - SENTIDO V. MILITAR (PARADOR) [VOLTA],43291.8,
901073,,52,-22.872771,-43.408113,2023-07-26 04:34:39,54.1,,ida,52 - SENTIDO ALVORADA (PARADOR) [IDA],41843.6,317.0
901065,,52,-22.896323,-43.399012,2023-07-26 04:34:45,49.7,,ida,52 - SENTIDO ALVORADA (PARADOR) [IDA],35389.0,336.0
903032,,42,-22.853126,-43.320447,2023-07-26 04:34:58,0.4,,ida,42 - GALEÃO X MADUREIRA MANANCEIA (PARADOR) [IDA],42701.5,223.0
901075,,0,-22.961411,-43.392036,2023-07-26 04:34:50,46.5,,,,48988.8,36.0
903055,,17,-22.919081,-43.607526,2023-07-26 04:33:11,0.0,,ida,17 - SANTA CRUZ X CAMPO GRANDE (PARADOR) [IDA],18899.5,
903002,,42,-22.845092,-43.238705,2023-07-26 04:34:55,41.9,,ida,42 - GALEÃO X MADUREIRA MANANCEIA (PARADOR) [IDA],6957.8,222.0
902110,,35,-22.973254,-43.385402,2023-07-26 04:34:54,30.4,,ida,35 - MADUREIRA X ALVORADA (PARADOR) [IDA],8822.3,97.0
902114,,35,-22.973351,-43.366376,2023-07-26 04:34:43,28.9,,volta,35 - ALVORADA  X  MADUREIRA (PARADOR) [VOLTA],8962.6,268.0
903054,,17,-22.910706,-43.5837,2023-07-26 04:34:39,10.8,,ida,17 - SANTA CRUZ X CAMPO GRANDE (PARADOR) [IDA],17658.7,66.0
903056,,17,-22.90164,-43.554684,2023-07-26 03:37:48,0.0,,volta,17 - CAMPO GRANDE  X SANTA CRUZ (PARADOR) [VOLTA],14639.6,241.0
903000,,50,-22.973401,-43.365981,2023-07-26 04:34:43,30.6,,ida,50 - SENTIDO JD. OCEANICO (PARADOR) [IDA],31874.1,90.0
902045,,31,-22.87658,-43.329708,2023-07-26 04:34:39,0.0,,ida,31 - VICENTE DE CARVALHO X ALVORADA (SEMIDIRETO) [IDA],6821.5,
903007,,50,-23.000081,-43.355506,2023-07-26 04:34:49,0.0,,ida,50 - SENTIDO JD. OCEANICO (PARADOR) [IDA],41349.8,91.0
903004,,42,-22.839917,-43.23935,2023-07-26 04:34:51,0.0,,ida,,39183.4,146.0
903005,,42,-22.842843,-43.271111,2023-07-26 04:34:42,41.3,,ida,42 - GALEÃO X MADUREIRA MANANCEIA (PARADOR) [IDA],38816.8,109.0
903022,,50,-23.006824,-43.312611,2023-07-26 04:34:42,0.0,,volta,50 - SENTIDO T. OLIMPICO (PARADOR) [VOLTA],37728.0,95.0
903035,,17,-22.916731,-43.63256,2023-07-26 04:34:42,6.2,,volta,17 - CAMPO GRANDE  X SANTA CRUZ (PARADOR) [VOLTA],19562.7,271.0
901059,,51,-22.96597,-43.39638,2023-07-26 04:34:42,2.3,,ida,51 - SENTIDO RECREIO (PARADOR) [IDA],48347.0,221.0
903003,,42,-22.839726,-43.282427,2023-07-26 04:34:46,34.4,,ida,42 - GALEÃO X MADUREIRA MANANCEIA (PARADOR) [IDA],41698.4,305.0
901022,,22,-23.000728,-43.366063,2023-07-26 03:34:19,0.0,,ida,22 - ALVORADA X J. OCEÂNICO (PARADOR) [IDA],18621.5,
901024,,22,-23.00068,-43.334575,2023-07-26 04:34:54,10.4,,ida,22 - ALVORADA X J. OCEÂNICO (PARADOR) [IDA],20653.2,100.0
901025,,46,-22.952199,-43.389935,2023-07-26 04:34:56,37.9,,ida,46 - PENHA X ALVORADA (EXPRESSO) [IDA],40699.4,26.0
901027,,41,-23.008401,-43.439891,2023-07-26 04:34:52,0.0,,volta,41 - TERMINAL RECREIO X PAULO DA PORTELA (EXPRESSO) [VOLTA],25965.9,77.0
901028,,40,-22.922737,-43.37299,2023-07-26 04:34:51,24.7,,ida,40 - PAULO DA PORTELA X ALVORADA (EXPRESSO) [IDA],23767.1,76.0
903009,,42,-22.839809,-43.23946,2023-07-26 04:34:47,0.0,,ida,42 - GALEÃO X MADUREIRA MANANCEIA (PARADOR) [IDA],47178.3,92.0
903010,,42,-22.837916,-43.291558,2023-07-26 04:34:56,45.7,,volta,42 - MADUREIRA MANANCEIA X GALEAO (PARADOR) [VOLTA],43683.1,77.0
903011,,42,-22.876777,-43.32947,2023-07-26 04:34:39,0.0,,ida,42 - GALEÃO X MADUREIRA MANANCEIA (PARADOR) [IDA],45328.1,
903012,,42,-22.814468,-43.243374,2023-07-26 04:34:53,60.2,,ida,42 - GALEÃO X MADUREIRA MANANCEIA (PARADOR) [IDA],47937.3,303.0
903015,,42,-22.856474,-43.327947,2023-07-26 04:34:56,0.5,,volta,42 - MADUREIRA MANANCEIA X GALEAO (PARADOR) [VOLTA],47853.0,78.0
903016,,42,-22.877833,-43.336383,2023-07-26 04:34:45,0.0,,volta,42 - MADUREIRA MANANCEIA X GALEAO (PARADOR) [VOLTA],42522.0,29.0
903017,,50,-22.973223,-43.395998,2023-07-26 04:34:47,37.1,,volta,50 - SENTIDO T. OLIMPICO (PARADOR) [VOLTA],44899.5,271.0
903018,,38,-22.854592,-43.250749,2023-07-26 04:34:34,19.7,,ida,38 - FUNDÃO X ALVORADA (PARADOR) [IDA],11266.8,251.0
903020,,50,-22.998264,-43.367234,2023-07-26 04:34:57,59.2,,volta,50 - SENTIDO T. OLIMPICO (PARADOR) [VOLTA],43832.5,47.0
903024,,38,-22.937108,-43.371908,2023-07-26 04:34:53,49.4,,volta,38 - ALVORADA X FUNDÃO (PARADOR) [VOLTA],38012.3,20.0
903013,,42,-22.841389,-43.279746,2023-07-26 04:34:57,19.9,,volta,42 - MADUREIRA MANANCEIA X GALEAO (PARADOR) [VOLTA],44464.3,123.0
901060,,51,-22.869682,-43.411671,2023-07-26 04:34:56,49.5,,ida,51 - SENTIDO RECREIO (PARADOR) [IDA],24765.0,115.0
903063,,17,-22.920258,-43.608174,2023-07-26 04:34:47,0.0,,ida,17 - SANTA CRUZ X CAMPO GRANDE (PARADOR) [IDA],21497.7,135.0
901000,,22,-23.006647,-43.312514,2023-07-26 04:34:55,4.8,,volta,22 - J. OCEÂNICO X ALVORADA (PARADOR) [VOLTA],30196.4,238.0
902117,,31,-22.876443,-43.329863,2023-07-26 04:34:57,0.0,,ida,31 - VICENTE DE CARVALHO X ALVORADA (SEMIDIRETO) [IDA],10234.6,
901044,,46,-22.922872,-43.373533,2023-07-26 04:34:50,21.1,,ida,46 - PENHA X ALVORADA (EXPRESSO) [IDA],29587.9,74.0
903033,,38,-22.842063,-43.276783,2023-07-26 04:34:45,0.0,,ida,38 - FUNDÃO X ALVORADA (PARADOR) [IDA],36560.5,80.0
902020,,46,-22.929312,-43.373365,2023-07-26 04:34:51,56.0,,volta,46 - ALVORADA X PENHA (EXPRESSO) [VOLTA],31623.4,355.0
902022,,46,-22.889518,-43.346591,2023-07-26 04:34:55,60.0,,volta,46 - ALVORADA X PENHA (EXPRESSO) [VOLTA],30771.1,30.0
902059,,41,-22.837685,-43.290585,2023-07-26 04:34:49,19.7,,volta,41 - TERMINAL RECREIO X PAULO DA PORTELA (EXPRESSO) [VOLTA],35695.9,249.0
902056,,46,-22.968814,-43.390695,2023-07-26 04:34:46,50.5,,volta,46 - ALVORADA X PENHA (EXPRESSO) [VOLTA],34623.0,352.0
901091,,40,-22.911529,-43.400867,2023-07-26 04:34:40,59.1,,ida,40 - PAULO DA PORTELA X ALVORADA (EXPRESSO) [IDA],31108.8,6.0
901086,,53,-22.964535,-43.392114,2023-07-26 03:35:05,0.0,,ida,53 - SENTIDO ALVORADA (EXPRESSO) [IDA],48370.3,
902032,,46,-22.883273,-43.342306,2023-07-26 04:34:44,38.1,,ida,46 - PENHA X ALVORADA (EXPRESSO) [IDA],36276.5,208.0
902027,,46,-22.85453,-43.251243,2023-07-26 04:34:51,0.0,,ida,46 - PENHA X ALVORADA (EXPRESSO) [IDA],32859.199,
902028,,46,-23.001405,-43.367171,2023-07-26 04:34:53,21.4,,volta,46 - ALVORADA X PENHA (EXPRESSO) [VOLTA],37575.4,88.0
902018,,40,-22.965205,-43.391689,2023-07-26 04:34:40,0.0,,ida,40 - PAULO DA PORTELA X ALVORADA (EXPRESSO) [IDA],23625.9,
902046,,41,-22.843024,-43.270489,2023-07-26 04:34:57,55.6,,volta,41 - TERMINAL RECREIO X PAULO DA PORTELA (EXPRESSO) [VOLTA],33366.4,298.0
12715,,10,-23.009716,-43.448946,2023-07-26 04:34:44,55.0,,volta,10 - ALVORADA X SANTA CRUZ (EXPRESSO) [VOLTA],42358.3,255.0
902026,,41,-22.854169,-43.25165,2023-07-26 03:35:05,0.0,,volta,41 - TERMINAL RECREIO X PAULO DA PORTELA (EXPRESSO) [VOLTA],33962.4,
901062,,51,-22.860692,-43.39774,2023-07-26 04:22:07,52.4,,ida,51 - SENTIDO RECREIO (PARADOR) [IDA],46915.9,243.0
901067,,52,-22.915067,-43.398694,2023-07-26 04:34:49,54.5,,ida,52 - SENTIDO ALVORADA (PARADOR) [IDA],41751.9,139.0
E902004,,41,-22.854787,-43.252012,2023-07-26 04:34:40,0.0,,volta,41 - TERMINAL RECREIO X PAULO DA PORTELA (EXPRESSO) [VOLTA],13269.1,
902062,,46,-22.993977,-43.36577,2023-07-26 04:34:43,58.4,,volta,46 - ALVORADA X PENHA (EXPRESSO) [VOLTA],33269.199,1.0
902048,,46,-23.000903,-43.367547,2023-07-26 04:34:42,0.0,,volta,46 - ALVORADA X PENHA (EXPRESSO) [VOLTA],23958.0,
902058,,46,-22.854554,-43.251213,2023-07-26 04:34:54,0.0,,ida,46 - PENHA X ALVORADA (EXPRESSO) [IDA],34574.9,
901068,,51,-22.920744,-43.396905,2023-07-26 04:34:57,60.4,,ida,51 - SENTIDO RECREIO (PARADOR) [IDA],50808.8,201.0
902003,,41,-22.854294,-43.251956,2023-07-26 04:34:57,0.0,,volta,41 - TERMINAL RECREIO X PAULO DA PORTELA (EXPRESSO) [VOLTA],17394.1,
902102,,35,-22.876443,-43.32965,2023-07-26 04:34:40,0.0,,ida,35 - MADUREIRA X ALVORADA (PARADOR) [IDA],12378.2,
901082,,40,-22.965294,-43.391511,2023-07-26 04:34:45,0.0,,ida,40 - PAULO DA PORTELA X ALVORADA (EXPRESSO) [IDA],47060.2,
902050,,43,-22.921345,-43.370435,2023-07-26 04:34:56,14.9,,ida,43 - FUNDÃO X SANTA EFIGENIA (EXPRESSO) [IDA],31259.0,237.0
12716,,18,-22.916687,-43.63237,2023-07-26 04:34:43,11.5,,ida,18 - RECREIO SHOPPING X JARDIM OCEÂNICO (EXPRESSO) [IDA],45555.4,257.0
902063,,46,-22.918604,-43.365421,2023-07-26 04:34:46,37.5,,ida,46 - PENHA X ALVORADA (EXPRESSO) [IDA],33253.1,238.0
902067,,41,-22.841282,-43.276577,2023-07-26 04:34:39,0.0,,volta,41 - TERMINAL RECREIO X PAULO DA PORTELA (EXPRESSO) [VOLTA],34076.5,232.0
901098,,51,-22.989313,-43.417335,2023-07-26 04:34:41,7.9,,volta,51 - SENTIDO V. MILITAR (PARADOR) [VOLTA],27274.0,58.0
901055,,51,-22.973051,-43.391833,2023-07-26 04:34:51,56.7,,volta,51 - SENTIDO V. MILITAR (PARADOR) [VOLTA],46638.9,268.0
901076,,52,-22.965498,-43.390533,2023-07-26 04:34:58,0.0,,ida,52 - SENTIDO ALVORADA (PARADOR) [IDA],31254.0,96.0
901079,,53,-22.883981,-43.399875,2023-07-26 04:34:50,0.0,,ida,53 - SENTIDO ALVORADA (EXPRESSO) [IDA],44048.8,190.0
901070,,52,-22.861444,-43.399279,2023-07-26 04:17:36,0.0,,ida,52 - SENTIDO ALVORADA (PARADOR) [IDA],40476.3,241.0
901081,,0,-22.973027,-43.390818,2023-07-26 04:34:37,52.3,,,,41788.7,269.0
902065,,43,-22.839314,-43.240482,2023-07-26 04:34:43,0.0,,ida,43 - FUNDÃO X SANTA EFIGENIA (EXPRESSO) [IDA],35358.2,
901069,,52,-22.862302,-43.40078,2023-07-26 04:34:43,0.0,,ida,52 - SENTIDO ALVORADA (PARADOR) [IDA],37720.5,247.0
901074,,22,-22.919887,-43.396557,2023-07-26 04:34:39,49.8,,ida,22 - ALVORADA X J. OCEÂNICO (PARADOR) [IDA],39501.9,13.0
901085,,53,-22.964724,-43.3919,2023-07-26 04:34:46,0.0,,ida,53 - SENTIDO ALVORADA (EXPRESSO) [IDA],43530.7,169.0
902071,,46,-22.973365,-43.37243,2023-07-26 04:34:40,48.8,,ida,46 - PENHA X ALVORADA (EXPRESSO) [IDA],35932.8,90.0
902064,,43,-22.854435,-43.251641,2023-07-26 04:34:44,0.0,,ida,43 - FUNDÃO X SANTA EFIGENIA (EXPRESSO) [IDA],0.0,
902070,,46,-22.849309,-43.307549,2023-07-26 04:34:55,59.6,,ida,46 - PENHA X ALVORADA (EXPRESSO) [IDA],36274.2,231.0
901083,,53,-22.96454,-43.392023,2023-07-26 04:34:44,0.0,,ida,53 - SENTIDO ALVORADA (EXPRESSO) [IDA],49411.4,
E902001,,41,-22.85464,-43.251269,2023-07-26 04:34:45,0.0,,volta,41 - TERMINAL RECREIO X PAULO DA PORTELA (EXPRESSO) [VOLTA],20869.6,
E902006,,40,-22.965251,-43.391682,2023-07-26 04:34:54,0.0,,ida,40 - PAULO DA PORTELA X ALVORADA (EXPRESSO) [IDA],19292.2,
E902011,,40,-22.965191,-43.391647,2023-07-26 04:34:55,0.0,,ida,40 - PAULO DA PORTELA X ALVORADA (EXPRESSO) [IDA],8589.7,
902002,,41,-22.854393,-43.252026,2023-07-26 04:34:48,0.0,,volta,41 - TERMINAL RECREIO X PAULO DA PORTELA (EXPRESSO) [VOLTA],19822.7,
902069,,41,-22.877496,-43.336957,2023-07-26 04:34:44,0.0,,ida,41 - PAULO DA PORTELA X TERMINAL RECREIO (EXPRESSO) [IDA],32579.4,
902094,,35,-23.0014,-43.366699,2023-07-26 04:34:55,16.7,,volta,35 - ALVORADA  X  MADUREIRA (PARADOR) [VOLTA],9074.3,89.0
903068,,17,-22.92713,-43.678115,2023-07-26 04:34:39,0.0,,ida,17 - SANTA CRUZ X CAMPO GRANDE (PARADOR) [IDA],20720.2,131.0
902082,,35,-22.879042,-43.331888,2023-07-26 04:34:58,29.1,,ida,35 - MADUREIRA X ALVORADA (PARADOR) [IDA],10859.0,315.0
903062,,17,-22.925615,-43.650028,2023-07-26 04:34:58,34.8,,ida,17 - SANTA CRUZ X CAMPO GRANDE (PARADOR) [IDA],20177.0,197.0
902089,,35,-22.897202,-43.351872,2023-07-26 04:34:56,45.6,,ida,35 - MADUREIRA X ALVORADA (PARADOR) [IDA],9757.5,217.0
903051,,50,-23.006539,-43.31338,2023-07-26 04:34:40,0.0,,volta,50 - SENTIDO T. OLIMPICO (PARADOR) [VOLTA],31045.0,255.0
902055,,46,-22.854424,-43.252045,2023-07-26 04:34:49,0.0,,ida,46 - PENHA X ALVORADA (EXPRESSO) [IDA],11.0,
903044,,42,-22.835557,-43.24011,2023-07-26 04:34:56,60.4,,ida,42 - GALEÃO X MADUREIRA MANANCEIA (PARADOR) [IDA],29198.8,38.0
903039,,17,-22.926454,-43.650825,2023-07-26 04:34:52,58.8,,ida,17 - SANTA CRUZ X CAMPO GRANDE (PARADOR) [IDA],18355.5,249.0
902074,,31,-22.8764,-43.329662,2023-07-26 04:34:48,0.0,,ida,31 - VICENTE DE CARVALHO X ALVORADA (SEMIDIRETO) [IDA],9765.9,
903040,,17,-22.915048,-43.605584,2023-07-26 04:34:57,12.4,,ida,17 - SANTA CRUZ X CAMPO GRANDE (PARADOR) [IDA],18457.0,66.0
903064,,50,-23.000141,-43.352567,2023-07-26 04:34:51,0.0,,volta,50 - SENTIDO T. OLIMPICO (PARADOR) [VOLTA],22126.7,249.0
903069,,17,-22.913877,-43.598249,2023-07-26 04:34:57,44.7,,volta,17 - CAMPO GRANDE  X SANTA CRUZ (PARADOR) [VOLTA],22401.4,265.0
902042,,46,-23.00069,-43.367354,2023-07-26 04:34:42,0.0,,volta,46 - ALVORADA X PENHA (EXPRESSO) [VOLTA],31912.1,
903049,,17,-22.91868,-43.682643,2023-07-26 04:34:51,0.0,,ida,17 - SANTA CRUZ X CAMPO GRANDE (PARADOR) [IDA],23308.0,322.0
903053,,17,-22.918617,-43.639618,2023-07-26 04:34:52,44.9,,ida,17 - SANTA CRUZ X CAMPO GRANDE (PARADOR) [IDA],21449.2,56.0
12732,,18,-22.91601,-43.609941,2023-07-26 04:34:54,8.2,,ida,18 - RECREIO SHOPPING X JARDIM OCEÂNICO (EXPRESSO) [IDA],25671.5,268.0
902096,,35,-22.956287,-43.378756,2023-07-26 04:34:54,44.6,,ida,35 - MADUREIRA X ALVORADA (PARADOR) [IDA],14212.1,232.0
902079,,46,-22.854728,-43.251775,2023-07-26 04:34:40,0.0,,ida,46 - PENHA X ALVORADA (EXPRESSO) [IDA],30818.4,
903066,,17,-22.933182,-43.661238,2023-07-26 04:34:43,45.7,,volta,17 - CAMPO GRANDE  X SANTA CRUZ (PARADOR) [VOLTA],24870.6,252.0
902099,,35,-22.92824,-43.373494,2023-07-26 04:34:41,43.2,,volta,35 - ALVORADA  X  MADUREIRA (PARADOR) [VOLTA],11533.7,355.0
902091,,35,-22.878343,-43.336326,2023-07-26 04:34:42,0.0,,ida,35 - MADUREIRA X ALVORADA (PARADOR) [IDA],14038.5,
901099,,51,-22.861507,-43.399427,2023-07-26 04:34:39,47.0,,ida,51 - SENTIDO RECREIO (PARADOR) [IDA],29473.8,62.0
903061,,17,-22.918847,-43.607544,2023-07-26 04:34:55,0.0,,ida,17 - SANTA CRUZ X CAMPO GRANDE (PARADOR) [IDA],21481.5,88.0
44706,LRG8855,12,-22.968228,-43.620274,2023-07-26 04:34:55,39.0,,volta,12 - ALVORADA X PINGO D'AGUA (EXPRESSO) [VOLTA],21864.2,266.0
903065,,17,-22.915592,-43.607276,2023-07-26 04:34:42,0.0,,ida,17 - SANTA CRUZ X CAMPO GRANDE (PARADOR) [IDA],16953.9,71.0
901008,,22,-23.000939,-43.366255,2023-07-26 04:35:51,0.0,,volta,,22782.6,
901005,RJB8E53,22,-23.000659,-43.364957,2023-07-26 04:36:05,0.0,,ida,22 - ALVORADA X J. OCEÂNICO (PARADOR) [IDA],21636.6,
901004,RJQ8J80,22,-23.000926,-43.364624,2023-07-26 04:36:02,14.3,,volta,,21426.0,278.0
47031,KYW5240,25,-23.012228,-43.457797,2023-07-26 04:35:47,0.0,,ida,25 - MATO ALTO X ALVORADA (PARADOR) [IDA],50897.6,75.0
30538,KXE7719,20,-23.015999,-43.472697,2023-07-26 04:35:49,51.6,,ida,20 - SANTA CRUZ X SALVADOR ALLENDE (EXPRESSO) [IDA],55870.5,74.0
50309,KPN6B05,13,-22.992936,-43.598073,2023-07-26 04:35:48,0.0,,ida,13 - MATO ALTO X ALVORADA (EXPRESSO) [IDA],20066.9,
30532,KYL8599,12,-22.992599,-43.598347,2023-07-26 04:35:59,0.0,,ida,12 - PINGO D'AGUA X ALVORADA (EXPRESSO) [IDA],41752.5,
13403,LTF5447,10,-23.00311,-43.567963,2023-07-26 04:35:51,59.6,,ida,10 - SANTA CRUZ X ALVORADA (EXPRESSO) [IDA],53255.9,105.0
90002,LMB2D92,11,-22.916699,-43.632339,2023-07-26 04:35:56,0.0,,ida,11 - SANTA CRUZ X ALVORADA (PARADOR) [IDA],55836.5,260.0
47030,LSQ5263,20,-22.916826,-43.683487,2023-07-26 04:35:50,0.0,,ida,20 - SANTA CRUZ X SALVADOR ALLENDE (EXPRESSO) [IDA],53763.5,347.0
30519,LRE9804,11,-22.920074,-43.608092,2023-07-26 04:36:00,0.0,,ida,11 - SANTA CRUZ X ALVORADA (PARADOR) [IDA],51494.8,
90005,KWK6A89,10,-23.002782,-43.568377,2023-07-26 04:35:54,59.6,,ida,10 - SANTA CRUZ X ALVORADA (EXPRESSO) [IDA],49817.5,285.0
86875,KQB4103,12,-22.919685,-43.607628,2023-07-26 04:35:50,0.0,,ida,12 - PINGO D'AGUA X ALVORADA (EXPRESSO) [IDA],13012.2,
30518,KYL8597,25,-23.000184,-43.402498,2023-07-26 04:35:53,53.1,,ida,25 - MATO ALTO X ALVORADA (PARADOR) [IDA],37105.9,92.0
902090,,35,-22.898529,-43.352804,2023-07-26 04:35:49,25.0,,volta,35 - ALVORADA  X  MADUREIRA (PARADOR) [VOLTA],15071.5,38.0
47029,LSQ5267,11,-22.919693,-43.607868,2023-07-26 04:35:53,0.0,,ida,11 - SANTA CRUZ X ALVORADA (PARADOR) [IDA],56954.8,
86885,LTB5540,14,-22.919014,-43.607023,2023-07-26 04:36:01,0.0,,ida,14 - SANTA EUGÊNIA X SALVADOR ALLENDE (EXPRESSO) [IDA],514714.4,
12738,KRR2404,25,-23.020317,-43.501187,2023-07-26 04:36:02,29.5,,ida,25 - MATO ALTO X ALVORADA (PARADOR) [IDA],37381.8,282.0
47007,LSP6018,18,-22.920592,-43.607692,2023-07-26 04:36:01,0.0,,ida,18 - RECREIO SHOPPING X JARDIM OCEÂNICO (EXPRESSO) [IDA],42179.7,
13413,KWI9711,12,-22.977924,-43.611425,2023-07-26 04:35:49,54.8,,ida,12 - PINGO D'AGUA X ALVORADA (EXPRESSO) [IDA],43509.9,161.0
90001,KPZ5E15,19,-22.919839,-43.682302,2023-07-26 04:36:05,21.8,,ida,19 - PINGO D'AGUA X SALVADOR ALLENDE (EXPRESSO) [IDA],44125.5,98.0
901057,,52,-22.974092,-43.363721,2023-07-26 04:35:58,49.9,,ida,52 - SENTIDO ALVORADA (PARADOR) [IDA],51050.6,192.0
901003,RKM8C54,22,-23.00101,-43.365162,2023-07-26 04:35:48,0.0,,ida,22 - ALVORADA X J. OCEÂNICO (PARADOR) [IDA],22819.7,
86874,KQB4102,20,-22.920656,-43.608214,2023-07-26 04:35:54,0.0,,ida,20 - SANTA CRUZ X SALVADOR ALLENDE (EXPRESSO) [IDA],512858.0,81.0
86879,LTN5696,18,-22.915836,-43.629151,2023-07-26 04:35:47,53.2,,ida,18 - RECREIO SHOPPING X JARDIM OCEÂNICO (EXPRESSO) [IDA],1797.4,258.0
50301,KPP5B70,25,-23.00087,-43.36764,2023-07-26 04:36:04,0.0,,volta,25 - ALVORADA X MATO ALTO (PARADOR) [VOLTA],3941.1,
44713,KPZ3559,20,-22.920646,-43.607893,2023-07-26 04:35:54,0.0,,ida,20 - SANTA CRUZ X SALVADOR ALLENDE (EXPRESSO) [IDA],29573.1,
13401,KQO7822,19,-22.966254,-43.644913,2023-07-26 04:35:56,0.0,,ida,19 - PINGO D'AGUA X SALVADOR ALLENDE (EXPRESSO) [IDA],53624.6,
27174,KQP5437,20,-22.933207,-43.661341,2023-07-26 04:35:59,38.8,,ida,20 - SANTA CRUZ X SALVADOR ALLENDE (EXPRESSO) [IDA],18861.7,251.0
47026,KYA7928,10,-22.920593,-43.608013,2023-07-26 04:35:50,0.0,,ida,10 - SANTA CRUZ X ALVORADA (EXPRESSO) [IDA],32900.199,
86889,KRQ6878,10,-23.000893,-43.367123,2023-07-26 04:35:57,0.0,,volta,10 - ALVORADA X SANTA CRUZ (EXPRESSO) [VOLTA],514962.4,
27209,LSL9B07,18,-22.992194,-43.598958,2023-07-26 04:35:52,33.7,,ida,18 - RECREIO SHOPPING X JARDIM OCEÂNICO (EXPRESSO) [IDA],10074.6,132.0
30511,KPV2250,13,-23.000712,-43.364826,2023-07-26 04:35:45,0.0,,volta,13 - ALVORADA X  MATO ALTO (EXPRESSO) [VOLTA],49434.9,
13427,KXE7711,0,-22.918404,-43.607083,2023-07-26 04:35:57,0.0,,,,51855.2,
12725,LMJ1327,25,-23.000279,-43.393934,2023-07-26 04:35:48,43.2,,volta,25 - ALVORADA X MATO ALTO (PARADOR) [VOLTA],39239.2,271.0
13404,KQO7823,20,-22.935826,-43.667084,2023-07-26 04:36:04,19.0,,ida,20 - SANTA CRUZ X SALVADOR ALLENDE (EXPRESSO) [IDA],56080.0,150.0
47022,KRM7701,10,-23.000729,-43.365024,2023-07-26 04:36:04,0.0,,volta,10 - ALVORADA X SANTA CRUZ (EXPRESSO) [VOLTA],12932.4,77.0
12736,LMJ4504,20,-22.919868,-43.608294,2023-07-26 04:35:58,0.0,,ida,20 - SANTA CRUZ X SALVADOR ALLENDE (EXPRESSO) [IDA],15483.9,18.0
13422,LSI5978,20,-22.917862,-43.683215,2023-07-26 04:35:51,0.0,,ida,20 - SANTA CRUZ X SALVADOR ALLENDE (EXPRESSO) [IDA],40372.0,
13402,LTL5480,12,-22.920245,-43.607764,2023-07-26 04:35:57,0.0,,ida,12 - PINGO D'AGUA X ALVORADA (EXPRESSO) [IDA],43258.9,
12730,LSO8993,19,-23.008961,-43.540887,2023-07-26 04:35:47,58.7,,ida,19 - PINGO D'AGUA X SALVADOR ALLENDE (EXPRESSO) [IDA],9233.6,125.0
86872,LSH7386,20,-22.932481,-43.658972,2023-07-26 04:35:50,42.5,,ida,20 - SANTA CRUZ X SALVADOR ALLENDE (EXPRESSO) [IDA],22404.7,251.0
86859,KWJ9250,20,-22.945697,-43.657061,2023-07-26 04:35:51,46.7,,ida,20 - SANTA CRUZ X SALVADOR ALLENDE (EXPRESSO) [IDA],18678.2,106.0
30509,KYM4574,13,-23.01617,-43.47307,2023-07-26 04:35:55,52.3,,ida,13 - MATO ALTO X ALVORADA (EXPRESSO) [IDA],53031.7,75.0
12710,KRO9724,20,-22.916371,-43.607139,2023-07-26 04:35:58,0.0,,ida,20 - SANTA CRUZ X SALVADOR ALLENDE (EXPRESSO) [IDA],38363.1,
12720,KXD9430,20,-22.975987,-43.612143,2023-07-26 04:35:58,58.5,,ida,20 - SANTA CRUZ X SALVADOR ALLENDE (EXPRESSO) [IDA],21745.1,161.0
12712,LSN8501,19,-22.920171,-43.608054,2023-07-26 04:35:52,0.0,,ida,19 - PINGO D'AGUA X SALVADOR ALLENDE (EXPRESSO) [IDA],31093.7,
30521,LRC6594,25,-22.919578,-43.607162,2023-07-26 04:35:54,0.0,,ida,25 - MATO ALTO X ALVORADA (PARADOR) [IDA],34815.0,
12739,LMJ4F12,20,-22.916152,-43.611459,2023-07-26 04:36:02,31.9,,ida,20 - SANTA CRUZ X SALVADOR ALLENDE (EXPRESSO) [IDA],23710.8,254.0
47010,KPZ8363,13,-22.992856,-43.598122,2023-07-26 04:20:33,0.0,,ida,13 - MATO ALTO X ALVORADA (EXPRESSO) [IDA],42570.7,131.0
86884,LSP9604,20,-22.965454,-43.391808,2023-07-26 04:36:04,0.0,,ida,20 - SANTA CRUZ X SALVADOR ALLENDE (EXPRESSO) [IDA],15298.5,326.0
12734,LSP8673,11,-22.920177,-43.60786,2023-07-26 04:35:48,0.0,,ida,11 - SANTA CRUZ X ALVORADA (PARADOR) [IDA],16894.9,
90006,LRH6D12,20,-23.020686,-43.498361,2023-07-26 04:35:53,58.4,,volta,20 - SALVADOR ALLENDE X SANTA CRUZ (EXPRESSO) [VOLTA],29685.2,275.0
30531,LRC6592,19,-23.003513,-43.425375,2023-07-26 04:36:03,0.0,,volta,19 - SALVADOR ALLENDE X PINGO D'AGUA (EXPRESSO) [VOLTA],40581.7,70.0
30524,LRC6601,10,-22.992443,-43.598566,2023-07-26 04:36:00,0.0,,ida,10 - SANTA CRUZ X ALVORADA (EXPRESSO) [IDA],29221.7,134.0
901002,,22,-23.000978,-43.366197,2023-07-26 04:36:04,0.0,,ida,22 - ALVORADA X J. OCEÂNICO (PARADOR) [IDA],17394.1,269.0
B13,KYM5979,14,-23.016928,-43.476157,2023-07-26 04:36:04,51.4,,ida,14 - SANTA EUGÊNIA X SALVADOR ALLENDE (EXPRESSO) [IDA],1149.6,74.0
B20,LMH6141,14,-22.916955,-43.634689,2023-07-26 04:36:03,41.9,,ida,14 - SANTA EUGÊNIA X SALVADOR ALLENDE (EXPRESSO) [IDA],1139.0,271.0
B19,KZJ7238,14,-22.961636666666667,-43.64827833333333,2023-07-26 04:35:57,7.0,,ida,14 - SANTA EUGÊNIA X SALVADOR ALLENDE (EXPRESSO) [IDA],104986.2,225.0
B14,KRK9519,14,-23.007826,-43.543595,2023-07-26 04:35:58,59.1,,ida,14 - SANTA EUGÊNIA X SALVADOR ALLENDE (EXPRESSO) [IDA],1155.3,102.0
B24,LSO7028,14,-22.916487,-43.631265,2023-07-26 04:35:59,0.0,,ida,14 - SANTA EUGÊNIA X SALVADOR ALLENDE (EXPRESSO) [IDA],1182.3,260.0
B25,,14,-22.916582,-43.631628,2023-07-26 04:35:53,0.0,,ida,14 - SANTA EUGÊNIA X SALVADOR ALLENDE (EXPRESSO) [IDA],1102.0,243.0
B28,KQP5E29,14,-22.952816,-43.648033,2023-07-26 04:35:57,30.7,,ida,14 - SANTA EUGÊNIA X SALVADOR ALLENDE (EXPRESSO) [IDA],1136.0,69.0
B40,,14,-22.961114,-43.648026,2023-07-26 04:36:01,0.0,,ida,14 - SANTA EUGÊNIA X SALVADOR ALLENDE (EXPRESSO) [IDA],743.1,
901001,RJD7J89,22,-23.000119,-43.35324,2023-07-26 04:35:46,28.8,,ida,22 - ALVORADA X J. OCEÂNICO (PARADOR) [IDA],17331.5,92.0
B048,,14,-22.916493,-43.631448,2023-07-26 04:35:49,0.0,,ida,14 - SANTA EUGÊNIA X SALVADOR ALLENDE (EXPRESSO) [IDA],1167.9,258.0
B49,,14,-22.916613,-43.63176,2023-07-26 04:35:53,0.0,,ida,14 - SANTA EUGÊNIA X SALVADOR ALLENDE (EXPRESSO) [IDA],1134.3,255.0
B55,,14,-22.930854,-43.655967,2023-07-26 04:35:58,13.5,,ida,14 - SANTA EUGÊNIA X SALVADOR ALLENDE (EXPRESSO) [IDA],1125.1,218.0
B53,,14,-22.916485,-43.631135,2023-07-26 04:35:48,0.0,,ida,14 - SANTA EUGÊNIA X SALVADOR ALLENDE (EXPRESSO) [IDA],1195.7,264.0
B51,,14,-22.968917,-43.63548,2023-07-26 04:35:00,58.5,,ida,14 - SANTA EUGÊNIA X SALVADOR ALLENDE (EXPRESSO) [IDA],1203.6,107.0
901058,,51,-23.002406,-43.43245,2023-07-26 04:36:04,58.5,,ida,51 - SENTIDO RECREIO (PARADOR) [IDA],44184.6,227.0
903027,,50,-22.941393,-43.372731,2023-07-26 04:35:47,44.8,,ida,50 - SENTIDO JD. OCEANICO (PARADOR) [IDA],49606.0,184.0
901066,,52,-22.970661,-43.400655,2023-07-26 04:35:41,18.6,,ida,52 - SENTIDO ALVORADA (PARADOR) [IDA],49995.0,229.0
903026,,50,-22.972287,-43.401074,2023-07-26 04:36:03,0.0,,ida,50 - SENTIDO JD. OCEANICO (PARADOR) [IDA],48944.7,181.0
903029,,50,-22.878963,-43.33824,2023-07-26 04:36:01,52.7,,ida,50 - SENTIDO JD. OCEANICO (PARADOR) [IDA],33498.199,267.0
902116,,35,-22.928943,-43.373522,2023-07-26 04:36:03,47.9,,ida,35 - MADUREIRA X ALVORADA (PARADOR) [IDA],11165.7,182.0
902115,,35,-22.983452,-43.365781,2023-07-26 04:35:54,41.2,,ida,35 - MADUREIRA X ALVORADA (PARADOR) [IDA],14858.2,174.0
901061,,51,-23.008668,-43.440718,2023-07-26 04:35:58,0.0,,volta,51 - SENTIDO V. MILITAR (PARADOR) [VOLTA],43291.8,75.0
901073,,52,-22.867442,-43.411793,2023-07-26 04:35:59,49.0,,ida,52 - SENTIDO ALVORADA (PARADOR) [IDA],41844.6,61.0
901048,,40,-22.861126,-43.398748,2023-07-26 04:26:38,0.0,,ida,40 - PAULO DA PORTELA X ALVORADA (EXPRESSO) [IDA],26329.2,
901065,,52,-22.887964,-43.400948,2023-07-26 04:35:46,58.6,,ida,52 - SENTIDO ALVORADA (PARADOR) [IDA],35389.9,1.0
903032,,42,-22.85591,-43.325117,2023-07-26 04:35:58,59.1,,ida,42 - GALEÃO X MADUREIRA MANANCEIA (PARADOR) [IDA],42702.0,254.0
901075,,0,-22.954918,-43.392042,2023-07-26 04:35:49,53.0,,,,48989.7,42.0
903055,,17,-22.919009,-43.607497,2023-07-26 04:36:01,0.0,,ida,17 - SANTA CRUZ X CAMPO GRANDE (PARADOR) [IDA],18899.5,
903002,,42,-22.847061,-43.243847,2023-07-26 04:35:55,0.0,,ida,42 - GALEÃO X MADUREIRA MANANCEIA (PARADOR) [IDA],6958.4,242.0
902110,,35,-22.973284,-43.378262,2023-07-26 04:35:55,49.6,,ida,35 - MADUREIRA X ALVORADA (PARADOR) [IDA],8823.1,95.0
902114,,35,-22.97329,-43.376894,2023-07-26 04:36:04,1.5,,volta,35 - ALVORADA  X  MADUREIRA (PARADOR) [VOLTA],8963.7,268.0
903054,,17,-22.907252,-43.574971,2023-07-26 04:36:00,17.9,,ida,17 - SANTA CRUZ X CAMPO GRANDE (PARADOR) [IDA],17659.7,69.0
903056,,17,-22.901819,-43.555147,2023-07-26 04:25:38,0.0,,volta,17 - CAMPO GRANDE  X SANTA CRUZ (PARADOR) [VOLTA],14639.7,267.0
903000,,50,-22.978684,-43.365664,2023-07-26 04:36:03,57.3,,ida,50 - SENTIDO JD. OCEANICO (PARADOR) [IDA],31875.0,192.0
902045,,31,-22.876311,-43.329772,2023-07-26 04:35:58,0.0,,ida,31 - VICENTE DE CARVALHO X ALVORADA (SEMIDIRETO) [IDA],6821.5,
903007,,50,-23.000089,-43.352716,2023-07-26 04:35:49,23.7,,ida,50 - SENTIDO JD. OCEANICO (PARADOR) [IDA],41350.1,87.0
903004,,42,-22.839917,-43.23935,2023-07-26 04:35:50,0.0,,ida,,39183.4,146.0
903005,,42,-22.849002,-43.265049,2023-07-26 04:36:03,40.0,,ida,42 - GALEÃO X MADUREIRA MANANCEIA (PARADOR) [IDA],38817.8,137.0
903022,,50,-23.006809,-43.312583,2023-07-26 04:36:03,0.0,,volta,50 - SENTIDO T. OLIMPICO (PARADOR) [VOLTA],37728.0,95.0
903035,,17,-22.916755,-43.633043,2023-07-26 04:36:06,5.9,,volta,17 - CAMPO GRANDE  X SANTA CRUZ (PARADOR) [VOLTA],19562.8,280.0
901059,,51,-22.969392,-43.399589,2023-07-26 04:36:02,59.3,,ida,51 - SENTIDO RECREIO (PARADOR) [IDA],48347.5,221.0
903003,,42,-22.837971,-43.285252,2023-07-26 04:35:46,30.1,,ida,42 - GALEÃO X MADUREIRA MANANCEIA (PARADOR) [IDA],41698.8,282.0
901024,,22,-23.001345,-43.328903,2023-07-26 04:35:54,11.7,,ida,22 - ALVORADA X J. OCEÂNICO (PARADOR) [IDA],20653.8,107.0
901025,,46,-22.947663,-43.391997,2023-07-26 04:35:55,0.0,,ida,46 - PENHA X ALVORADA (EXPRESSO) [IDA],40700.0,301.0
901027,,41,-23.008402,-43.439863,2023-07-26 04:35:51,0.0,,volta,41 - TERMINAL RECREIO X PAULO DA PORTELA (EXPRESSO) [VOLTA],25965.9,77.0
901028,,40,-22.920543,-43.368832,2023-07-26 04:35:50,51.0,,ida,40 - PAULO DA PORTELA X ALVORADA (EXPRESSO) [IDA],23767.6,68.0
901032,,52,-22.965012,-43.391592,2023-07-26 04:35:59,4.3,,ida,52 - SENTIDO ALVORADA (PARADOR) [IDA],25282.9,190.0
903009,,42,-22.839809,-43.23946,2023-07-26 04:35:47,0.0,,ida,42 - GALEÃO X MADUREIRA MANANCEIA (PARADOR) [IDA],47178.3,92.0
903010,,42,-22.837823,-43.288396,2023-07-26 04:35:57,33.2,,volta,42 - MADUREIRA MANANCEIA X GALEAO (PARADOR) [VOLTA],43683.4,92.0
903011,,42,-22.877343,-43.32919,2023-07-26 04:35:59,21.1,,ida,42 - GALEÃO X MADUREIRA MANANCEIA (PARADOR) [IDA],45328.2,179.0
903012,,42,-22.814628,-43.246193,2023-07-26 04:35:53,0.0,,ida,42 - GALEÃO X MADUREIRA MANANCEIA (PARADOR) [IDA],47938.0,133.0
903015,,42,-22.854573,-43.322836,2023-07-26 04:35:56,57.3,,volta,42 - MADUREIRA MANANCEIA X GALEAO (PARADOR) [VOLTA],47853.6,49.0
903016,,42,-22.877833,-43.336383,2023-07-26 04:36:05,0.0,,volta,42 - MADUREIRA MANANCEIA X GALEAO (PARADOR) [VOLTA],42522.0,29.0
903017,,50,-22.972579,-43.400414,2023-07-26 04:35:48,21.1,,volta,50 - SENTIDO T. OLIMPICO (PARADOR) [VOLTA],44900.0,316.0
903018,,38,-22.85575,-43.255674,2023-07-26 04:35:53,52.9,,ida,38 - FUNDÃO X ALVORADA (PARADOR) [IDA],11267.3,217.0
903020,,50,-22.994323,-43.365847,2023-07-26 04:35:50,13.9,,volta,50 - SENTIDO T. OLIMPICO (PARADOR) [VOLTA],43833.0,2.0
903024,,38,-22.930241,-43.373299,2023-07-26 04:35:53,48.9,,volta,38 - ALVORADA X FUNDÃO (PARADOR) [VOLTA],38013.1,354.0
903013,,42,-22.841976,-43.276569,2023-07-26 04:35:56,0.0,,volta,42 - MADUREIRA MANANCEIA X GALEAO (PARADOR) [VOLTA],44464.7,91.0
901060,,51,-22.875736,-43.405534,2023-07-26 04:35:55,37.3,,ida,51 - SENTIDO RECREIO (PARADOR) [IDA],24765.9,137.0
903063,,17,-22.920244,-43.608154,2023-07-26 04:35:47,0.0,,ida,17 - SANTA CRUZ X CAMPO GRANDE (PARADOR) [IDA],21497.7,135.0
901000,,22,-23.006546,-43.312942,2023-07-26 04:35:55,0.0,,volta,22 - J. OCEÂNICO X ALVORADA (PARADOR) [VOLTA],30196.5,266.0
902117,,31,-22.876716,-43.329228,2023-07-26 04:35:58,6.9,,ida,31 - VICENTE DE CARVALHO X ALVORADA (SEMIDIRETO) [IDA],10234.6,158.0
901044,,46,-22.920846,-43.369434,2023-07-26 04:35:50,42.6,,ida,46 - PENHA X ALVORADA (EXPRESSO) [IDA],29588.4,59.0
903033,,38,-22.844846,-43.268487,2023-07-26 04:36:05,54.8,,ida,38 - FUNDÃO X ALVORADA (PARADOR) [IDA],36561.5,142.0
902020,,46,-22.925338,-43.373703,2023-07-26 04:35:50,16.4,,volta,46 - ALVORADA X PENHA (EXPRESSO) [VOLTA],31623.9,5.0
902022,,46,-22.88252,-43.34192,2023-07-26 04:35:56,43.4,,volta,46 - ALVORADA X PENHA (EXPRESSO) [VOLTA],30772.1,9.0
902059,,41,-22.840192,-43.296961,2023-07-26 04:35:48,47.9,,volta,41 - TERMINAL RECREIO X PAULO DA PORTELA (EXPRESSO) [VOLTA],35696.7,227.0
902056,,46,-22.9603,-43.389736,2023-07-26 04:36:04,15.5,,volta,46 - ALVORADA X PENHA (EXPRESSO) [VOLTA],34624.0,27.0
901091,,40,-22.911094,-43.400793,2023-07-26 04:34:45,57.5,,ida,40 - PAULO DA PORTELA X ALVORADA (EXPRESSO) [IDA],31108.8,11.0
902032,,46,-22.891523,-43.347821,2023-07-26 04:36:05,60.1,,ida,46 - PENHA X ALVORADA (EXPRESSO) [IDA],36277.6,209.0
902027,,46,-22.85453,-43.251243,2023-07-26 04:35:50,0.0,,ida,46 - PENHA X ALVORADA (EXPRESSO) [IDA],32859.199,
902028,,46,-23.00129,-43.364852,2023-07-26 04:35:53,0.0,,volta,46 - ALVORADA X PENHA (EXPRESSO) [VOLTA],37575.7,87.0
902018,,40,-22.965205,-43.391689,2023-07-26 04:36:00,0.0,,ida,40 - PAULO DA PORTELA X ALVORADA (EXPRESSO) [IDA],23625.9,
902046,,41,-22.841401,-43.276853,2023-07-26 04:36:04,12.7,,volta,41 - TERMINAL RECREIO X PAULO DA PORTELA (EXPRESSO) [VOLTA],33367.1,241.0
12715,,10,-23.011811,-43.457137,2023-07-26 04:36:04,0.0,,volta,10 - ALVORADA X SANTA CRUZ (EXPRESSO) [VOLTA],42359.2,254.0
901062,,51,-22.86164,-43.399613,2023-07-26 04:36:03,29.8,,ida,51 - SENTIDO RECREIO (PARADOR) [IDA],46916.1,245.0
901067,,52,-22.919967,-43.396652,2023-07-26 04:35:55,59.8,,ida,52 - SENTIDO ALVORADA (PARADOR) [IDA],41752.6,192.0
E902004,,41,-22.854787,-43.252012,2023-07-26 04:36:00,0.0,,volta,41 - TERMINAL RECREIO X PAULO DA PORTELA (EXPRESSO) [VOLTA],13269.1,
902062,,46,-22.982121,-43.365584,2023-07-26 04:36:03,59.0,,volta,46 - ALVORADA X PENHA (EXPRESSO) [VOLTA],33270.5,1.0
902048,,46,-23.000903,-43.367547,2023-07-26 04:36:02,0.0,,volta,46 - ALVORADA X PENHA (EXPRESSO) [VOLTA],23958.0,
902058,,46,-22.854706,-43.251594,2023-07-26 04:35:54,6.5,,ida,46 - PENHA X ALVORADA (EXPRESSO) [IDA],34575.0,254.0
901068,,51,-22.928196,-43.395903,2023-07-26 04:35:56,0.0,,ida,51 - SENTIDO RECREIO (PARADOR) [IDA],50809.7,152.0
902003,,41,-22.854294,-43.251956,2023-07-26 04:35:57,0.0,,volta,41 - TERMINAL RECREIO X PAULO DA PORTELA (EXPRESSO) [VOLTA],17394.1,
902102,,35,-22.876443,-43.32965,2023-07-26 04:36:00,0.0,,ida,35 - MADUREIRA X ALVORADA (PARADOR) [IDA],12378.2,
901082,,40,-22.965294,-43.391511,2023-07-26 04:36:05,0.0,,ida,40 - PAULO DA PORTELA X ALVORADA (EXPRESSO) [IDA],47060.2,
902050,,43,-22.924821,-43.373862,2023-07-26 04:35:56,31.1,,ida,43 - FUNDÃO X SANTA EFIGENIA (EXPRESSO) [IDA],31259.6,174.0
12716,,18,-22.916717,-43.632784,2023-07-26 04:36:02,0.0,,ida,18 - RECREIO SHOPPING X JARDIM OCEÂNICO (EXPRESSO) [IDA],45555.4,249.0
902063,,46,-22.922014,-43.371591,2023-07-26 04:35:46,47.6,,ida,46 - PENHA X ALVORADA (EXPRESSO) [IDA],33253.9,239.0
902067,,41,-22.842013,-43.27757,2023-07-26 04:35:59,0.0,,volta,41 - TERMINAL RECREIO X PAULO DA PORTELA (EXPRESSO) [VOLTA],34076.6,
901098,,51,-22.984368,-43.412231,2023-07-26 04:36:01,58.4,,volta,51 - SENTIDO V. MILITAR (PARADOR) [VOLTA],27274.7,39.0
901055,,51,-22.971922,-43.400128,2023-07-26 04:35:52,55.7,,volta,51 - SENTIDO V. MILITAR (PARADOR) [VOLTA],46639.8,352.0
901076,,52,-22.967843,-43.390804,2023-07-26 04:35:58,22.7,,ida,52 - SENTIDO ALVORADA (PARADOR) [IDA],31254.3,193.0
901079,,53,-22.883983,-43.399857,2023-07-26 04:35:49,0.0,,ida,53 - SENTIDO ALVORADA (EXPRESSO) [IDA],44048.8,
901070,,52,-22.861382,-43.399296,2023-07-26 04:35:57,0.0,,ida,52 - SENTIDO ALVORADA (PARADOR) [IDA],40476.3,
901081,,0,-22.97047,-43.400148,2023-07-26 04:35:58,45.1,,,,41789.9,30.0
902065,,43,-22.839314,-43.240482,2023-07-26 04:36:03,0.0,,ida,43 - FUNDÃO X SANTA EFIGENIA (EXPRESSO) [IDA],35358.2,
901069,,52,-22.863721,-43.403859,2023-07-26 04:36:02,55.7,,ida,52 - SENTIDO ALVORADA (PARADOR) [IDA],37720.9,244.0
901085,,53,-22.964721,-43.391885,2023-07-26 04:35:45,0.0,,ida,53 - SENTIDO ALVORADA (EXPRESSO) [IDA],43530.7,169.0
902071,,46,-22.973432,-43.365799,2023-07-26 04:36:01,31.8,,ida,46 - PENHA X ALVORADA (EXPRESSO) [IDA],35933.5,92.0
902064,,43,-22.854435,-43.251642,2023-07-26 04:36:04,0.0,,ida,43 - FUNDÃO X SANTA EFIGENIA (EXPRESSO) [IDA],0.0,
902070,,46,-22.852805,-43.312997,2023-07-26 04:35:55,31.4,,ida,46 - PENHA X ALVORADA (EXPRESSO) [IDA],36274.9,231.0
901083,,53,-22.964537,-43.392066,2023-07-26 04:36:05,0.0,,ida,53 - SENTIDO ALVORADA (EXPRESSO) [IDA],49411.4,
E902001,,41,-22.85464,-43.251269,2023-07-26 04:35:45,0.0,,volta,41 - TERMINAL RECREIO X PAULO DA PORTELA (EXPRESSO) [VOLTA],20869.6,
E902006,,40,-22.965251,-43.391682,2023-07-26 04:35:54,0.0,,ida,40 - PAULO DA PORTELA X ALVORADA (EXPRESSO) [IDA],19292.2,
E902011,,40,-22.965191,-43.391647,2023-07-26 04:35:55,0.0,,ida,40 - PAULO DA PORTELA X ALVORADA (EXPRESSO) [IDA],8589.7,
902002,,41,-22.854393,-43.252026,2023-07-26 04:35:49,0.0,,volta,41 - TERMINAL RECREIO X PAULO DA PORTELA (EXPRESSO) [VOLTA],19822.7,
902069,,41,-22.877496,-43.336957,2023-07-26 04:36:05,0.0,,ida,41 - PAULO DA PORTELA X TERMINAL RECREIO (EXPRESSO) [IDA],32579.4,
902094,,35,-23.001385,-43.366073,2023-07-26 04:35:55,0.0,,volta,35 - ALVORADA  X  MADUREIRA (PARADOR) [VOLTA],9074.4,
903068,,17,-22.927776,-43.677345,2023-07-26 04:35:19,16.4,,ida,17 - SANTA CRUZ X CAMPO GRANDE (PARADOR) [IDA],20720.3,128.0
902082,,35,-22.87693,-43.335664,2023-07-26 04:36:01,31.7,,ida,35 - MADUREIRA X ALVORADA (PARADOR) [IDA],10859.6,210.0
903062,,17,-22.930606,-43.655778,2023-07-26 04:35:57,31.9,,ida,17 - SANTA CRUZ X CAMPO GRANDE (PARADOR) [IDA],20177.9,205.0
902089,,35,-22.898178,-43.352699,2023-07-26 04:35:57,6.9,,ida,35 - MADUREIRA X ALVORADA (PARADOR) [IDA],9757.6,219.0
903051,,50,-23.004812,-43.320131,2023-07-26 04:36:01,58.1,,volta,50 - SENTIDO T. OLIMPICO (PARADOR) [VOLTA],31045.8,294.0
902055,,46,-22.854423,-43.252044,2023-07-26 04:35:49,0.0,,ida,46 - PENHA X ALVORADA (EXPRESSO) [IDA],11.0,
903044,,42,-22.829154,-43.235366,2023-07-26 04:35:48,58.3,,ida,42 - GALEÃO X MADUREIRA MANANCEIA (PARADOR) [IDA],29199.7,31.0
903039,,17,-22.930116,-43.655533,2023-07-26 04:35:46,60.4,,ida,17 - SANTA CRUZ X CAMPO GRANDE (PARADOR) [IDA],18356.1,206.0
902074,,31,-22.8764,-43.329662,2023-07-26 04:35:47,0.0,,ida,31 - VICENTE DE CARVALHO X ALVORADA (SEMIDIRETO) [IDA],9765.9,
903040,,17,-22.914252,-43.601139,2023-07-26 04:35:57,0.0,,ida,17 - SANTA CRUZ X CAMPO GRANDE (PARADOR) [IDA],18457.5,75.0
903064,,50,-22.999913,-43.359014,2023-07-26 04:35:50,59.0,,volta,50 - SENTIDO T. OLIMPICO (PARADOR) [VOLTA],22127.4,266.0
903069,,17,-22.914157,-43.601612,2023-07-26 04:36:00,3.4,,volta,17 - CAMPO GRANDE  X SANTA CRUZ (PARADOR) [VOLTA],22401.7,278.0
902042,,46,-23.00069,-43.367354,2023-07-26 04:36:01,0.0,,volta,46 - ALVORADA X PENHA (EXPRESSO) [VOLTA],31912.1,
903049,,17,-22.917842,-43.683248,2023-07-26 04:35:51,22.8,,ida,17 - SANTA CRUZ X CAMPO GRANDE (PARADOR) [IDA],23308.2,331.0
903053,,17,-22.917029,-43.635088,2023-07-26 04:35:52,53.3,,ida,17 - SANTA CRUZ X CAMPO GRANDE (PARADOR) [IDA],21449.7,77.0
12732,,18,-22.916085,-43.611097,2023-07-26 04:35:53,21.7,,ida,18 - RECREIO SHOPPING X JARDIM OCEÂNICO (EXPRESSO) [IDA],25671.6,260.0
902096,,35,-22.958623,-43.383672,2023-07-26 04:35:53,0.0,,ida,35 - MADUREIRA X ALVORADA (PARADOR) [IDA],14212.6,252.0
902079,,46,-22.854535,-43.251788,2023-07-26 04:36:01,6.2,,ida,46 - PENHA X ALVORADA (EXPRESSO) [IDA],30818.4,101.0
903066,,17,-22.934689,-43.665388,2023-07-26 04:36:03,0.0,,volta,17 - CAMPO GRANDE  X SANTA CRUZ (PARADOR) [VOLTA],24871.1,193.0
902099,,35,-22.924441,-43.373875,2023-07-26 04:36:01,18.4,,volta,35 - ALVORADA  X  MADUREIRA (PARADOR) [VOLTA],11534.1,332.0
902091,,35,-22.878343,-43.336326,2023-07-26 04:36:02,0.0,,ida,35 - MADUREIRA X ALVORADA (PARADOR) [IDA],14038.5,
901099,,51,-22.855997,-43.388717,2023-07-26 04:35:59,55.4,,ida,51 - SENTIDO RECREIO (PARADOR) [IDA],29475.1,62.0
903061,,17,-22.918868,-43.607504,2023-07-26 04:35:55,0.0,,ida,17 - SANTA CRUZ X CAMPO GRANDE (PARADOR) [IDA],21481.5,88.0
44706,LRG8855,12,-22.968671,-43.622299,2023-07-26 04:35:35,0.0,,volta,12 - ALVORADA X PINGO D'AGUA (EXPRESSO) [VOLTA],21864.4,244.0
903065,,17,-22.915592,-43.607276,2023-07-26 04:36:01,0.0,,ida,17 - SANTA CRUZ X CAMPO GRANDE (PARADOR) [IDA],16953.9,71.0
901008,,22,-23.000939,-43.366261,2023-07-26 04:36:51,0.0,,volta,,22782.6,
901005,RJB8E53,22,-23.000659,-43.364957,2023-07-26 04:36:31,0.0,,ida,22 - ALVORADA X J. OCEÂNICO (PARADOR) [IDA],21636.6,
901004,RJQ8J80,22,-23.000955,-43.364893,2023-07-26 04:37:02,0.0,,volta,,21426.1,268.0
47031,KYW5240,25,-23.010883,-43.45275,2023-07-26 04:36:47,30.0,,ida,25 - MATO ALTO X ALVORADA (PARADOR) [IDA],50898.1,73.0
30538,KXE7719,20,-23.013886,-43.464345,2023-07-26 04:36:49,57.9,,ida,20 - SANTA CRUZ X SALVADOR ALLENDE (EXPRESSO) [IDA],55871.4,75.0
50309,KPN6B05,13,-22.992936,-43.598074,2023-07-26 04:36:48,0.0,,ida,13 - MATO ALTO X ALVORADA (EXPRESSO) [IDA],20066.9,
30532,KYL8599,12,-22.992599,-43.598347,2023-07-26 04:36:59,0.0,,ida,12 - PINGO D'AGUA X ALVORADA (EXPRESSO) [IDA],41752.5,
13403,LTF5447,18,-23.005325,-43.558573,2023-07-26 04:36:51,58.7,,ida,18 - RECREIO SHOPPING X JARDIM OCEÂNICO (EXPRESSO) [IDA],53256.9,104.0
90002,LMB2D92,11,-22.917347,-43.636736,2023-07-26 04:36:57,43.9,,ida,11 - SANTA CRUZ X ALVORADA (PARADOR) [IDA],55836.9,258.0
47030,LSQ5263,20,-22.916826,-43.683487,2023-07-26 04:36:49,0.0,,ida,20 - SANTA CRUZ X SALVADOR ALLENDE (EXPRESSO) [IDA],53763.5,347.0
30519,LRE9804,11,-22.920074,-43.608092,2023-07-26 04:37:01,0.0,,ida,11 - SANTA CRUZ X ALVORADA (PARADOR) [IDA],51494.8,
90005,KWK6A89,10,-23.00058,-43.577807,2023-07-26 04:36:54,59.7,,ida,10 - SANTA CRUZ X ALVORADA (EXPRESSO) [IDA],49818.5,284.0
86875,KQB4103,12,-22.919684,-43.607629,2023-07-26 04:36:50,0.0,,ida,12 - PINGO D'AGUA X ALVORADA (EXPRESSO) [IDA],13012.2,
30518,KYL8597,25,-23.000295,-43.398028,2023-07-26 04:36:54,21.1,,ida,25 - MATO ALTO X ALVORADA (PARADOR) [IDA],37106.4,99.0
902090,,35,-22.896852,-43.351481,2023-07-26 04:36:50,28.3,,volta,35 - ALVORADA  X  MADUREIRA (PARADOR) [VOLTA],15071.8,30.0
47029,LSQ5267,11,-22.919695,-43.607918,2023-07-26 04:36:54,0.0,,ida,11 - SANTA CRUZ X ALVORADA (PARADOR) [IDA],56954.8,
86885,LTB5540,14,-22.919014,-43.607023,2023-07-26 04:37:01,0.0,,ida,14 - SANTA EUGÊNIA X SALVADOR ALLENDE (EXPRESSO) [IDA],514714.4,
13425,KRL4070,20,-23.000401,-43.387868,2023-07-26 04:33:04,18.3,,volta,,1201.6,269.0
12738,KRR2404,25,-23.018362,-43.508201,2023-07-26 04:37:03,5.8,,ida,25 - MATO ALTO X ALVORADA (PARADOR) [IDA],37382.5,287.0
86886,LTB5541,14,-22.920019,-43.607052,2023-07-26 04:36:47,0.0,,ida,14 - SANTA EUGÊNIA X SALVADOR ALLENDE (EXPRESSO) [IDA],13083.8,
47006,KWZ8630,20,-22.982159,-43.609824,2023-07-26 04:37:04,60.4,,ida,20 - SANTA CRUZ X SALVADOR ALLENDE (EXPRESSO) [IDA],50874.2,161.0
47007,LSP6018,18,-22.920594,-43.607693,2023-07-26 04:37:01,0.0,,ida,18 - RECREIO SHOPPING X JARDIM OCEÂNICO (EXPRESSO) [IDA],42179.7,
13413,KWI9711,12,-22.985408,-43.607223,2023-07-26 04:36:49,59.8,,ida,12 - PINGO D'AGUA X ALVORADA (EXPRESSO) [IDA],43510.9,137.0
90001,KPZ5E15,19,-22.92208,-43.679812,2023-07-26 04:36:45,34.4,,ida,19 - PINGO D'AGUA X SALVADOR ALLENDE (EXPRESSO) [IDA],44125.9,163.0
901057,,52,-22.981886,-43.365812,2023-07-26 04:36:54,60.3,,ida,52 - SENTIDO ALVORADA (PARADOR) [IDA],51051.5,181.0
901003,RKM8C54,22,-23.001009,-43.365137,2023-07-26 04:36:47,0.0,,ida,22 - ALVORADA X J. OCEÂNICO (PARADOR) [IDA],22819.7,
86874,KQB4102,20,-22.92068,-43.608172,2023-07-26 04:36:53,0.0,,ida,20 - SANTA CRUZ X SALVADOR ALLENDE (EXPRESSO) [IDA],512858.0,
86879,LTN5696,18,-22.917063,-43.635373,2023-07-26 04:36:48,43.1,,ida,18 - RECREIO SHOPPING X JARDIM OCEÂNICO (EXPRESSO) [IDA],1798.0,258.0
50301,KPP5B70,25,-23.00087,-43.36764,2023-07-26 04:37:04,0.0,,volta,25 - ALVORADA X MATO ALTO (PARADOR) [VOLTA],3941.1,
44713,KPZ3559,20,-22.920646,-43.607893,2023-07-26 04:36:54,0.0,,ida,20 - SANTA CRUZ X SALVADOR ALLENDE (EXPRESSO) [IDA],29573.1,
13401,KQO7822,19,-22.966254,-43.644913,2023-07-26 04:36:56,0.0,,ida,19 - PINGO D'AGUA X SALVADOR ALLENDE (EXPRESSO) [IDA],53624.6,
27174,KQP5437,20,-22.935067,-43.665769,2023-07-26 04:36:59,31.1,,ida,20 - SANTA CRUZ X SALVADOR ALLENDE (EXPRESSO) [IDA],18862.2,219.0
47026,KYA7928,10,-22.920592,-43.608014,2023-07-26 04:36:50,0.0,,ida,10 - SANTA CRUZ X ALVORADA (EXPRESSO) [IDA],32900.199,
86889,KRQ6878,10,-23.000893,-43.367123,2023-07-26 04:36:57,0.0,,volta,10 - ALVORADA X SANTA CRUZ (EXPRESSO) [VOLTA],514962.4,
27209,LSL9B07,18,-22.992791,-43.598261,2023-07-26 04:36:51,0.0,,ida,18 - RECREIO SHOPPING X JARDIM OCEÂNICO (EXPRESSO) [IDA],10074.7,136.0
30511,KPV2250,13,-23.000712,-43.364826,2023-07-26 04:36:46,0.0,,volta,13 - ALVORADA X  MATO ALTO (EXPRESSO) [VOLTA],49434.9,
13427,KXE7711,0,-22.918405,-43.607085,2023-07-26 04:36:57,0.0,,,,51855.2,
12725,LMJ1327,25,-23.00023,-43.398728,2023-07-26 04:36:49,1.5,,volta,25 - ALVORADA X MATO ALTO (PARADOR) [VOLTA],39239.6,259.0
13404,KQO7823,20,-22.938169,-43.66675,2023-07-26 04:37:04,33.2,,ida,20 - SANTA CRUZ X SALVADOR ALLENDE (EXPRESSO) [IDA],56080.3,165.0
47022,KRM7701,10,-23.000729,-43.365024,2023-07-26 04:37:04,0.0,,volta,10 - ALVORADA X SANTA CRUZ (EXPRESSO) [VOLTA],12932.4,77.0
12736,LMJ4504,20,-22.919866,-43.608321,2023-07-26 04:36:59,0.0,,ida,20 - SANTA CRUZ X SALVADOR ALLENDE (EXPRESSO) [IDA],15483.9,18.0
13422,LSI5978,20,-22.917862,-43.683215,2023-07-26 04:36:51,0.0,,ida,20 - SANTA CRUZ X SALVADOR ALLENDE (EXPRESSO) [IDA],40372.0,
13402,LTL5480,12,-22.920247,-43.607764,2023-07-26 04:36:56,0.0,,ida,12 - PINGO D'AGUA X ALVORADA (EXPRESSO) [IDA],43258.9,
86872,LSH7386,20,-22.934195,-43.665035,2023-07-26 04:36:49,21.5,,ida,20 - SANTA CRUZ X SALVADOR ALLENDE (EXPRESSO) [IDA],22405.4,230.0
86859,KWJ9250,20,-22.950555,-43.651198,2023-07-26 04:36:51,36.0,,ida,20 - SANTA CRUZ X SALVADOR ALLENDE (EXPRESSO) [IDA],18679.1,146.0
30509,KYM4574,13,-23.014079,-43.464845,2023-07-26 04:36:55,54.0,,ida,13 - MATO ALTO X ALVORADA (EXPRESSO) [IDA],53032.5,75.0
12710,KRO9724,20,-22.916343,-43.607102,2023-07-26 04:36:58,0.0,,ida,20 - SANTA CRUZ X SALVADOR ALLENDE (EXPRESSO) [IDA],38363.1,
12720,KXD9430,20,-22.984124,-43.608623,2023-07-26 04:36:58,58.4,,ida,20 - SANTA CRUZ X SALVADOR ALLENDE (EXPRESSO) [IDA],21746.1,138.0
12712,LSN8501,19,-22.920171,-43.608054,2023-07-26 04:36:52,0.0,,ida,19 - PINGO D'AGUA X SALVADOR ALLENDE (EXPRESSO) [IDA],31093.7,
30521,LRC6594,25,-22.919578,-43.607162,2023-07-26 04:36:54,0.0,,ida,25 - MATO ALTO X ALVORADA (PARADOR) [IDA],34815.0,
12739,LMJ4F12,20,-22.91544,-43.617451,2023-07-26 04:37:02,38.0,,ida,20 - SANTA CRUZ X SALVADOR ALLENDE (EXPRESSO) [IDA],23711.4,266.0
47010,KPZ8363,13,-22.992824,-43.598088,2023-07-26 04:23:14,0.0,,ida,13 - MATO ALTO X ALVORADA (EXPRESSO) [IDA],42570.7,183.0
12734,LSP8673,11,-22.920177,-43.60786,2023-07-26 04:36:48,0.0,,ida,11 - SANTA CRUZ X ALVORADA (PARADOR) [IDA],16894.9,
90006,LRH6D12,20,-23.018476,-43.507471,2023-07-26 04:36:54,57.4,,volta,20 - SALVADOR ALLENDE X SANTA CRUZ (EXPRESSO) [VOLTA],29686.2,283.0
30531,LRC6592,19,-23.001449,-43.418573,2023-07-26 04:37:03,10.0,,volta,19 - SALVADOR ALLENDE X PINGO D'AGUA (EXPRESSO) [VOLTA],40582.4,74.0
30524,LRC6601,10,-22.992448,-43.598547,2023-07-26 04:37:00,0.0,,ida,10 - SANTA CRUZ X ALVORADA (EXPRESSO) [IDA],29221.7,134.0
13415,KQK7905,25,-23.011416,-43.532627,2023-07-26 04:36:33,59.4,,ida,25 - MATO ALTO X ALVORADA (PARADOR) [IDA],45116.5,110.0
901002,,22,-23.000874,-43.366944,2023-07-26 04:37:03,17.2,,ida,22 - ALVORADA X J. OCEÂNICO (PARADOR) [IDA],17394.4,143.0
B13,KYM5979,14,-23.016155,-43.47314,2023-07-26 04:36:24,58.6,,ida,14 - SANTA EUGÊNIA X SALVADOR ALLENDE (EXPRESSO) [IDA],1149.9,74.0
B20,LMH6141,14,-22.918524,-43.639552,2023-07-26 04:37:03,27.3,,ida,14 - SANTA EUGÊNIA X SALVADOR ALLENDE (EXPRESSO) [IDA],1139.6,231.0
B19,KZJ7238,14,-22.96161333333333,-43.64821833333333,2023-07-26 04:36:48,0.0,,ida,14 - SANTA EUGÊNIA X SALVADOR ALLENDE (EXPRESSO) [IDA],104986.2,
B14,KRK9519,14,-23.01124,-43.534995,2023-07-26 04:36:58,59.1,,ida,14 - SANTA EUGÊNIA X SALVADOR ALLENDE (EXPRESSO) [IDA],1156.3,96.0
B24,LSO7028,14,-22.916473,-43.631286,2023-07-26 04:36:59,0.0,,ida,14 - SANTA EUGÊNIA X SALVADOR ALLENDE (EXPRESSO) [IDA],1182.3,260.0
B25,,14,-22.916543,-43.631669,2023-07-26 04:36:53,0.0,,ida,14 - SANTA EUGÊNIA X SALVADOR ALLENDE (EXPRESSO) [IDA],1102.0,243.0
B28,KQP5E29,14,-22.950896,-43.642338,2023-07-26 04:36:57,52.3,,ida,14 - SANTA EUGÊNIA X SALVADOR ALLENDE (EXPRESSO) [IDA],1136.7,32.0
B40,,14,-22.961103,-43.648063,2023-07-26 04:37:00,0.0,,ida,14 - SANTA EUGÊNIA X SALVADOR ALLENDE (EXPRESSO) [IDA],743.1,
901001,RJD7J89,22,-23.000161,-43.35097,2023-07-26 04:36:46,38.0,,ida,22 - ALVORADA X J. OCEÂNICO (PARADOR) [IDA],17331.7,90.0
B048,,14,-22.916493,-43.631448,2023-07-26 04:36:49,0.0,,ida,14 - SANTA EUGÊNIA X SALVADOR ALLENDE (EXPRESSO) [IDA],1167.9,258.0
B49,,14,-22.916613,-43.631766,2023-07-26 04:36:53,0.0,,ida,14 - SANTA EUGÊNIA X SALVADOR ALLENDE (EXPRESSO) [IDA],1134.3,255.0
B55,,14,-22.932067,-43.657892,2023-07-26 04:36:59,25.1,,ida,14 - SANTA EUGÊNIA X SALVADOR ALLENDE (EXPRESSO) [IDA],1125.3,241.0
B53,,14,-22.916501,-43.631158,2023-07-26 04:36:48,0.0,,ida,14 - SANTA EUGÊNIA X SALVADOR ALLENDE (EXPRESSO) [IDA],1195.7,264.0
B51,,14,-22.969519,-43.617066,2023-07-26 04:37:01,58.0,,ida,14 - SANTA EUGÊNIA X SALVADOR ALLENDE (EXPRESSO) [IDA],1205.6,134.0
901058,,51,-23.00613,-43.436609,2023-07-26 04:37:04,59.5,,ida,51 - SENTIDO RECREIO (PARADOR) [IDA],44185.2,230.0
903027,,50,-22.946876,-43.371972,2023-07-26 04:36:47,36.0,,ida,50 - SENTIDO JD. OCEANICO (PARADOR) [IDA],49606.6,191.0
901066,,52,-22.972354,-43.400467,2023-07-26 04:36:40,33.0,,ida,52 - SENTIDO ALVORADA (PARADOR) [IDA],49995.6,357.0
903026,,50,-22.972355,-43.401061,2023-07-26 04:37:03,0.0,,ida,50 - SENTIDO JD. OCEANICO (PARADOR) [IDA],48944.7,183.0
903029,,50,-22.882462,-43.342004,2023-07-26 04:37:01,0.0,,ida,50 - SENTIDO JD. OCEANICO (PARADOR) [IDA],33498.9,189.0
902116,,35,-22.933537,-43.372636,2023-07-26 04:37:02,53.6,,ida,35 - MADUREIRA X ALVORADA (PARADOR) [IDA],11166.3,157.0
902115,,35,-22.986513,-43.365886,2023-07-26 04:36:54,50.9,,ida,35 - MADUREIRA X ALVORADA (PARADOR) [IDA],14858.5,181.0
901061,,51,-23.008435,-43.440129,2023-07-26 04:36:58,0.1,,volta,51 - SENTIDO V. MILITAR (PARADOR) [VOLTA],43291.9,69.0
901073,,52,-22.863546,-43.403381,2023-07-26 04:36:59,54.3,,ida,52 - SENTIDO ALVORADA (PARADOR) [IDA],41845.6,64.0
901048,,51,-22.861214,-43.398973,2023-07-26 04:36:52,8.9,,ida,51 - SENTIDO RECREIO (PARADOR) [IDA],26329.2,243.0
901065,,52,-22.878462,-43.401095,2023-07-26 04:36:54,63.3,,ida,52 - SENTIDO ALVORADA (PARADOR) [IDA],35391.1,309.0
903032,,42,-22.856856,-43.329176,2023-07-26 04:37:00,34.6,,ida,42 - GALEÃO X MADUREIRA MANANCEIA (PARADOR) [IDA],42702.5,211.0
901075,,0,-22.948116,-43.391147,2023-07-26 04:36:49,50.0,,,,48990.5,304.0
903055,,17,-22.919025,-43.607526,2023-07-26 04:37:02,0.0,,ida,17 - SANTA CRUZ X CAMPO GRANDE (PARADOR) [IDA],18899.5,
903002,,42,-22.851441,-43.248578,2023-07-26 04:37:01,58.9,,ida,42 - GALEÃO X MADUREIRA MANANCEIA (PARADOR) [IDA],6959.1,174.0
902110,,35,-22.973386,-43.369273,2023-07-26 04:36:55,59.3,,ida,35 - MADUREIRA X ALVORADA (PARADOR) [IDA],8824.0,90.0
902114,,35,-22.973217,-43.379819,2023-07-26 04:36:44,49.9,,volta,35 - ALVORADA  X  MADUREIRA (PARADOR) [VOLTA],8964.0,265.0
903056,,17,-22.907276,-43.574966,2023-07-26 04:36:58,18.9,,volta,17 - CAMPO GRANDE  X SANTA CRUZ (PARADOR) [VOLTA],14642.3,252.0
903000,,50,-22.984155,-43.365772,2023-07-26 04:37:03,0.0,,ida,50 - SENTIDO JD. OCEANICO (PARADOR) [IDA],31875.6,170.0
901072,,51,-22.86096,-43.398459,2023-07-26 04:31:44,0.0,,ida,51 - SENTIDO RECREIO (PARADOR) [IDA],38616.2,
902045,,31,-22.876311,-43.329772,2023-07-26 04:36:58,0.0,,ida,31 - VICENTE DE CARVALHO X ALVORADA (SEMIDIRETO) [IDA],6821.5,
903007,,50,-23.000164,-43.35032,2023-07-26 04:36:49,32.0,,ida,50 - SENTIDO JD. OCEANICO (PARADOR) [IDA],41350.3,91.0
903004,,42,-22.839917,-43.23935,2023-07-26 04:36:51,0.0,,ida,,39183.4,146.0
903005,,42,-22.85387,-43.261275,2023-07-26 04:37:02,37.3,,ida,42 - GALEÃO X MADUREIRA MANANCEIA (PARADOR) [IDA],38818.4,137.0
903022,,50,-23.006785,-43.312587,2023-07-26 04:37:02,0.0,,volta,50 - SENTIDO T. OLIMPICO (PARADOR) [VOLTA],37728.0,95.0
903035,,17,-22.91816,-43.638977,2023-07-26 04:37:04,34.9,,volta,17 - CAMPO GRANDE  X SANTA CRUZ (PARADOR) [VOLTA],19563.4,228.0
901059,,51,-22.973053,-43.403339,2023-07-26 04:37:01,58.0,,ida,51 - SENTIDO RECREIO (PARADOR) [IDA],48348.1,236.0
903003,,42,-22.837628,-43.290396,2023-07-26 04:37:00,16.9,,ida,42 - GALEÃO X MADUREIRA MANANCEIA (PARADOR) [IDA],41699.3,250.0
901024,,22,-23.003143,-43.324568,2023-07-26 04:36:55,35.1,,ida,22 - ALVORADA X J. OCEÂNICO (PARADOR) [IDA],20654.3,114.0
901025,,46,-22.941546,-43.394498,2023-07-26 04:36:56,44.4,,ida,46 - PENHA X ALVORADA (EXPRESSO) [IDA],40700.8,352.0
901027,,41,-23.008413,-43.43984,2023-07-26 04:36:51,0.0,,volta,41 - TERMINAL RECREIO X PAULO DA PORTELA (EXPRESSO) [VOLTA],25965.9,77.0
901028,,40,-22.917089,-43.362816,2023-07-26 04:36:50,39.5,,ida,40 - PAULO DA PORTELA X ALVORADA (EXPRESSO) [IDA],23768.4,51.0
901030,,35,-22.96478,-43.391991,2023-07-26 04:37:02,6.1,,ida,35 - MADUREIRA X ALVORADA (PARADOR) [IDA],21823.1,147.0
901032,,52,-22.965836,-43.391349,2023-07-26 04:36:58,14.4,,ida,52 - SENTIDO ALVORADA (PARADOR) [IDA],25283.0,75.0
901034,,0,-22.965632,-43.391269,2023-07-26 03:28:24,0.0,,,,27513.1,154.0
901040,,41,-22.964396,-43.391666,2023-07-26 03:36:53,0.0,,volta,41 - TERMINAL RECREIO X PAULO DA PORTELA (EXPRESSO) [VOLTA],29561.8,
903009,,42,-22.839809,-43.23946,2023-07-26 04:36:47,0.0,,ida,42 - GALEÃO X MADUREIRA MANANCEIA (PARADOR) [IDA],47178.3,92.0
903010,,42,-22.839181,-43.283195,2023-07-26 04:36:57,0.4,,volta,42 - MADUREIRA MANANCEIA X GALEAO (PARADOR) [VOLTA],43684.0,113.0
903011,,42,-22.879067,-43.330745,2023-07-26 04:36:59,40.2,,ida,42 - GALEÃO X MADUREIRA MANANCEIA (PARADOR) [IDA],45328.5,266.0
903012,,42,-22.813628,-43.244932,2023-07-26 04:36:52,37.9,,ida,42 - GALEÃO X MADUREIRA MANANCEIA (PARADOR) [IDA],47938.4,303.0
903015,,42,-22.85259,-43.318452,2023-07-26 04:36:56,46.5,,volta,42 - MADUREIRA MANANCEIA X GALEAO (PARADOR) [VOLTA],47854.1,86.0
903016,,42,-22.877833,-43.336383,2023-07-26 04:36:44,0.0,,volta,42 - MADUREIRA MANANCEIA X GALEAO (PARADOR) [VOLTA],42522.0,29.0
903017,,50,-22.97158,-43.401027,2023-07-26 04:36:57,13.4,,ida,50 - SENTIDO JD. OCEANICO (PARADOR) [IDA],44900.1,204.0
903018,,38,-22.855557,-43.259462,2023-07-26 04:36:54,46.8,,ida,38 - FUNDÃO X ALVORADA (PARADOR) [IDA],11268.0,325.0
903020,,50,-22.988822,-43.365743,2023-07-26 04:36:50,0.0,,volta,50 - SENTIDO T. OLIMPICO (PARADOR) [VOLTA],43833.6,358.0
903024,,38,-22.922987,-43.373784,2023-07-26 04:37:04,33.6,,volta,38 - ALVORADA X FUNDÃO (PARADOR) [VOLTA],38013.9,41.0
903025,,50,-22.973352,-43.395872,2023-07-26 04:37:02,58.7,,ida,50 - SENTIDO JD. OCEANICO (PARADOR) [IDA],39446.6,91.0
903013,,42,-22.842073,-43.273379,2023-07-26 04:37:01,52.0,,volta,42 - MADUREIRA MANANCEIA X GALEAO (PARADOR) [VOLTA],44465.0,111.0
901060,,51,-22.878237,-43.401518,2023-07-26 04:36:55,54.4,,ida,51 - SENTIDO RECREIO (PARADOR) [IDA],24766.4,119.0
903063,,17,-22.920242,-43.608128,2023-07-26 04:36:48,0.0,,ida,17 - SANTA CRUZ X CAMPO GRANDE (PARADOR) [IDA],21497.7,135.0
901000,,22,-23.006517,-43.312983,2023-07-26 04:36:56,0.0,,volta,22 - J. OCEÂNICO X ALVORADA (PARADOR) [VOLTA],30196.5,266.0
902113,,31,-22.876351,-43.330366,2023-07-26 04:22:15,0.0,,ida,31 - VICENTE DE CARVALHO X ALVORADA (SEMIDIRETO) [IDA],8847.5,
902117,,31,-22.878941,-43.329265,2023-07-26 04:36:57,13.1,,ida,31 - VICENTE DE CARVALHO X ALVORADA (SEMIDIRETO) [IDA],10234.9,274.0
901044,,46,-22.917415,-43.36329,2023-07-26 04:36:50,48.1,,ida,46 - PENHA X ALVORADA (EXPRESSO) [IDA],29589.2,59.0
903033,,38,-22.848186,-43.265811,2023-07-26 04:36:45,16.3,,ida,38 - FUNDÃO X ALVORADA (PARADOR) [IDA],36561.9,153.0
902020,,46,-22.923023,-43.37377,2023-07-26 04:36:51,29.4,,volta,46 - ALVORADA X PENHA (EXPRESSO) [VOLTA],31624.1,40.0
902022,,46,-22.880523,-43.341639,2023-07-26 04:37:01,12.9,,volta,46 - ALVORADA X PENHA (EXPRESSO) [VOLTA],30772.3,347.0
901092,,22,-22.964666,-43.391703,2023-07-26 03:37:18,0.0,,ida,22 - ALVORADA X J. OCEÂNICO (PARADOR) [IDA],2414.0,
902059,,41,-22.845644,-43.30202,2023-07-26 04:36:49,42.6,,volta,41 - TERMINAL RECREIO X PAULO DA PORTELA (EXPRESSO) [VOLTA],35697.5,226.0
902056,,46,-22.958456,-43.382552,2023-07-26 04:37:04,51.9,,volta,46 - ALVORADA X PENHA (EXPRESSO) [VOLTA],34624.8,77.0
901091,,40,-22.892617,-43.400156,2023-07-26 04:37:00,59.7,,ida,40 - PAULO DA PORTELA X ALVORADA (EXPRESSO) [IDA],31111.0,342.0
902032,,46,-22.89663,-43.351378,2023-07-26 04:37:04,46.9,,ida,46 - PENHA X ALVORADA (EXPRESSO) [IDA],36278.3,219.0
902027,,46,-22.854561,-43.25105,2023-07-26 04:36:50,0.0,,ida,46 - PENHA X ALVORADA (EXPRESSO) [IDA],32859.199,78.0
902028,,46,-23.00129,-43.364852,2023-07-26 04:36:53,0.0,,volta,46 - ALVORADA X PENHA (EXPRESSO) [VOLTA],37575.7,
902018,,40,-22.965205,-43.391689,2023-07-26 04:36:59,0.0,,ida,40 - PAULO DA PORTELA X ALVORADA (EXPRESSO) [IDA],23625.9,
12715,,10,-23.012592,-43.459869,2023-07-26 04:37:04,13.3,,volta,10 - ALVORADA X SANTA CRUZ (EXPRESSO) [VOLTA],42359.5,271.0
901062,,51,-22.862234,-43.400845,2023-07-26 04:37:03,0.0,,ida,51 - SENTIDO RECREIO (PARADOR) [IDA],46916.2,264.0
901067,,52,-22.927467,-43.396314,2023-07-26 04:36:48,59.8,,ida,52 - SENTIDO ALVORADA (PARADOR) [IDA],41753.5,153.0
E902004,,41,-22.854787,-43.252012,2023-07-26 04:37:00,0.0,,volta,41 - TERMINAL RECREIO X PAULO DA PORTELA (EXPRESSO) [VOLTA],13269.1,
12713,,11,-23.011226,-43.534652,2023-07-26 04:33:50,58.6,,ida,11 - SANTA CRUZ X ALVORADA (PARADOR) [IDA],35245.1,92.0
902062,,46,-22.97398,-43.363636,2023-07-26 04:37:03,42.5,,volta,46 - ALVORADA X PENHA (EXPRESSO) [VOLTA],33271.5,6.0
902048,,46,-23.000903,-43.367547,2023-07-26 04:37:02,0.0,,volta,46 - ALVORADA X PENHA (EXPRESSO) [VOLTA],23958.0,
902058,,46,-22.854895,-43.251932,2023-07-26 04:36:54,0.0,,ida,46 - PENHA X ALVORADA (EXPRESSO) [IDA],34575.0,
901068,,51,-22.933774,-43.39572,2023-07-26 04:36:56,59.7,,ida,51 - SENTIDO RECREIO (PARADOR) [IDA],50810.3,190.0
902003,,41,-22.854294,-43.251956,2023-07-26 04:36:57,0.0,,volta,41 - TERMINAL RECREIO X PAULO DA PORTELA (EXPRESSO) [VOLTA],17394.1,
902102,,35,-22.876443,-43.32965,2023-07-26 04:37:01,0.0,,ida,35 - MADUREIRA X ALVORADA (PARADOR) [IDA],12378.2,
901082,,40,-22.965254,-43.391508,2023-07-26 04:36:46,0.0,,ida,40 - PAULO DA PORTELA X ALVORADA (EXPRESSO) [IDA],47060.2,3.0
902050,,43,-22.929195,-43.373509,2023-07-26 04:36:57,41.2,,ida,43 - FUNDÃO X SANTA EFIGENIA (EXPRESSO) [IDA],31260.1,177.0
12716,,18,-22.91763,-43.638031,2023-07-26 04:37:03,50.5,,ida,18 - RECREIO SHOPPING X JARDIM OCEÂNICO (EXPRESSO) [IDA],45555.9,248.0
902063,,46,-22.924019,-43.373927,2023-07-26 04:36:45,0.0,,ida,46 - PENHA X ALVORADA (EXPRESSO) [IDA],33254.3,174.0
902008,,46,-22.964925,-43.391622,2023-07-26 04:21:37,0.0,,ida,46 - PENHA X ALVORADA (EXPRESSO) [IDA],10524.6,
902067,,41,-22.841668,-43.2791,2023-07-26 04:36:59,10.9,,volta,41 - TERMINAL RECREIO X PAULO DA PORTELA (EXPRESSO) [VOLTA],34076.8,291.0
901098,,51,-22.981587,-43.410033,2023-07-26 04:37:01,0.1,,volta,51 - SENTIDO V. MILITAR (PARADOR) [VOLTA],27275.1,35.0
901055,,51,-22.96561,-43.395901,2023-07-26 04:36:51,59.5,,volta,51 - SENTIDO V. MILITAR (PARADOR) [VOLTA],46640.7,38.0
901076,,52,-22.969452,-43.390611,2023-07-26 04:36:59,46.8,,ida,52 - SENTIDO ALVORADA (PARADOR) [IDA],31254.5,150.0
901079,,53,-22.885063,-43.399636,2023-07-26 04:37:01,11.9,,ida,53 - SENTIDO ALVORADA (EXPRESSO) [IDA],44049.0,47.0
901070,,52,-22.861392,-43.399304,2023-07-26 04:36:57,0.0,,ida,52 - SENTIDO ALVORADA (PARADOR) [IDA],40476.3,
901081,,0,-22.964476,-43.394876,2023-07-26 04:36:57,59.6,,,,41790.8,40.0
902065,,43,-22.839314,-43.240482,2023-07-26 04:37:03,0.0,,ida,43 - FUNDÃO X SANTA EFIGENIA (EXPRESSO) [IDA],35358.2,
901069,,52,-22.867704,-43.412384,2023-07-26 04:37:03,56.2,,ida,52 - SENTIDO ALVORADA (PARADOR) [IDA],37721.9,241.0
901085,,53,-22.964721,-43.391885,2023-07-26 04:36:46,0.0,,ida,53 - SENTIDO ALVORADA (EXPRESSO) [IDA],43530.7,169.0
902071,,46,-22.978326,-43.365539,2023-07-26 04:37:00,60.0,,ida,46 - PENHA X ALVORADA (EXPRESSO) [IDA],35934.2,202.0
902064,,43,-22.854434,-43.251642,2023-07-26 04:37:04,0.0,,ida,43 - FUNDÃO X SANTA EFIGENIA (EXPRESSO) [IDA],0.0,
902070,,46,-22.852269,-43.315744,2023-07-26 04:37:02,22.1,,ida,46 - PENHA X ALVORADA (EXPRESSO) [IDA],36275.2,262.0
901083,,53,-22.964537,-43.392066,2023-07-26 04:37:04,0.0,,ida,53 - SENTIDO ALVORADA (EXPRESSO) [IDA],49411.4,
E902001,,41,-22.85464,-43.251269,2023-07-26 04:36:46,0.0,,volta,41 - TERMINAL RECREIO X PAULO DA PORTELA (EXPRESSO) [VOLTA],20869.6,
E902006,,40,-22.96545,-43.39163,2023-07-26 04:36:55,0.0,,ida,40 - PAULO DA PORTELA X ALVORADA (EXPRESSO) [IDA],19292.2,151.0
E902011,,40,-22.965191,-43.391647,2023-07-26 04:36:56,0.0,,ida,40 - PAULO DA PORTELA X ALVORADA (EXPRESSO) [IDA],8589.7,
902002,,41,-22.854393,-43.252026,2023-07-26 04:36:49,0.0,,volta,41 - TERMINAL RECREIO X PAULO DA PORTELA (EXPRESSO) [VOLTA],19822.7,
902069,,41,-22.877496,-43.336957,2023-07-26 04:36:45,0.0,,ida,41 - PAULO DA PORTELA X TERMINAL RECREIO (EXPRESSO) [IDA],32579.4,
902094,,35,-23.001385,-43.366073,2023-07-26 04:36:54,0.0,,volta,35 - ALVORADA  X  MADUREIRA (PARADOR) [VOLTA],9074.4,
903068,,17,-22.931569,-43.672626,2023-07-26 04:36:39,39.5,,ida,17 - SANTA CRUZ X CAMPO GRANDE (PARADOR) [IDA],20721.0,128.0
902075,,31,-22.87638,-43.329892,2023-07-26 04:33:18,0.0,,ida,31 - VICENTE DE CARVALHO X ALVORADA (SEMIDIRETO) [IDA],14095.4,
902082,,35,-22.878893,-43.341185,2023-07-26 04:37:05,10.0,,ida,35 - MADUREIRA X ALVORADA (PARADOR) [IDA],10860.3,223.0
903062,,17,-22.931924,-43.657583,2023-07-26 04:36:57,25.2,,ida,17 - SANTA CRUZ X CAMPO GRANDE (PARADOR) [IDA],20178.1,234.0
902089,,35,-22.904036,-43.356656,2023-07-26 04:36:57,52.5,,ida,35 - MADUREIRA X ALVORADA (PARADOR) [IDA],9758.4,220.0
903051,,50,-23.003625,-43.323145,2023-07-26 04:37:01,37.8,,volta,50 - SENTIDO T. OLIMPICO (PARADOR) [VOLTA],31046.1,293.0
902055,,46,-22.854424,-43.252042,2023-07-26 04:36:49,0.0,,ida,46 - PENHA X ALVORADA (EXPRESSO) [IDA],11.0,
903044,,42,-22.822124,-43.232063,2023-07-26 04:36:48,62.0,,ida,42 - GALEÃO X MADUREIRA MANANCEIA (PARADOR) [IDA],29200.7,315.0
903039,,17,-22.933689,-43.663002,2023-07-26 04:36:57,59.1,,ida,17 - SANTA CRUZ X CAMPO GRANDE (PARADOR) [IDA],18357.0,263.0
902074,,31,-22.8764,-43.329662,2023-07-26 04:36:48,0.0,,ida,31 - VICENTE DE CARVALHO X ALVORADA (SEMIDIRETO) [IDA],9765.9,
903040,,17,-22.913345,-43.595611,2023-07-26 04:36:56,6.1,,ida,17 - SANTA CRUZ X CAMPO GRANDE (PARADOR) [IDA],18458.1,64.0
903064,,50,-23.000038,-43.363009,2023-07-26 04:36:50,51.6,,volta,50 - SENTIDO T. OLIMPICO (PARADOR) [VOLTA],22127.8,268.0
903069,,17,-22.914155,-43.602632,2023-07-26 04:36:57,31.2,,volta,17 - CAMPO GRANDE  X SANTA CRUZ (PARADOR) [VOLTA],22401.8,266.0
902042,,46,-23.00069,-43.367354,2023-07-26 04:36:29,0.0,,volta,46 - ALVORADA X PENHA (EXPRESSO) [VOLTA],31912.1,
902040,,46,-23.000667,-43.365888,2023-07-26 04:36:52,19.8,,volta,46 - ALVORADA X PENHA (EXPRESSO) [VOLTA],34096.3,89.0
903049,,17,-22.916722,-43.68367,2023-07-26 04:36:51,20.4,,ida,17 - SANTA CRUZ X CAMPO GRANDE (PARADOR) [IDA],23308.3,337.0
903038,,17,-22.90674,-43.572827,2023-07-26 04:33:37,46.0,,ida,17 - SANTA CRUZ X CAMPO GRANDE (PARADOR) [IDA],26533.1,96.0
903053,,17,-22.91659,-43.631653,2023-07-26 04:36:53,34.4,,ida,17 - SANTA CRUZ X CAMPO GRANDE (PARADOR) [IDA],21450.1,81.0
12732,,18,-22.915449,-43.617011,2023-07-26 04:36:53,36.3,,ida,18 - RECREIO SHOPPING X JARDIM OCEÂNICO (EXPRESSO) [IDA],25672.2,275.0
902096,,35,-22.95983,-43.388774,2023-07-26 04:36:53,23.2,,ida,35 - MADUREIRA X ALVORADA (PARADOR) [IDA],14213.2,255.0
902100,,31,-22.876407,-43.329824,2023-07-26 03:37:06,0.0,,ida,31 - VICENTE DE CARVALHO X ALVORADA (SEMIDIRETO) [IDA],13431.9,
902079,,46,-22.854509,-43.251563,2023-07-26 04:37:00,0.0,,ida,46 - PENHA X ALVORADA (EXPRESSO) [IDA],30818.4,80.0
903066,,17,-22.935267,-43.667504,2023-07-26 04:36:43,40.1,,volta,17 - CAMPO GRANDE  X SANTA CRUZ (PARADOR) [VOLTA],24871.3,309.0
902099,,35,-22.921877,-43.371293,2023-07-26 04:37:00,62.7,,volta,35 - ALVORADA  X  MADUREIRA (PARADOR) [VOLTA],11534.6,59.0
902091,,35,-22.878343,-43.336326,2023-07-26 04:37:02,0.0,,ida,35 - MADUREIRA X ALVORADA (PARADOR) [IDA],14038.5,
901099,,51,-22.853412,-43.386045,2023-07-26 04:36:30,34.6,,ida,51 - SENTIDO RECREIO (PARADOR) [IDA],29475.5,105.0
903046,,42,-22.876453,-43.329495,2023-07-26 04:24:52,0.0,,ida,42 - GALEÃO X MADUREIRA MANANCEIA (PARADOR) [IDA],29783.8,
903061,,17,-22.918868,-43.607483,2023-07-26 04:36:54,0.0,,ida,17 - SANTA CRUZ X CAMPO GRANDE (PARADOR) [IDA],21481.5,88.0
44706,LRG8855,12,-22.96907,-43.62463,2023-07-26 04:36:35,43.1,,volta,12 - ALVORADA X PINGO D'AGUA (EXPRESSO) [VOLTA],21864.7,257.0
903065,,17,-22.915592,-43.607276,2023-07-26 04:37:02,0.0,,ida,17 - SANTA CRUZ X CAMPO GRANDE (PARADOR) [IDA],16953.9,71.0
901008,,22,-23.000945,-43.366242,2023-07-26 04:39:30,0.0,,volta,,22782.6,
901006,RJA9F56,22,-23.00073,-43.366392,2023-07-26 04:09:00,0.0,,ida,22 - ALVORADA X J. OCEÂNICO (PARADOR) [IDA],19377.1,
901004,RJQ8J80,22,-23.000939,-43.36494,2023-07-26 04:39:22,0.0,,volta,,21426.1,268.0
47031,KYW5240,25,-23.007022,-43.437299,2023-07-26 04:39:28,59.3,,ida,25 - MATO ALTO X ALVORADA (PARADOR) [IDA],50899.8,75.0
30538,KXE7719,20,-23.011515,-43.455035,2023-07-26 04:39:29,59.5,,ida,20 - SANTA CRUZ X SALVADOR ALLENDE (EXPRESSO) [IDA],55872.4,75.0
50309,KPN6B05,13,-22.994003,-43.597239,2023-07-26 04:39:28,0.0,,ida,13 - MATO ALTO X ALVORADA (EXPRESSO) [IDA],20067.0,
30532,KYL8599,12,-22.992599,-43.598347,2023-07-26 04:39:19,0.0,,ida,12 - PINGO D'AGUA X ALVORADA (EXPRESSO) [IDA],41752.5,
90002,LMB2D92,11,-22.925044,-43.649744,2023-07-26 04:39:16,26.3,,ida,11 - SANTA CRUZ X ALVORADA (PARADOR) [IDA],55838.5,208.0
47030,LSQ5263,20,-22.91594,-43.683909,2023-07-26 04:39:29,9.5,,ida,20 - SANTA CRUZ X SALVADOR ALLENDE (EXPRESSO) [IDA],53763.6,307.0
30519,LRE9804,11,-22.920074,-43.608092,2023-07-26 04:39:21,0.0,,ida,11 - SANTA CRUZ X ALVORADA (PARADOR) [IDA],51494.8,
90005,KWK6A89,10,-22.994091,-43.596175,2023-07-26 04:39:14,20.7,,ida,10 - SANTA CRUZ X ALVORADA (EXPRESSO) [IDA],49820.6,315.0
86875,KQB4103,12,-22.919688,-43.60763,2023-07-26 04:39:30,0.0,,ida,12 - PINGO D'AGUA X ALVORADA (EXPRESSO) [IDA],13012.2,
30518,KYL8597,25,-23.00055,-43.388364,2023-07-26 04:39:13,37.0,,ida,25 - MATO ALTO X ALVORADA (PARADOR) [IDA],37107.3,91.0
902090,,35,-22.884987,-43.342945,2023-07-26 04:39:29,52.6,,volta,35 - ALVORADA  X  MADUREIRA (PARADOR) [VOLTA],15073.3,30.0
47029,LSQ5267,11,-22.916396,-43.606988,2023-07-26 04:39:13,0.0,,ida,11 - SANTA CRUZ X ALVORADA (PARADOR) [IDA],56955.2,357.0
86885,LTB5540,14,-22.919014,-43.607023,2023-07-26 04:39:21,0.0,,ida,14 - SANTA EUGÊNIA X SALVADOR ALLENDE (EXPRESSO) [IDA],514714.4,
12738,KRR2404,25,-23.016702,-43.514006,2023-07-26 04:39:23,36.3,,ida,25 - MATO ALTO X ALVORADA (PARADOR) [IDA],37383.1,286.0
86886,LTB5541,14,-22.918409,-43.606999,2023-07-26 04:39:28,13.4,,ida,14 - SANTA EUGÊNIA X SALVADOR ALLENDE (EXPRESSO) [IDA],13084.0,2.0
47006,KWZ8630,20,-22.994274,-43.596458,2023-07-26 04:39:24,51.1,,ida,20 - SANTA CRUZ X SALVADOR ALLENDE (EXPRESSO) [IDA],50876.1,132.0
47007,LSP6018,18,-22.920594,-43.607693,2023-07-26 04:39:20,0.0,,ida,18 - RECREIO SHOPPING X JARDIM OCEÂNICO (EXPRESSO) [IDA],42179.7,
13413,KWI9711,12,-22.992625,-43.598448,2023-07-26 04:39:30,0.0,,ida,12 - PINGO D'AGUA X ALVORADA (EXPRESSO) [IDA],43512.1,134.0
90001,KPZ5E15,19,-22.933729,-43.66972,2023-07-26 04:39:25,60.8,,ida,19 - PINGO D'AGUA X SALVADOR ALLENDE (EXPRESSO) [IDA],44127.7,128.0
901057,,52,-22.991954,-43.365949,2023-07-26 04:39:14,60.5,,ida,52 - SENTIDO ALVORADA (PARADOR) [IDA],51052.7,180.0
901003,RKM8C54,22,-23.000987,-43.365151,2023-07-26 04:39:28,0.0,,ida,22 - ALVORADA X J. OCEÂNICO (PARADOR) [IDA],22819.7,
86874,KQB4102,20,-22.92068,-43.608172,2023-07-26 04:39:13,0.0,,ida,20 - SANTA CRUZ X SALVADOR ALLENDE (EXPRESSO) [IDA],512858.0,
86879,LTN5696,18,-22.92517,-43.649831,2023-07-26 04:39:28,12.9,,ida,18 - RECREIO SHOPPING X JARDIM OCEÂNICO (EXPRESSO) [IDA],1799.8,207.0
50301,KPP5B70,25,-23.000882,-43.367625,2023-07-26 04:39:24,0.0,,volta,25 - ALVORADA X MATO ALTO (PARADOR) [VOLTA],3941.1,
44713,KPZ3559,20,-22.920646,-43.607893,2023-07-26 04:39:14,0.0,,ida,20 - SANTA CRUZ X SALVADOR ALLENDE (EXPRESSO) [IDA],29573.1,
13401,KQO7822,19,-22.969635,-43.632999,2023-07-26 04:39:16,53.1,,ida,19 - PINGO D'AGUA X SALVADOR ALLENDE (EXPRESSO) [IDA],53625.8,107.0
27174,KQP5437,20,-22.941481,-43.66324,2023-07-26 04:39:19,0.0,,ida,20 - SANTA CRUZ X SALVADOR ALLENDE (EXPRESSO) [IDA],18863.2,131.0
47026,KYA7928,10,-22.920589,-43.608013,2023-07-26 04:39:31,0.0,,ida,10 - SANTA CRUZ X ALVORADA (EXPRESSO) [IDA],32900.199,
86889,KRQ6878,10,-23.000893,-43.367123,2023-07-26 04:39:17,0.0,,volta,10 - ALVORADA X SANTA CRUZ (EXPRESSO) [VOLTA],514962.4,
27209,LSL9B07,18,-22.992783,-43.598249,2023-07-26 04:39:11,0.0,,ida,18 - RECREIO SHOPPING X JARDIM OCEÂNICO (EXPRESSO) [IDA],10074.7,
27176,LRK9563,18,-22.947716,-43.653913,2023-07-26 04:39:29,34.0,,ida,18 - RECREIO SHOPPING X JARDIM OCEÂNICO (EXPRESSO) [IDA],13491.4,139.0
30511,KPV2250,13,-23.000694,-43.364659,2023-07-26 04:39:12,0.0,,volta,13 - ALVORADA X  MATO ALTO (EXPRESSO) [VOLTA],49434.9,92.0
13427,KXE7711,0,-22.918409,-43.607083,2023-07-26 04:39:17,0.0,,,,51855.2,
12725,LMJ1327,25,-23.000869,-43.417504,2023-07-26 04:39:28,17.9,,volta,25 - ALVORADA X MATO ALTO (PARADOR) [VOLTA],39241.6,250.0
47022,KRM7701,10,-23.00073,-43.365005,2023-07-26 04:39:24,0.0,,volta,10 - ALVORADA X SANTA CRUZ (EXPRESSO) [VOLTA],12932.4,
12736,LMJ4504,20,-22.919866,-43.608321,2023-07-26 04:39:18,0.0,,ida,20 - SANTA CRUZ X SALVADOR ALLENDE (EXPRESSO) [IDA],15483.9,18.0
13422,LSI5978,20,-22.917799,-43.683196,2023-07-26 04:39:31,0.0,,ida,20 - SANTA CRUZ X SALVADOR ALLENDE (EXPRESSO) [IDA],40372.0,
13402,LTL5480,12,-22.920248,-43.607763,2023-07-26 04:39:17,0.0,,ida,12 - PINGO D'AGUA X ALVORADA (EXPRESSO) [IDA],43258.9,
86872,LSH7386,20,-22.944914,-43.659924,2023-07-26 04:39:29,58.4,,ida,20 - SANTA CRUZ X SALVADOR ALLENDE (EXPRESSO) [IDA],22407.0,125.0
47017,LRS2841,20,-22.918429,-43.682854,2023-07-26 04:39:23,0.0,,ida,20 - SANTA CRUZ X SALVADOR ALLENDE (EXPRESSO) [IDA],47894.7,
86859,KWJ9250,20,-22.963617,-43.64783,2023-07-26 04:39:31,36.6,,ida,20 - SANTA CRUZ X SALVADOR ALLENDE (EXPRESSO) [IDA],18680.7,171.0
30509,KYM4574,13,-23.012241,-43.457636,2023-07-26 04:39:15,31.8,,ida,13 - MATO ALTO X ALVORADA (EXPRESSO) [IDA],53033.3,74.0
12710,KRO9724,20,-22.915904,-43.608459,2023-07-26 04:39:18,0.0,,ida,20 - SANTA CRUZ X SALVADOR ALLENDE (EXPRESSO) [IDA],38363.2,
12712,LSN8501,19,-22.920211,-43.608116,2023-07-26 04:39:12,0.0,,ida,19 - PINGO D'AGUA X SALVADOR ALLENDE (EXPRESSO) [IDA],31093.7,
30521,LRC6594,25,-22.919578,-43.607162,2023-07-26 04:39:14,0.0,,ida,25 - MATO ALTO X ALVORADA (PARADOR) [IDA],34815.0,
12739,LMJ4F12,20,-22.916549,-43.631825,2023-07-26 04:39:22,41.0,,ida,20 - SANTA CRUZ X SALVADOR ALLENDE (EXPRESSO) [IDA],23713.0,258.0
12734,LSP8673,11,-22.920177,-43.60786,2023-07-26 04:39:29,0.0,,ida,11 - SANTA CRUZ X ALVORADA (PARADOR) [IDA],16894.9,
30531,LRC6592,19,-23.002909,-43.424356,2023-07-26 04:39:23,0.0,,ida,19 - PINGO D'AGUA X SALVADOR ALLENDE (EXPRESSO) [IDA],40583.1,248.0
30524,LRC6601,10,-22.992455,-43.598554,2023-07-26 04:39:20,0.0,,ida,10 - SANTA CRUZ X ALVORADA (EXPRESSO) [IDA],29221.7,134.0
13415,KQK7905,25,-23.01812,-43.509776,2023-07-26 04:39:13,34.6,,ida,25 - MATO ALTO X ALVORADA (PARADOR) [IDA],45119.0,106.0
901002,,22,-23.000077,-43.357246,2023-07-26 04:39:23,53.0,,ida,22 - ALVORADA X J. OCEÂNICO (PARADOR) [IDA],17395.5,91.0
B13,KYM5979,14,-23.011864,-43.456383,2023-07-26 04:39:25,45.1,,ida,14 - SANTA EUGÊNIA X SALVADOR ALLENDE (EXPRESSO) [IDA],1151.7,74.0
B20,LMH6141,14,-22.925698,-43.650151,2023-07-26 04:39:23,15.8,,ida,14 - SANTA EUGÊNIA X SALVADOR ALLENDE (EXPRESSO) [IDA],1140.9,205.0
B24,LSO7028,14,-22.916487,-43.631283,2023-07-26 04:39:19,0.0,,ida,14 - SANTA EUGÊNIA X SALVADOR ALLENDE (EXPRESSO) [IDA],1182.3,260.0
B25,,14,-22.916584,-43.631659,2023-07-26 04:39:13,0.0,,ida,14 - SANTA EUGÊNIA X SALVADOR ALLENDE (EXPRESSO) [IDA],1102.0,243.0
B28,KQP5E29,14,-22.93462,-43.636131,2023-07-26 04:39:17,42.6,,ida,14 - SANTA EUGÊNIA X SALVADOR ALLENDE (EXPRESSO) [IDA],1138.7,6.0
B40,,14,-22.961114,-43.648048,2023-07-26 04:38:40,0.0,,ida,14 - SANTA EUGÊNIA X SALVADOR ALLENDE (EXPRESSO) [IDA],743.1,
901001,RJD7J89,22,-23.000258,-43.341732,2023-07-26 04:39:27,10.1,,ida,22 - ALVORADA X J. OCEÂNICO (PARADOR) [IDA],17332.7,96.0
B47,,14,-22.96127,-43.648122,2023-07-26 04:26:23,0.0,,ida,14 - SANTA EUGÊNIA X SALVADOR ALLENDE (EXPRESSO) [IDA],1171.7,
B048,,14,-22.916515,-43.631446,2023-07-26 04:39:29,0.0,,ida,14 - SANTA EUGÊNIA X SALVADOR ALLENDE (EXPRESSO) [IDA],1167.9,258.0
B49,,14,-22.916617,-43.631768,2023-07-26 04:39:12,0.0,,ida,14 - SANTA EUGÊNIA X SALVADOR ALLENDE (EXPRESSO) [IDA],1134.3,255.0
B55,,14,-22.936036,-43.666918,2023-07-26 04:39:18,18.6,,ida,14 - SANTA EUGÊNIA X SALVADOR ALLENDE (EXPRESSO) [IDA],1126.4,167.0
B53,,14,-22.916551,-43.631176,2023-07-26 04:39:27,0.0,,ida,14 - SANTA EUGÊNIA X SALVADOR ALLENDE (EXPRESSO) [IDA],1195.7,264.0
B51,,14,-22.986573,-43.605957,2023-07-26 04:39:20,58.2,,ida,14 - SANTA EUGÊNIA X SALVADOR ALLENDE (EXPRESSO) [IDA],1207.8,133.0
902119,,35,-23.000717,-43.365201,2023-07-26 04:39:21,0.0,,volta,35 - ALVORADA  X  MADUREIRA (PARADOR) [VOLTA],7677.0,
901058,,51,-23.008487,-43.440157,2023-07-26 04:39:24,0.0,,volta,51 - SENTIDO V. MILITAR (PARADOR) [VOLTA],44185.9,69.0
903027,,50,-22.956449,-43.378951,2023-07-26 04:39:26,48.8,,ida,50 - SENTIDO JD. OCEANICO (PARADOR) [IDA],49607.9,231.0
903026,,50,-22.972371,-43.401029,2023-07-26 04:39:23,0.0,,ida,50 - SENTIDO JD. OCEANICO (PARADOR) [IDA],48944.7,183.0
903029,,50,-22.895462,-43.350242,2023-07-26 04:39:21,36.3,,ida,50 - SENTIDO JD. OCEANICO (PARADOR) [IDA],33500.6,220.0
902116,,35,-22.945259,-43.372122,2023-07-26 04:39:22,58.6,,ida,35 - MADUREIRA X ALVORADA (PARADOR) [IDA],11167.6,167.0
902115,,35,-22.997157,-43.366099,2023-07-26 04:39:17,47.4,,ida,35 - MADUREIRA X ALVORADA (PARADOR) [IDA],14859.7,207.0
901061,,51,-23.008407,-43.439914,2023-07-26 04:39:18,0.0,,volta,51 - SENTIDO V. MILITAR (PARADOR) [VOLTA],43291.9,74.0
901073,,52,-22.8601,-43.396528,2023-07-26 04:39:18,54.4,,ida,52 - SENTIDO ALVORADA (PARADOR) [IDA],41846.4,62.0
901048,,51,-22.86205,-43.400414,2023-07-26 04:39:13,0.0,,ida,51 - SENTIDO RECREIO (PARADOR) [IDA],26329.4,
901065,,52,-22.866079,-43.409103,2023-07-26 04:39:26,59.4,,ida,52 - SENTIDO ALVORADA (PARADOR) [IDA],35393.3,62.0
903032,,42,-22.863903,-43.33316,2023-07-26 04:39:18,59.6,,ida,42 - GALEÃO X MADUREIRA MANANCEIA (PARADOR) [IDA],42703.4,228.0
901075,,0,-22.93405,-43.395655,2023-07-26 04:39:09,46.7,,,,48992.3,4.0
903055,,17,-22.919043,-43.607576,2023-07-26 04:39:22,0.0,,ida,17 - SANTA CRUZ X CAMPO GRANDE (PARADOR) [IDA],18899.5,
903002,,42,-22.855778,-43.255663,2023-07-26 04:39:15,35.0,,ida,42 - GALEÃO X MADUREIRA MANANCEIA (PARADOR) [IDA],6960.2,217.0
902110,,35,-22.984586,-43.365803,2023-07-26 04:39:15,47.5,,ida,35 - MADUREIRA X ALVORADA (PARADOR) [IDA],8825.8,182.0
902114,,35,-22.97204,-43.386979,2023-07-26 04:39:23,0.0,,volta,35 - ALVORADA  X  MADUREIRA (PARADOR) [VOLTA],8964.8,307.0
903056,,17,-22.910933,-43.584343,2023-07-26 04:39:29,7.5,,volta,17 - CAMPO GRANDE  X SANTA CRUZ (PARADOR) [VOLTA],14643.4,244.0
903000,,50,-22.994876,-43.365934,2023-07-26 04:39:23,11.6,,ida,50 - SENTIDO JD. OCEANICO (PARADOR) [IDA],31876.7,183.0
901072,,51,-22.861615,-43.399722,2023-07-26 04:39:17,0.0,,ida,51 - SENTIDO RECREIO (PARADOR) [IDA],38616.3,241.0
902045,,31,-22.876495,-43.329683,2023-07-26 04:39:18,0.0,,ida,31 - VICENTE DE CARVALHO X ALVORADA (SEMIDIRETO) [IDA],6821.5,
903007,,50,-23.000337,-43.342048,2023-07-26 04:39:30,0.0,,ida,50 - SENTIDO JD. OCEANICO (PARADOR) [IDA],41351.2,90.0
903004,,42,-22.839917,-43.23935,2023-07-26 04:39:31,0.0,,ida,,39183.4,146.0
903005,,42,-22.85506,-43.252655,2023-07-26 04:39:22,30.9,,ida,42 - GALEÃO X MADUREIRA MANANCEIA (PARADOR) [IDA],38819.7,104.0
903022,,50,-23.00656,-43.312525,2023-07-26 04:39:22,0.0,,volta,50 - SENTIDO T. OLIMPICO (PARADOR) [VOLTA],37728.2,276.0
903035,,17,-22.922198,-43.647094,2023-07-26 04:39:22,49.6,,volta,17 - CAMPO GRANDE  X SANTA CRUZ (PARADOR) [VOLTA],19564.4,231.0
901059,,51,-22.985145,-43.41297,2023-07-26 04:39:21,58.8,,ida,51 - SENTIDO RECREIO (PARADOR) [IDA],48349.7,221.0
903003,,42,-22.841502,-43.298925,2023-07-26 04:39:26,0.0,,ida,42 - GALEÃO X MADUREIRA MANANCEIA (PARADOR) [IDA],41700.3,243.0
901024,,22,-23.006676,-43.312888,2023-07-26 04:39:15,32.5,,volta,22 - J. OCEÂNICO X ALVORADA (PARADOR) [VOLTA],20655.6,93.0
901025,,46,-22.93086,-43.395074,2023-07-26 04:39:16,57.5,,ida,46 - PENHA X ALVORADA (EXPRESSO) [IDA],40702.0,4.0
901027,,41,-23.001484,-43.431317,2023-07-26 04:39:11,58.3,,volta,41 - TERMINAL RECREIO X PAULO DA PORTELA (EXPRESSO) [VOLTA],25967.1,47.0
901028,,40,-22.906024,-43.357547,2023-07-26 04:39:31,52.4,,ida,40 - PAULO DA PORTELA X ALVORADA (EXPRESSO) [IDA],23769.7,16.0
901030,,35,-22.966665,-43.390346,2023-07-26 04:39:20,30.7,,ida,35 - MADUREIRA X ALVORADA (PARADOR) [IDA],21823.5,359.0
901032,,52,-22.962364,-43.390222,2023-07-26 04:39:18,28.2,,ida,52 - SENTIDO ALVORADA (PARADOR) [IDA],25283.8,1.0
901034,,0,-22.965749,-43.391266,2023-07-26 04:39:25,0.0,,,,27513.1,
903009,,42,-22.839809,-43.23946,2023-07-26 04:39:27,0.0,,ida,42 - GALEÃO X MADUREIRA MANANCEIA (PARADOR) [IDA],47178.3,92.0
903010,,42,-22.841978,-43.276593,2023-07-26 04:39:17,6.9,,volta,42 - MADUREIRA MANANCEIA X GALEAO (PARADOR) [VOLTA],43684.8,78.0
903011,,42,-22.878937,-43.337551,2023-07-26 04:39:19,35.1,,volta,42 - MADUREIRA MANANCEIA X GALEAO (PARADOR) [VOLTA],45329.5,270.0
903012,,42,-22.81209,-43.247291,2023-07-26 04:39:12,62.2,,ida,42 - GALEÃO X MADUREIRA MANANCEIA (PARADOR) [IDA],47940.0,127.0
903015,,42,-22.849641,-43.307835,2023-07-26 04:39:16,23.2,,volta,42 - MADUREIRA MANANCEIA X GALEAO (PARADOR) [VOLTA],47855.4,53.0
903016,,42,-22.877839,-43.336417,2023-07-26 04:39:25,0.0,,volta,42 - MADUREIRA MANANCEIA X GALEAO (PARADOR) [VOLTA],42522.0,29.0
903017,,50,-22.972223,-43.401043,2023-07-26 04:39:27,0.0,,ida,50 - SENTIDO JD. OCEANICO (PARADOR) [IDA],44900.2,193.0
903018,,38,-22.842722,-43.271334,2023-07-26 04:39:13,57.4,,ida,38 - FUNDÃO X ALVORADA (PARADOR) [IDA],11269.9,288.0
903020,,50,-22.974518,-43.363881,2023-07-26 04:39:30,46.9,,volta,50 - SENTIDO T. OLIMPICO (PARADOR) [VOLTA],43835.2,26.0
903024,,38,-22.917376,-43.363306,2023-07-26 04:39:14,56.3,,volta,38 - ALVORADA X FUNDÃO (PARADOR) [VOLTA],38015.1,59.0
903025,,50,-22.973331,-43.387615,2023-07-26 04:39:21,32.8,,ida,50 - SENTIDO JD. OCEANICO (PARADOR) [IDA],39447.4,86.0
903013,,42,-22.848982,-43.265064,2023-07-26 04:39:16,27.7,,volta,42 - MADUREIRA MANANCEIA X GALEAO (PARADOR) [VOLTA],44466.2,135.0
901060,,51,-22.891608,-43.400521,2023-07-26 04:39:15,58.6,,ida,51 - SENTIDO RECREIO (PARADOR) [IDA],24768.0,166.0
903063,,17,-22.920241,-43.608126,2023-07-26 04:39:28,0.0,,ida,17 - SANTA CRUZ X CAMPO GRANDE (PARADOR) [IDA],21497.7,135.0
901000,,22,-23.006406,-43.313048,2023-07-26 04:39:16,0.0,,volta,22 - J. OCEÂNICO X ALVORADA (PARADOR) [VOLTA],30196.5,266.0
902113,,31,-22.876351,-43.330366,2023-07-26 04:39:27,0.0,,ida,31 - VICENTE DE CARVALHO X ALVORADA (SEMIDIRETO) [IDA],8847.5,
902117,,31,-22.872386,-43.336255,2023-07-26 04:39:24,26.2,,ida,31 - VICENTE DE CARVALHO X ALVORADA (SEMIDIRETO) [IDA],10236.1,12.0
901044,,46,-22.906823,-43.357815,2023-07-26 04:39:30,49.5,,ida,46 - PENHA X ALVORADA (EXPRESSO) [IDA],29590.5,16.0
903033,,38,-22.855014,-43.252775,2023-07-26 04:39:25,35.1,,ida,38 - FUNDÃO X ALVORADA (PARADOR) [IDA],36564.0,106.0
902020,,46,-22.915034,-43.361019,2023-07-26 04:39:31,0.2,,volta,46 - ALVORADA X PENHA (EXPRESSO) [VOLTA],31625.7,26.0
902022,,46,-22.87519,-43.335133,2023-07-26 04:39:16,42.4,,volta,46 - ALVORADA X PENHA (EXPRESSO) [VOLTA],30773.3,348.0
902059,,41,-22.852321,-43.315933,2023-07-26 04:39:29,0.0,,volta,41 - TERMINAL RECREIO X PAULO DA PORTELA (EXPRESSO) [VOLTA],35699.2,262.0
902056,,46,-22.943312,-43.372252,2023-07-26 04:39:24,55.9,,volta,46 - ALVORADA X PENHA (EXPRESSO) [VOLTA],34626.9,355.0
901091,,40,-22.878091,-43.401732,2023-07-26 04:39:20,57.8,,ida,40 - PAULO DA PORTELA X ALVORADA (EXPRESSO) [IDA],31112.7,296.0
902032,,46,-22.908737,-43.358689,2023-07-26 04:39:25,44.3,,ida,46 - PENHA X ALVORADA (EXPRESSO) [IDA],36279.9,221.0
902027,,46,-22.854697,-43.251203,2023-07-26 04:39:30,17.8,,ida,46 - PENHA X ALVORADA (EXPRESSO) [IDA],32859.3,251.0
902028,,46,-23.00129,-43.364852,2023-07-26 04:39:13,0.0,,volta,46 - ALVORADA X PENHA (EXPRESSO) [VOLTA],37575.7,
902018,,40,-22.965588,-43.390365,2023-07-26 04:39:20,34.3,,ida,40 - PAULO DA PORTELA X ALVORADA (EXPRESSO) [IDA],23626.4,1.0
12715,,10,-23.015917,-43.472966,2023-07-26 04:39:24,47.5,,volta,10 - ALVORADA X SANTA CRUZ (EXPRESSO) [VOLTA],42360.9,254.0
901062,,51,-22.862097,-43.400993,2023-07-26 04:39:23,0.0,,ida,51 - SENTIDO RECREIO (PARADOR) [IDA],46916.3,264.0
901067,,52,-22.943121,-43.394503,2023-07-26 04:39:28,56.6,,ida,52 - SENTIDO ALVORADA (PARADOR) [IDA],41755.2,174.0
E902004,,41,-22.854788,-43.252014,2023-07-26 04:39:20,0.0,,volta,41 - TERMINAL RECREIO X PAULO DA PORTELA (EXPRESSO) [VOLTA],13269.1,
12713,,18,-23.019286,-43.505677,2023-07-26 04:39:16,0.0,,ida,18 - RECREIO SHOPPING X JARDIM OCEÂNICO (EXPRESSO) [IDA],35248.3,
902062,,46,-22.973274,-43.378221,2023-07-26 04:38:43,57.2,,volta,46 - ALVORADA X PENHA (EXPRESSO) [VOLTA],33273.0,275.0
902048,,46,-23.000903,-43.367547,2023-07-26 04:39:22,0.0,,volta,46 - ALVORADA X PENHA (EXPRESSO) [VOLTA],23958.0,
902058,,46,-22.854895,-43.251932,2023-07-26 04:39:14,0.0,,ida,46 - PENHA X ALVORADA (EXPRESSO) [IDA],34575.0,
901068,,51,-22.948,-43.391597,2023-07-26 04:39:16,0.1,,ida,51 - SENTIDO RECREIO (PARADOR) [IDA],50812.0,122.0
902003,,41,-22.854294,-43.251956,2023-07-26 04:39:18,0.0,,volta,41 - TERMINAL RECREIO X PAULO DA PORTELA (EXPRESSO) [VOLTA],17394.1,
902102,,35,-22.876443,-43.32965,2023-07-26 04:39:21,0.0,,ida,35 - MADUREIRA X ALVORADA (PARADOR) [IDA],12378.2,
901082,,40,-22.965627,-43.390474,2023-07-26 04:39:27,10.6,,ida,40 - PAULO DA PORTELA X ALVORADA (EXPRESSO) [IDA],47060.4,174.0
902050,,43,-22.936433,-43.371778,2023-07-26 04:39:16,36.7,,volta,43 - SANTA EFIGENIA X FUNDÃO (EXPRESSO) [VOLTA],31260.9,199.0
12716,,18,-22.925535,-43.650008,2023-07-26 04:39:22,13.6,,ida,18 - RECREIO SHOPPING X JARDIM OCEÂNICO (EXPRESSO) [IDA],45557.5,201.0
902063,,46,-22.93668,-43.371837,2023-07-26 04:39:26,26.8,,ida,46 - PENHA X ALVORADA (EXPRESSO) [IDA],33255.699,200.0
902008,,46,-22.964925,-43.391622,2023-07-26 04:39:23,0.0,,ida,46 - PENHA X ALVORADA (EXPRESSO) [IDA],10524.6,
902067,,46,-22.837858,-43.291428,2023-07-26 04:39:19,42.2,,ida,46 - PENHA X ALVORADA (EXPRESSO) [IDA],34078.2,257.0
901098,,51,-22.972178,-43.401941,2023-07-26 04:39:22,56.3,,volta,51 - SENTIDO V. MILITAR (PARADOR) [VOLTA],27276.5,41.0
901055,,51,-22.946351,-43.393626,2023-07-26 04:39:31,59.1,,volta,51 - SENTIDO V. MILITAR (PARADOR) [VOLTA],46643.3,325.0
901076,,52,-22.97299,-43.396382,2023-07-26 04:39:18,47.5,,ida,52 - SENTIDO ALVORADA (PARADOR) [IDA],31256.1,271.0
901070,,52,-22.862237,-43.400593,2023-07-26 04:39:17,0.0,,ida,52 - SENTIDO ALVORADA (PARADOR) [IDA],40476.4,237.0
901081,,0,-22.94732,-43.39252,2023-07-26 04:39:17,59.7,,,,41793.1,302.0
902065,,43,-22.839227,-43.24054,2023-07-26 04:39:23,0.0,,ida,43 - FUNDÃO X SANTA EFIGENIA (EXPRESSO) [IDA],35358.2,
901069,,52,-22.876181,-43.405136,2023-07-26 04:39:23,5.0,,ida,52 - SENTIDO ALVORADA (PARADOR) [IDA],37723.3,143.0
901085,,53,-22.964686,-43.39187,2023-07-26 04:39:26,0.0,,ida,53 - SENTIDO ALVORADA (EXPRESSO) [IDA],43530.7,169.0
902071,,46,-22.998493,-43.367491,2023-07-26 04:39:20,59.6,,ida,46 - PENHA X ALVORADA (EXPRESSO) [IDA],35936.5,226.0
902064,,43,-22.854431,-43.251643,2023-07-26 04:39:24,0.0,,ida,43 - FUNDÃO X SANTA EFIGENIA (EXPRESSO) [IDA],0.0,
902070,,46,-22.857316,-43.329247,2023-07-26 04:39:14,34.1,,ida,46 - PENHA X ALVORADA (EXPRESSO) [IDA],36276.8,182.0
901083,,53,-22.96536,-43.391539,2023-07-26 04:39:24,0.0,,ida,53 - SENTIDO ALVORADA (EXPRESSO) [IDA],49411.5,154.0
E902001,,41,-22.85464,-43.251269,2023-07-26 04:39:26,0.0,,volta,41 - TERMINAL RECREIO X PAULO DA PORTELA (EXPRESSO) [VOLTA],20869.6,
E902006,,40,-22.96545,-43.39163,2023-07-26 04:39:15,0.0,,ida,40 - PAULO DA PORTELA X ALVORADA (EXPRESSO) [IDA],19292.2,
E902011,,40,-22.965393,-43.391567,2023-07-26 04:39:16,0.0,,ida,40 - PAULO DA PORTELA X ALVORADA (EXPRESSO) [IDA],8589.7,
902002,,41,-22.854493,-43.251688,2023-07-26 04:39:28,0.0,,volta,41 - TERMINAL RECREIO X PAULO DA PORTELA (EXPRESSO) [VOLTA],19822.8,100.0
902069,,41,-22.877496,-43.336957,2023-07-26 04:39:25,0.0,,ida,41 - PAULO DA PORTELA X TERMINAL RECREIO (EXPRESSO) [IDA],32579.4,
902094,,35,-22.999438,-43.368522,2023-07-26 04:39:25,32.8,,volta,35 - ALVORADA  X  MADUREIRA (PARADOR) [VOLTA],9075.2,46.0
903068,,17,-22.933399,-43.661938,2023-07-26 04:39:19,25.1,,ida,17 - SANTA CRUZ X CAMPO GRANDE (PARADOR) [IDA],20722.4,60.0
902075,,31,-22.876391,-43.32989,2023-07-26 04:39:24,0.0,,ida,31 - VICENTE DE CARVALHO X ALVORADA (SEMIDIRETO) [IDA],14095.4,
902082,,35,-22.878551,-43.336327,2023-07-26 04:39:22,0.0,,ida,35 - MADUREIRA X ALVORADA (PARADOR) [IDA],10860.9,359.0
902089,,35,-22.915677,-43.361454,2023-07-26 04:39:17,40.0,,ida,35 - MADUREIRA X ALVORADA (PARADOR) [IDA],9759.8,209.0
903051,,50,-23.000675,-43.332643,2023-07-26 04:39:21,59.1,,volta,50 - SENTIDO T. OLIMPICO (PARADOR) [VOLTA],31047.2,274.0
902055,,46,-22.854554,-43.251236,2023-07-26 04:39:30,0.0,,ida,46 - PENHA X ALVORADA (EXPRESSO) [IDA],11.1,
903044,,42,-22.81461,-43.246198,2023-07-26 04:39:28,8.4,,ida,42 - GALEÃO X MADUREIRA MANANCEIA (PARADOR) [IDA],29202.7,121.0
903039,,17,-22.927312,-43.677727,2023-07-26 04:39:27,16.2,,ida,17 - SANTA CRUZ X CAMPO GRANDE (PARADOR) [IDA],18358.9,310.0
902074,,31,-22.876458,-43.3296,2023-07-26 04:39:28,0.0,,ida,31 - VICENTE DE CARVALHO X ALVORADA (SEMIDIRETO) [IDA],9765.9,
903040,,17,-22.910875,-43.584197,2023-07-26 04:39:30,16.8,,ida,17 - SANTA CRUZ X CAMPO GRANDE (PARADOR) [IDA],18459.3,61.0
903064,,50,-23.0014,-43.365765,2023-07-26 04:39:30,19.3,,volta,50 - SENTIDO T. OLIMPICO (PARADOR) [VOLTA],22128.8,91.0
903069,,17,-22.916099,-43.614312,2023-07-26 04:39:17,34.2,,volta,17 - CAMPO GRANDE  X SANTA CRUZ (PARADOR) [VOLTA],22403.1,286.0
902042,,46,-23.00069,-43.367354,2023-07-26 04:39:26,0.0,,volta,46 - ALVORADA X PENHA (EXPRESSO) [VOLTA],31912.1,
902040,,46,-23.001299,-43.365232,2023-07-26 04:39:31,9.4,,volta,46 - ALVORADA X PENHA (EXPRESSO) [VOLTA],34097.3,82.0
903049,,17,-22.921965,-43.679766,2023-07-26 04:39:31,21.4,,ida,17 - SANTA CRUZ X CAMPO GRANDE (PARADOR) [IDA],23309.3,155.0
903053,,17,-22.916349,-43.622028,2023-07-26 04:39:13,15.6,,ida,17 - SANTA CRUZ X CAMPO GRANDE (PARADOR) [IDA],21451.1,94.0
12732,,18,-22.916538,-43.631357,2023-07-26 04:39:13,31.4,,ida,18 - RECREIO SHOPPING X JARDIM OCEÂNICO (EXPRESSO) [IDA],25673.7,260.0
902096,,35,-22.969993,-43.390002,2023-07-26 04:39:19,51.6,,ida,35 - MADUREIRA X ALVORADA (PARADOR) [IDA],14214.4,127.0
902100,,31,-22.87638,-43.329839,2023-07-26 04:39:29,0.0,,ida,31 - VICENTE DE CARVALHO X ALVORADA (SEMIDIRETO) [IDA],13431.9,
903059,,17,-22.919063,-43.607815,2023-07-26 04:39:26,0.0,,ida,17 - SANTA CRUZ X CAMPO GRANDE (PARADOR) [IDA],18740.5,
902079,,46,-22.854509,-43.251563,2023-07-26 04:39:20,0.0,,ida,46 - PENHA X ALVORADA (EXPRESSO) [IDA],30818.4,
903066,,17,-22.927484,-43.677746,2023-07-26 04:39:23,0.4,,volta,17 - CAMPO GRANDE  X SANTA CRUZ (PARADOR) [VOLTA],24872.7,292.0
902099,,35,-22.915849,-43.361498,2023-07-26 04:39:20,25.2,,volta,35 - ALVORADA  X  MADUREIRA (PARADOR) [VOLTA],11535.8,28.0
902091,,35,-22.878343,-43.336326,2023-07-26 04:39:22,0.0,,ida,35 - MADUREIRA X ALVORADA (PARADOR) [IDA],14038.5,
901099,,51,-22.860848,-43.398187,2023-07-26 04:39:00,40.4,,ida,51 - SENTIDO RECREIO (PARADOR) [IDA],29477.3,242.0
903046,,42,-22.87648,-43.329524,2023-07-26 04:39:28,0.0,,ida,42 - GALEÃO X MADUREIRA MANANCEIA (PARADOR) [IDA],29783.8,
903061,,17,-22.91887,-43.607494,2023-07-26 04:39:14,0.0,,ida,17 - SANTA CRUZ X CAMPO GRANDE (PARADOR) [IDA],21481.5,88.0
44706,LRG8855,12,-22.967043,-43.64143,2023-07-26 04:38:36,58.5,,volta,12 - ALVORADA X PINGO D'AGUA (EXPRESSO) [VOLTA],21866.5,287.0
903065,,17,-22.913232,-43.595501,2023-07-26 04:39:22,37.4,,ida,17 - SANTA CRUZ X CAMPO GRANDE (PARADOR) [IDA],16955.2,56.0
901008,,22,-23.000937,-43.366231,2023-07-26 04:40:31,0.0,,volta,,22782.6,
901006,RJA9F56,22,-23.000609,-43.366367,2023-07-26 04:40:40,0.0,,ida,22 - ALVORADA X J. OCEÂNICO (PARADOR) [IDA],19377.1,
901004,RJQ8J80,22,-23.000941,-43.365134,2023-07-26 04:40:23,0.0,,volta,,21426.1,270.0
47031,KYW5240,25,-23.005416,-43.431137,2023-07-26 04:40:27,0.0,,ida,25 - MATO ALTO X ALVORADA (PARADOR) [IDA],50900.5,70.0
30538,KXE7719,20,-23.009836,-43.448241,2023-07-26 04:40:30,0.0,,ida,20 - SANTA CRUZ X SALVADOR ALLENDE (EXPRESSO) [IDA],55873.1,74.0
50309,KPN6B05,13,-22.994072,-43.597092,2023-07-26 04:40:29,13.2,,ida,13 - MATO ALTO X ALVORADA (EXPRESSO) [IDA],20067.1,105.0
30532,KYL8599,12,-22.992599,-43.598347,2023-07-26 04:40:39,0.0,,ida,12 - PINGO D'AGUA X ALVORADA (EXPRESSO) [IDA],41752.5,
13423,LSI5976,25,-23.000939,-43.367669,2023-07-26 03:59:11,0.0,,volta,25 - ALVORADA X MATO ALTO (PARADOR) [VOLTA],41101.4,
90002,LMB2D92,11,-22.928764,-43.654383,2023-07-26 04:40:36,42.4,,ida,11 - SANTA CRUZ X ALVORADA (PARADOR) [IDA],55839.2,232.0
47030,LSQ5263,20,-22.917968,-43.684224,2023-07-26 04:40:29,0.2,,ida,20 - SANTA CRUZ X SALVADOR ALLENDE (EXPRESSO) [IDA],53763.9,164.0
30519,LRE9804,11,-22.920074,-43.608092,2023-07-26 04:40:40,0.0,,ida,11 - SANTA CRUZ X ALVORADA (PARADOR) [IDA],51494.8,
90005,KWK6A89,10,-22.991925,-43.598788,2023-07-26 04:40:34,50.9,,ida,10 - SANTA CRUZ X ALVORADA (EXPRESSO) [IDA],49820.9,313.0
86875,KQB4103,12,-22.919688,-43.607631,2023-07-26 04:40:30,0.0,,ida,12 - PINGO D'AGUA X ALVORADA (EXPRESSO) [IDA],13012.2,
30518,KYL8597,25,-23.000471,-43.381481,2023-07-26 04:40:34,31.3,,ida,25 - MATO ALTO X ALVORADA (PARADOR) [IDA],37108.0,90.0
902090,,35,-22.880355,-43.341676,2023-07-26 04:40:29,33.7,,volta,35 - ALVORADA  X  MADUREIRA (PARADOR) [VOLTA],15073.9,353.0
47029,LSQ5267,11,-22.916414,-43.606978,2023-07-26 04:40:33,0.0,,ida,11 - SANTA CRUZ X ALVORADA (PARADOR) [IDA],56955.2,357.0
86885,LTB5540,14,-22.919014,-43.607023,2023-07-26 04:40:41,0.0,,ida,14 - SANTA EUGÊNIA X SALVADOR ALLENDE (EXPRESSO) [IDA],514714.4,
86886,LTB5541,14,-22.916679,-43.606973,2023-07-26 04:40:28,0.0,,ida,14 - SANTA EUGÊNIA X SALVADOR ALLENDE (EXPRESSO) [IDA],13084.2,359.0
47006,KWZ8630,20,-22.998329,-43.588328,2023-07-26 04:40:23,59.6,,ida,20 - SANTA CRUZ X SALVADOR ALLENDE (EXPRESSO) [IDA],50877.1,104.0
47007,LSP6018,18,-22.920593,-43.607693,2023-07-26 04:40:41,0.0,,ida,18 - RECREIO SHOPPING X JARDIM OCEÂNICO (EXPRESSO) [IDA],42179.7,
13413,KWI9711,12,-22.992784,-43.598265,2023-07-26 04:40:29,10.7,,ida,12 - PINGO D'AGUA X ALVORADA (EXPRESSO) [IDA],43512.1,133.0
90001,KPZ5E15,19,-22.936545,-43.666999,2023-07-26 04:40:25,25.6,,ida,19 - PINGO D'AGUA X SALVADOR ALLENDE (EXPRESSO) [IDA],44128.1,181.0
901057,,52,-22.998577,-43.367599,2023-07-26 04:40:35,59.7,,ida,52 - SENTIDO ALVORADA (PARADOR) [IDA],51053.5,226.0
901003,RKM8C54,22,-23.001103,-43.366197,2023-07-26 04:40:28,0.0,,ida,22 - ALVORADA X J. OCEÂNICO (PARADOR) [IDA],22819.8,265.0
86874,KQB4102,20,-22.920655,-43.608156,2023-07-26 04:40:34,0.0,,ida,20 - SANTA CRUZ X SALVADOR ALLENDE (EXPRESSO) [IDA],512858.0,
86879,LTN5696,18,-22.929518,-43.655335,2023-07-26 04:40:34,65.3,,ida,18 - RECREIO SHOPPING X JARDIM OCEÂNICO (EXPRESSO) [IDA],1800.6,209.0
47009,KPZ8430,20,-22.920923,-43.607905,2023-07-26 03:44:40,1.6,,ida,20 - SANTA CRUZ X SALVADOR ALLENDE (EXPRESSO) [IDA],54120.3,192.0
50301,KPP5B70,25,-23.000827,-43.366701,2023-07-26 04:40:30,16.8,,volta,25 - ALVORADA X MATO ALTO (PARADOR) [VOLTA],3941.1,44.0
44713,KPZ3559,20,-22.920676,-43.607885,2023-07-26 04:40:34,0.0,,ida,20 - SANTA CRUZ X SALVADOR ALLENDE (EXPRESSO) [IDA],29573.1,
13401,KQO7822,19,-22.968731,-43.622241,2023-07-26 04:40:36,17.2,,ida,19 - PINGO D'AGUA X SALVADOR ALLENDE (EXPRESSO) [IDA],53627.0,74.0
27174,KQP5437,20,-22.941494,-43.663262,2023-07-26 04:40:39,0.0,,ida,20 - SANTA CRUZ X SALVADOR ALLENDE (EXPRESSO) [IDA],18863.2,131.0
47026,KYA7928,10,-22.920588,-43.608013,2023-07-26 04:40:30,0.0,,ida,10 - SANTA CRUZ X ALVORADA (EXPRESSO) [IDA],32900.199,
86889,KRQ6878,10,-23.000893,-43.367123,2023-07-26 04:40:37,0.0,,volta,10 - ALVORADA X SANTA CRUZ (EXPRESSO) [VOLTA],514962.4,
27209,LSL9B07,18,-22.992992,-43.597989,2023-07-26 04:40:32,0.0,,ida,18 - RECREIO SHOPPING X JARDIM OCEÂNICO (EXPRESSO) [IDA],10074.7,135.0
27176,LRK9563,18,-22.949559,-43.652204,2023-07-26 04:40:29,0.0,,ida,18 - RECREIO SHOPPING X JARDIM OCEÂNICO (EXPRESSO) [IDA],13491.6,146.0
30511,KPV2250,13,-23.000953,-43.364498,2023-07-26 04:40:31,13.0,,volta,13 - ALVORADA X  MATO ALTO (EXPRESSO) [VOLTA],49435.0,250.0
13427,KXE7711,0,-22.918411,-43.607085,2023-07-26 04:40:37,0.0,,,,51855.2,
12725,LMJ1327,25,-23.002533,-43.423261,2023-07-26 04:40:28,51.6,,volta,25 - ALVORADA X MATO ALTO (PARADOR) [VOLTA],39242.2,250.0
47022,KRM7701,10,-23.00073,-43.365005,2023-07-26 04:40:24,0.0,,volta,10 - ALVORADA X SANTA CRUZ (EXPRESSO) [VOLTA],12932.4,
12736,LMJ4504,20,-22.919868,-43.608323,2023-07-26 04:40:38,0.0,,ida,20 - SANTA CRUZ X SALVADOR ALLENDE (EXPRESSO) [IDA],15483.9,
13422,LSI5978,20,-22.917489,-43.68335,2023-07-26 04:40:31,0.0,,ida,20 - SANTA CRUZ X SALVADOR ALLENDE (EXPRESSO) [IDA],40372.0,336.0
13402,LTL5480,12,-22.920248,-43.607763,2023-07-26 04:40:36,0.0,,ida,12 - PINGO D'AGUA X ALVORADA (EXPRESSO) [IDA],43258.9,
12730,LSO8993,19,-23.021016,-43.498379,2023-07-26 04:40:27,60.3,,ida,19 - PINGO D'AGUA X SALVADOR ALLENDE (EXPRESSO) [IDA],9238.2,98.0
86872,LSH7386,20,-22.949465,-43.652221,2023-07-26 04:40:29,54.9,,ida,20 - SANTA CRUZ X SALVADOR ALLENDE (EXPRESSO) [IDA],22407.9,140.0
47017,LRS2841,20,-22.918249,-43.682917,2023-07-26 04:40:22,0.0,,ida,20 - SANTA CRUZ X SALVADOR ALLENDE (EXPRESSO) [IDA],47894.7,325.0
30509,KYM4574,13,-23.009978,-43.448588,2023-07-26 04:40:35,0.0,,ida,13 - MATO ALTO X ALVORADA (EXPRESSO) [IDA],53034.3,74.0
12710,KRO9724,20,-22.915904,-43.608478,2023-07-26 04:40:38,0.0,,ida,20 - SANTA CRUZ X SALVADOR ALLENDE (EXPRESSO) [IDA],38363.2,
12712,LSN8501,19,-22.920171,-43.608127,2023-07-26 04:40:32,0.0,,ida,19 - PINGO D'AGUA X SALVADOR ALLENDE (EXPRESSO) [IDA],31093.7,
30521,LRC6594,25,-22.919578,-43.607162,2023-07-26 04:40:34,0.0,,ida,25 - MATO ALTO X ALVORADA (PARADOR) [IDA],34815.0,
12739,LMJ4F12,20,-22.917364,-43.637171,2023-07-26 04:40:22,53.8,,ida,20 - SANTA CRUZ X SALVADOR ALLENDE (EXPRESSO) [IDA],23713.5,258.0
12734,LSP8673,11,-22.920177,-43.60786,2023-07-26 04:40:28,0.0,,ida,11 - SANTA CRUZ X ALVORADA (PARADOR) [IDA],16894.9,
30531,LRC6592,19,-23.002909,-43.424356,2023-07-26 04:40:24,0.0,,ida,19 - PINGO D'AGUA X SALVADOR ALLENDE (EXPRESSO) [IDA],40583.1,248.0
30524,LRC6601,10,-22.992472,-43.598494,2023-07-26 04:40:41,0.0,,ida,10 - SANTA CRUZ X ALVORADA (EXPRESSO) [IDA],29221.7,134.0
13415,KQK7905,25,-23.019722,-43.504171,2023-07-26 04:40:33,53.6,,ida,25 - MATO ALTO X ALVORADA (PARADOR) [IDA],45119.6,108.0
901002,,22,-23.000162,-43.351836,2023-07-26 04:40:24,26.6,,ida,22 - ALVORADA X J. OCEÂNICO (PARADOR) [IDA],17396.1,93.0
B13,KYM5979,14,-23.009902,-43.448501,2023-07-26 04:40:24,15.1,,ida,14 - SANTA EUGÊNIA X SALVADOR ALLENDE (EXPRESSO) [IDA],1152.5,76.0
B20,LMH6141,14,-22.927866,-43.653209,2023-07-26 04:40:23,25.0,,ida,14 - SANTA EUGÊNIA X SALVADOR ALLENDE (EXPRESSO) [IDA],1141.3,214.0
B24,LSO7028,14,-22.916487,-43.631283,2023-07-26 04:40:39,0.0,,ida,14 - SANTA EUGÊNIA X SALVADOR ALLENDE (EXPRESSO) [IDA],1182.3,260.0
B25,,14,-22.916614,-43.631644,2023-07-26 04:40:33,0.0,,ida,14 - SANTA EUGÊNIA X SALVADOR ALLENDE (EXPRESSO) [IDA],1102.0,243.0
B28,KQP5E29,14,-22.927874,-43.635357,2023-07-26 04:40:37,23.7,,ida,14 - SANTA EUGÊNIA X SALVADOR ALLENDE (EXPRESSO) [IDA],1139.4,5.0
B40,,14,-22.961109,-43.648034,2023-07-26 04:40:41,0.0,,ida,14 - SANTA EUGÊNIA X SALVADOR ALLENDE (EXPRESSO) [IDA],743.1,
901001,RJD7J89,22,-23.000353,-43.339292,2023-07-26 04:40:27,21.9,,ida,22 - ALVORADA X J. OCEÂNICO (PARADOR) [IDA],17332.9,93.0
B47,,14,-22.961183,-43.648184,2023-07-26 04:40:26,0.0,,ida,14 - SANTA EUGÊNIA X SALVADOR ALLENDE (EXPRESSO) [IDA],1171.7,
B048,,14,-22.916508,-43.631459,2023-07-26 04:40:29,0.0,,ida,14 - SANTA EUGÊNIA X SALVADOR ALLENDE (EXPRESSO) [IDA],1167.9,258.0
B49,,14,-22.916606,-43.631753,2023-07-26 04:40:33,0.0,,ida,14 - SANTA EUGÊNIA X SALVADOR ALLENDE (EXPRESSO) [IDA],1134.3,255.0
B55,,14,-22.938193,-43.666696,2023-07-26 04:40:18,25.4,,ida,14 - SANTA EUGÊNIA X SALVADOR ALLENDE (EXPRESSO) [IDA],1126.6,164.0
B53,,14,-22.916545,-43.631188,2023-07-26 04:40:27,0.0,,ida,14 - SANTA EUGÊNIA X SALVADOR ALLENDE (EXPRESSO) [IDA],1195.7,264.0
B51,,14,-22.992211,-43.598898,2023-07-26 04:40:19,58.1,,ida,14 - SANTA EUGÊNIA X SALVADOR ALLENDE (EXPRESSO) [IDA],1208.8,132.0
902119,,35,-23.000911,-43.364352,2023-07-26 04:40:41,10.7,,volta,35 - ALVORADA  X  MADUREIRA (PARADOR) [VOLTA],7677.1,215.0
901058,,51,-23.008556,-43.440129,2023-07-26 04:40:25,0.0,,volta,51 - SENTIDO V. MILITAR (PARADOR) [VOLTA],44185.9,69.0
903027,,50,-22.958947,-43.385097,2023-07-26 04:40:26,46.1,,ida,50 - SENTIDO JD. OCEANICO (PARADOR) [IDA],49608.6,256.0
903026,,50,-22.972511,-43.4003,2023-07-26 04:40:29,28.8,,ida,50 - SENTIDO JD. OCEANICO (PARADOR) [IDA],48944.9,4.0
903029,,50,-22.900041,-43.353953,2023-07-26 04:40:41,56.6,,ida,50 - SENTIDO JD. OCEANICO (PARADOR) [IDA],33501.3,213.0
902116,,35,-22.949305,-43.372836,2023-07-26 04:40:23,37.4,,ida,35 - MADUREIRA X ALVORADA (PARADOR) [IDA],11168.1,200.0
902115,,35,-23.00141,-43.367472,2023-07-26 04:40:34,0.0,,volta,35 - ALVORADA  X  MADUREIRA (PARADOR) [VOLTA],14860.4,88.0
901061,,51,-23.008437,-43.439877,2023-07-26 04:40:38,0.0,,volta,51 - SENTIDO V. MILITAR (PARADOR) [VOLTA],43291.9,74.0
902107,,31,-22.876511,-43.330273,2023-07-26 03:48:47,0.0,,ida,31 - VICENTE DE CARVALHO X ALVORADA (SEMIDIRETO) [IDA],9144.7,
901073,,52,-22.854082,-43.386976,2023-07-26 04:40:39,44.5,,ida,52 - SENTIDO ALVORADA (PARADOR) [IDA],41847.6,7.0
901048,,51,-22.862086,-43.400401,2023-07-26 04:40:33,0.0,,ida,51 - SENTIDO RECREIO (PARADOR) [IDA],26329.4,
901065,,52,-22.862213,-43.400536,2023-07-26 04:40:26,52.4,,ida,52 - SENTIDO ALVORADA (PARADOR) [IDA],35394.3,60.0
903032,,42,-22.870255,-43.335582,2023-07-26 04:40:38,35.3,,ida,42 - GALEÃO X MADUREIRA MANANCEIA (PARADOR) [IDA],42704.2,196.0
901075,,0,-22.925918,-43.397053,2023-07-26 04:40:29,42.1,,,,48993.2,333.0
903055,,17,-22.919043,-43.607576,2023-07-26 04:40:21,0.0,,ida,17 - SANTA CRUZ X CAMPO GRANDE (PARADOR) [IDA],18899.5,
903002,,42,-22.856336,-43.258904,2023-07-26 04:40:35,41.1,,ida,42 - GALEÃO X MADUREIRA MANANCEIA (PARADOR) [IDA],6960.7,333.0
902110,,35,-22.995445,-43.365953,2023-07-26 04:40:34,50.2,,ida,35 - MADUREIRA X ALVORADA (PARADOR) [IDA],8827.1,180.0
902114,,35,-22.968418,-43.390745,2023-07-26 04:40:39,8.5,,volta,35 - ALVORADA  X  MADUREIRA (PARADOR) [VOLTA],8965.4,6.0
903021,,42,-22.839685,-43.239554,2023-07-26 04:34:24,0.2,,ida,,34620.6,144.0
903056,,17,-22.911355,-43.589881,2023-07-26 04:40:38,0.0,,volta,17 - CAMPO GRANDE  X SANTA CRUZ (PARADOR) [VOLTA],14644.0,231.0
903000,,50,-23.000714,-43.367992,2023-07-26 04:40:37,24.2,,ida,50 - SENTIDO JD. OCEANICO (PARADOR) [IDA],31877.6,79.0
903058,,17,-22.903751,-43.556616,2023-07-26 04:20:54,14.6,,ida,17 - SANTA CRUZ X CAMPO GRANDE (PARADOR) [IDA],9157.1,3.0
901072,,51,-22.861615,-43.399722,2023-07-26 04:40:37,0.0,,ida,51 - SENTIDO RECREIO (PARADOR) [IDA],38616.3,
902045,,31,-22.876495,-43.329683,2023-07-26 04:40:39,0.0,,ida,31 - VICENTE DE CARVALHO X ALVORADA (SEMIDIRETO) [IDA],6821.5,
903007,,50,-23.000356,-43.341255,2023-07-26 04:40:29,16.5,,ida,50 - SENTIDO JD. OCEANICO (PARADOR) [IDA],41351.3,91.0
903004,,42,-22.84027,-43.240255,2023-07-26 04:40:30,33.5,,ida,42 - GALEÃO X MADUREIRA MANANCEIA (PARADOR) [IDA],39183.5,320.0
903006,,50,-22.876828,-43.329998,2023-07-26 02:49:59,0.0,,ida,50 - SENTIDO JD. OCEANICO (PARADOR) [IDA],46380.6,76.0
903005,,42,-22.853115,-43.248246,2023-07-26 04:40:22,40.2,,ida,42 - GALEÃO X MADUREIRA MANANCEIA (PARADOR) [IDA],38820.2,349.0
903022,,50,-23.006581,-43.312537,2023-07-26 04:40:22,0.0,,volta,50 - SENTIDO T. OLIMPICO (PARADOR) [VOLTA],37728.2,276.0
903035,,17,-22.925633,-43.650103,2023-07-26 04:40:22,13.2,,volta,17 - CAMPO GRANDE  X SANTA CRUZ (PARADOR) [VOLTA],19564.9,204.0
901059,,51,-22.988889,-43.416811,2023-07-26 04:40:22,0.0,,ida,51 - SENTIDO RECREIO (PARADOR) [IDA],48350.3,235.0
903003,,42,-22.845762,-43.302172,2023-07-26 04:40:26,42.7,,ida,42 - GALEÃO X MADUREIRA MANANCEIA (PARADOR) [IDA],41700.9,233.0
901024,,22,-23.006647,-43.312769,2023-07-26 04:40:34,0.0,,volta,22 - J. OCEÂNICO X ALVORADA (PARADOR) [VOLTA],20655.8,255.0
901025,,46,-22.924447,-43.397824,2023-07-26 04:40:36,56.4,,ida,46 - PENHA X ALVORADA (EXPRESSO) [IDA],40702.8,344.0
901027,,41,-22.99627,-43.42443,2023-07-26 04:40:32,59.2,,volta,41 - TERMINAL RECREIO X PAULO DA PORTELA (EXPRESSO) [VOLTA],25968.0,36.0
901028,,40,-22.902136,-43.355304,2023-07-26 04:40:31,27.5,,ida,40 - PAULO DA PORTELA X ALVORADA (EXPRESSO) [IDA],23770.2,31.0
901030,,35,-22.959995,-43.389022,2023-07-26 04:40:40,26.1,,ida,35 - MADUREIRA X ALVORADA (PARADOR) [IDA],21824.4,76.0
901032,,52,-22.959872,-43.388374,2023-07-26 04:40:39,3.0,,ida,52 - SENTIDO ALVORADA (PARADOR) [IDA],25284.2,74.0
901033,,40,-22.964504,-43.392015,2023-07-26 03:41:35,0.0,,ida,40 - PAULO DA PORTELA X ALVORADA (EXPRESSO) [IDA],26774.3,
901034,,0,-22.965732,-43.391255,2023-07-26 04:40:24,0.0,,,,27513.1,
901036,,52,-22.964522,-43.391737,2023-07-26 04:40:39,0.0,,ida,52 - SENTIDO ALVORADA (PARADOR) [IDA],22805.5,
901037,,52,-22.964811,-43.391855,2023-07-26 03:59:12,0.0,,ida,52 - SENTIDO ALVORADA (PARADOR) [IDA],20007.6,
903009,,42,-22.839888,-43.239398,2023-07-26 04:40:28,0.0,,ida,42 - GALEÃO X MADUREIRA MANANCEIA (PARADOR) [IDA],47178.3,142.0
903010,,42,-22.84357,-43.269575,2023-07-26 04:40:36,40.3,,volta,42 - MADUREIRA MANANCEIA X GALEAO (PARADOR) [VOLTA],43685.6,131.0
903011,,42,-22.87897,-43.340817,2023-07-26 04:40:40,12.0,,volta,42 - MADUREIRA MANANCEIA X GALEAO (PARADOR) [VOLTA],45329.9,78.0
903012,,42,-22.818858,-43.237039,2023-07-26 04:40:33,61.0,,ida,42 - GALEÃO X MADUREIRA MANANCEIA (PARADOR) [IDA],47941.3,126.0
903015,,42,-22.845298,-43.301691,2023-07-26 04:40:37,31.4,,volta,42 - MADUREIRA MANANCEIA X GALEAO (PARADOR) [VOLTA],47856.2,33.0
903016,,42,-22.877751,-43.336357,2023-07-26 04:40:32,13.8,,volta,42 - MADUREIRA MANANCEIA X GALEAO (PARADOR) [VOLTA],42522.0,23.0
903017,,50,-22.97241,-43.401025,2023-07-26 04:40:27,0.0,,ida,50 - SENTIDO JD. OCEANICO (PARADOR) [IDA],44900.2,180.0
903018,,38,-22.841613,-43.279246,2023-07-26 04:40:33,35.5,,ida,38 - FUNDÃO X ALVORADA (PARADOR) [IDA],11270.8,296.0
903020,,50,-22.973374,-43.366986,2023-07-26 04:40:30,43.0,,volta,50 - SENTIDO T. OLIMPICO (PARADOR) [VOLTA],43835.7,270.0
903024,,38,-22.908154,-43.358291,2023-07-26 04:40:33,59.0,,volta,38 - ALVORADA X FUNDÃO (PARADOR) [VOLTA],38016.3,25.0
903025,,50,-22.973229,-43.382954,2023-07-26 04:40:22,1.2,,ida,50 - SENTIDO JD. OCEANICO (PARADOR) [IDA],39447.9,80.0
903013,,42,-22.856244,-43.25897,2023-07-26 04:40:37,48.9,,volta,42 - MADUREIRA MANANCEIA X GALEAO (PARADOR) [VOLTA],44467.2,148.0
901060,,51,-22.899218,-43.397729,2023-07-26 04:40:20,59.0,,ida,51 - SENTIDO RECREIO (PARADOR) [IDA],24768.9,172.0
903063,,17,-22.920241,-43.608126,2023-07-26 04:40:27,0.0,,ida,17 - SANTA CRUZ X CAMPO GRANDE (PARADOR) [IDA],21497.7,135.0
901000,,22,-23.006423,-43.313074,2023-07-26 04:40:35,0.0,,volta,22 - J. OCEÂNICO X ALVORADA (PARADOR) [VOLTA],30196.5,266.0
902113,,31,-22.876351,-43.330366,2023-07-26 04:40:26,0.0,,ida,31 - VICENTE DE CARVALHO X ALVORADA (SEMIDIRETO) [IDA],8847.5,
902117,,31,-22.865506,-43.334173,2023-07-26 04:40:37,17.2,,ida,31 - VICENTE DE CARVALHO X ALVORADA (SEMIDIRETO) [IDA],10236.9,19.0
901044,,46,-22.902597,-43.355647,2023-07-26 04:40:30,30.0,,ida,46 - PENHA X ALVORADA (EXPRESSO) [IDA],29591.0,31.0
903033,,38,-22.853577,-43.248163,2023-07-26 04:40:38,28.9,,ida,38 - FUNDÃO X ALVORADA (PARADOR) [IDA],36564.5,7.0
902020,,46,-22.911045,-43.360245,2023-07-26 04:40:31,56.3,,volta,46 - ALVORADA X PENHA (EXPRESSO) [VOLTA],31626.2,13.0
902022,,46,-22.870229,-43.335527,2023-07-26 04:40:35,22.9,,volta,46 - ALVORADA X PENHA (EXPRESSO) [VOLTA],30774.0,16.0
901093,,22,-22.965706,-43.391219,2023-07-26 04:31:48,0.0,,ida,,27781.9,
902059,,41,-22.854503,-43.322784,2023-07-26 04:40:28,56.8,,volta,41 - TERMINAL RECREIO X PAULO DA PORTELA (EXPRESSO) [VOLTA],35700.0,233.0
902056,,46,-22.936797,-43.371809,2023-07-26 04:40:24,30.6,,volta,46 - ALVORADA X PENHA (EXPRESSO) [VOLTA],34627.6,18.0
901091,,40,-22.872698,-43.408194,2023-07-26 04:40:41,59.2,,ida,40 - PAULO DA PORTELA X ALVORADA (EXPRESSO) [IDA],31113.6,317.0
902032,,46,-22.914722,-43.360893,2023-07-26 04:40:24,45.7,,ida,46 - PENHA X ALVORADA (EXPRESSO) [IDA],36280.6,210.0
902027,,46,-22.855007,-43.252145,2023-07-26 04:40:30,13.5,,ida,46 - PENHA X ALVORADA (EXPRESSO) [IDA],32859.4,256.0
902028,,46,-23.000994,-43.364894,2023-07-26 04:40:33,19.9,,volta,46 - ALVORADA X PENHA (EXPRESSO) [VOLTA],37575.8,270.0
902018,,40,-22.959788,-43.388353,2023-07-26 04:40:40,26.2,,ida,40 - PAULO DA PORTELA X ALVORADA (EXPRESSO) [IDA],23627.2,77.0
12715,,10,-23.018085,-43.481472,2023-07-26 04:40:24,29.8,,volta,10 - ALVORADA X SANTA CRUZ (EXPRESSO) [VOLTA],42361.8,254.0
901062,,51,-22.863097,-43.402607,2023-07-26 04:40:23,51.9,,ida,51 - SENTIDO RECREIO (PARADOR) [IDA],46916.5,242.0
901067,,52,-22.948077,-43.391516,2023-07-26 04:40:29,18.1,,ida,52 - SENTIDO ALVORADA (PARADOR) [IDA],41755.9,127.0
E902004,,41,-22.854788,-43.252014,2023-07-26 04:40:41,0.0,,volta,41 - TERMINAL RECREIO X PAULO DA PORTELA (EXPRESSO) [VOLTA],13269.1,
12713,,18,-23.019222,-43.505653,2023-07-26 04:40:36,0.0,,ida,18 - RECREIO SHOPPING X JARDIM OCEÂNICO (EXPRESSO) [IDA],35248.3,
902062,,46,-22.972669,-43.386114,2023-07-26 04:40:23,38.2,,volta,46 - ALVORADA X PENHA (EXPRESSO) [VOLTA],33273.8,308.0
902048,,46,-23.000903,-43.367547,2023-07-26 04:40:21,0.0,,volta,46 - ALVORADA X PENHA (EXPRESSO) [VOLTA],23958.0,
902058,,46,-22.854895,-43.251932,2023-07-26 04:40:34,0.0,,ida,46 - PENHA X ALVORADA (EXPRESSO) [IDA],34575.0,
901068,,51,-22.953336,-43.390863,2023-07-26 04:40:37,22.9,,ida,51 - SENTIDO RECREIO (PARADOR) [IDA],50812.7,219.0
902003,,41,-22.854294,-43.251956,2023-07-26 04:40:38,0.0,,volta,41 - TERMINAL RECREIO X PAULO DA PORTELA (EXPRESSO) [VOLTA],17394.1,
902102,,35,-22.876443,-43.32965,2023-07-26 04:40:40,0.0,,ida,35 - MADUREIRA X ALVORADA (PARADOR) [IDA],12378.2,
901016,,40,-23.000976,-43.366481,2023-07-26 04:40:35,0.0,,volta,40 - ALVORADA X PAULO DA PORTELA (EXPRESSO) [VOLTA],37350.9,
901082,,40,-22.970245,-43.389726,2023-07-26 04:40:25,44.2,,ida,40 - PAULO DA PORTELA X ALVORADA (EXPRESSO) [IDA],47061.0,128.0
902050,,43,-22.944623,-43.372236,2023-07-26 04:40:36,9.7,,volta,43 - SANTA EFIGENIA X FUNDÃO (EXPRESSO) [VOLTA],31261.8,100.0
12716,,18,-22.928245,-43.653658,2023-07-26 04:40:23,30.9,,ida,18 - RECREIO SHOPPING X JARDIM OCEÂNICO (EXPRESSO) [IDA],45558.0,234.0
902063,,46,-22.939787,-43.372436,2023-07-26 04:40:26,53.8,,ida,46 - PENHA X ALVORADA (EXPRESSO) [IDA],33256.1,198.0
902060,,41,-22.854832,-43.251753,2023-07-26 04:40:22,0.0,,volta,41 - TERMINAL RECREIO X PAULO DA PORTELA (EXPRESSO) [VOLTA],30130.1,
902008,,46,-22.964925,-43.391622,2023-07-26 04:40:23,0.0,,ida,46 - PENHA X ALVORADA (EXPRESSO) [IDA],10524.6,
902047,,46,-22.854759,-43.251773,2023-07-26 02:55:01,0.0,,ida,46 - PENHA X ALVORADA (EXPRESSO) [IDA],23962.0,
902067,,46,-22.842128,-43.299722,2023-07-26 04:40:38,58.8,,ida,46 - PENHA X ALVORADA (EXPRESSO) [IDA],34079.2,219.0
901098,,51,-22.969507,-43.399517,2023-07-26 04:40:21,40.7,,volta,51 - SENTIDO V. MILITAR (PARADOR) [VOLTA],27276.9,39.0
901055,,51,-22.937532,-43.39514,2023-07-26 04:40:32,58.8,,volta,51 - SENTIDO V. MILITAR (PARADOR) [VOLTA],46644.3,350.0
901076,,52,-22.967058,-43.3972,2023-07-26 04:40:38,56.5,,ida,52 - SENTIDO ALVORADA (PARADOR) [IDA],31257.2,42.0
901070,,52,-22.862291,-43.40076,2023-07-26 04:40:37,0.0,,ida,52 - SENTIDO ALVORADA (PARADOR) [IDA],40476.4,231.0
901081,,0,-22.936054,-43.395409,2023-07-26 04:40:38,58.0,,,,41794.4,350.0
902065,,43,-22.839225,-43.24054,2023-07-26 04:40:22,0.0,,ida,43 - FUNDÃO X SANTA EFIGENIA (EXPRESSO) [IDA],35358.2,
901069,,52,-22.880022,-43.399991,2023-07-26 04:40:36,53.7,,ida,52 - SENTIDO ALVORADA (PARADOR) [IDA],37724.0,162.0
902071,,46,-23.001365,-43.367196,2023-07-26 04:40:41,0.0,,volta,46 - ALVORADA X PENHA (EXPRESSO) [VOLTA],35937.1,89.0
902064,,43,-22.854431,-43.251643,2023-07-26 04:40:24,0.0,,ida,43 - FUNDÃO X SANTA EFIGENIA (EXPRESSO) [IDA],0.0,
902070,,46,-22.865727,-43.334391,2023-07-26 04:40:35,46.4,,ida,46 - PENHA X ALVORADA (EXPRESSO) [IDA],36277.9,200.0
901083,,53,-22.965364,-43.391555,2023-07-26 04:40:24,0.0,,ida,53 - SENTIDO ALVORADA (EXPRESSO) [IDA],49411.5,154.0
E902001,,41,-22.85464,-43.251269,2023-07-26 04:40:26,0.0,,volta,41 - TERMINAL RECREIO X PAULO DA PORTELA (EXPRESSO) [VOLTA],20869.6,
E902006,,40,-22.96545,-43.39163,2023-07-26 04:40:34,0.0,,ida,40 - PAULO DA PORTELA X ALVORADA (EXPRESSO) [IDA],19292.2,
E902011,,40,-22.965393,-43.391567,2023-07-26 04:40:35,0.0,,ida,40 - PAULO DA PORTELA X ALVORADA (EXPRESSO) [IDA],8589.7,
902002,,41,-22.854487,-43.251668,2023-07-26 04:40:28,0.0,,volta,41 - TERMINAL RECREIO X PAULO DA PORTELA (EXPRESSO) [VOLTA],19822.8,
902069,,41,-22.877496,-43.336957,2023-07-26 04:40:24,0.0,,ida,41 - PAULO DA PORTELA X TERMINAL RECREIO (EXPRESSO) [IDA],32579.4,
902094,,35,-22.994401,-43.365867,2023-07-26 04:40:35,10.4,,volta,35 - ALVORADA  X  MADUREIRA (PARADOR) [VOLTA],9075.9,358.0
903068,,17,-22.931704,-43.657175,2023-07-26 04:40:39,0.0,,ida,17 - SANTA CRUZ X CAMPO GRANDE (PARADOR) [IDA],20722.9,42.0
902075,,31,-22.876391,-43.32989,2023-07-26 04:40:24,0.0,,ida,31 - VICENTE DE CARVALHO X ALVORADA (SEMIDIRETO) [IDA],14095.4,
902082,,35,-22.878558,-43.336306,2023-07-26 04:40:22,0.0,,ida,35 - MADUREIRA X ALVORADA (PARADOR) [IDA],10860.9,
902089,,35,-22.917779,-43.364071,2023-07-26 04:40:37,58.8,,ida,35 - MADUREIRA X ALVORADA (PARADOR) [IDA],9760.2,239.0
903041,,50,-22.876589,-43.329493,2023-07-26 04:40:30,0.0,,ida,50 - SENTIDO JD. OCEANICO (PARADOR) [IDA],27433.7,
903051,,50,-23.00033,-43.337873,2023-07-26 04:40:41,44.2,,volta,50 - SENTIDO T. OLIMPICO (PARADOR) [VOLTA],31047.7,273.0
902055,,46,-22.854554,-43.251236,2023-07-26 04:40:29,0.0,,ida,46 - PENHA X ALVORADA (EXPRESSO) [IDA],11.1,
903044,,42,-22.813392,-43.244817,2023-07-26 04:40:36,31.0,,ida,42 - GALEÃO X MADUREIRA MANANCEIA (PARADOR) [IDA],29203.0,118.0
903039,,17,-22.923228,-43.679279,2023-07-26 04:40:26,28.5,,ida,17 - SANTA CRUZ X CAMPO GRANDE (PARADOR) [IDA],18359.5,348.0
902074,,31,-22.876458,-43.3296,2023-07-26 04:40:28,0.0,,ida,31 - VICENTE DE CARVALHO X ALVORADA (SEMIDIRETO) [IDA],9765.9,
903040,,17,-22.909559,-43.580558,2023-07-26 04:40:37,56.0,,ida,17 - SANTA CRUZ X CAMPO GRANDE (PARADOR) [IDA],18459.7,81.0
903064,,50,-23.001029,-43.365887,2023-07-26 04:40:30,20.4,,volta,50 - SENTIDO T. OLIMPICO (PARADOR) [VOLTA],22129.1,267.0
903069,,17,-22.915578,-43.616358,2023-07-26 04:40:24,12.5,,volta,17 - CAMPO GRANDE  X SANTA CRUZ (PARADOR) [VOLTA],22403.3,283.0
902042,,46,-23.00069,-43.367354,2023-07-26 04:40:26,0.0,,volta,46 - ALVORADA X PENHA (EXPRESSO) [VOLTA],31912.1,
902040,,46,-23.00134,-43.364842,2023-07-26 04:40:31,0.0,,volta,46 - ALVORADA X PENHA (EXPRESSO) [VOLTA],34097.3,90.0
903049,,17,-22.923204,-43.67937,2023-07-26 04:40:10,35.4,,ida,17 - SANTA CRUZ X CAMPO GRANDE (PARADOR) [IDA],23309.5,167.0
903053,,17,-22.915671,-43.615964,2023-07-26 04:40:12,0.0,,ida,17 - SANTA CRUZ X CAMPO GRANDE (PARADOR) [IDA],21451.8,84.0
12732,,18,-22.918056,-43.638801,2023-07-26 04:40:34,38.2,,ida,18 - RECREIO SHOPPING X JARDIM OCEÂNICO (EXPRESSO) [IDA],25674.5,237.0
902096,,35,-22.973229,-43.383282,2023-07-26 04:40:35,27.9,,ida,35 - MADUREIRA X ALVORADA (PARADOR) [IDA],14215.2,81.0
902100,,31,-22.87638,-43.329839,2023-07-26 04:40:28,0.0,,ida,31 - VICENTE DE CARVALHO X ALVORADA (SEMIDIRETO) [IDA],13431.9,
903059,,17,-22.919057,-43.607816,2023-07-26 04:40:26,0.0,,ida,17 - SANTA CRUZ X CAMPO GRANDE (PARADOR) [IDA],18740.5,44.0
902079,,46,-22.854509,-43.251563,2023-07-26 04:40:41,0.0,,ida,46 - PENHA X ALVORADA (EXPRESSO) [IDA],30818.4,
903066,,17,-22.924092,-43.67918,2023-07-26 04:40:23,32.5,,volta,17 - CAMPO GRANDE  X SANTA CRUZ (PARADOR) [VOLTA],24873.1,359.0
902099,,35,-22.907805,-43.358133,2023-07-26 04:40:41,62.9,,volta,35 - ALVORADA  X  MADUREIRA (PARADOR) [VOLTA],11536.8,17.0
902091,,35,-22.877882,-43.33633,2023-07-26 04:40:38,29.8,,ida,35 - MADUREIRA X ALVORADA (PARADOR) [IDA],14038.5,303.0
903061,,17,-22.918879,-43.607526,2023-07-26 04:40:35,0.0,,ida,17 - SANTA CRUZ X CAMPO GRANDE (PARADOR) [IDA],21481.5,88.0
44706,LRG8855,20,-22.965045,-43.646939,2023-07-26 04:40:16,29.0,,ida,,21867.1,321.0
903065,,17,-22.910917,-43.588393,2023-07-26 04:40:22,40.7,,ida,17 - SANTA CRUZ X CAMPO GRANDE (PARADOR) [IDA],16956.0,82.0
901008,,22,-23.000956,-43.366199,2023-07-26 04:42:31,0.0,,volta,,22782.6,
901004,RJQ8J80,22,-23.000982,-43.365077,2023-07-26 04:42:42,0.0,,volta,,21426.1,270.0
13423,LSI5976,25,-23.000897,-43.367665,2023-07-26 04:42:35,0.0,,volta,25 - ALVORADA X MATO ALTO (PARADOR) [VOLTA],41101.4,
13403,LTF5447,18,-23.019186,-43.506031,2023-07-26 04:42:32,59.2,,ida,18 - RECREIO SHOPPING X JARDIM OCEÂNICO (EXPRESSO) [IDA],53262.5,108.0
90002,LMB2D92,11,-22.934535,-43.665299,2023-07-26 04:42:37,17.7,,ida,11 - SANTA CRUZ X ALVORADA (PARADOR) [IDA],55840.5,214.0
30519,LRE9804,11,-22.920074,-43.608092,2023-07-26 04:42:40,0.0,,ida,11 - SANTA CRUZ X ALVORADA (PARADOR) [IDA],51494.8,
90005,KWK6A89,10,-22.979586,-43.61059,2023-07-26 04:42:34,58.0,,ida,10 - SANTA CRUZ X ALVORADA (EXPRESSO) [IDA],49822.8,340.0
30518,KYL8597,25,-23.000338,-43.37443,2023-07-26 04:42:34,32.7,,ida,25 - MATO ALTO X ALVORADA (PARADOR) [IDA],37108.8,89.0
47029,LSQ5267,11,-22.916414,-43.606964,2023-07-26 04:42:34,0.0,,ida,11 - SANTA CRUZ X ALVORADA (PARADOR) [IDA],56955.2,357.0
47007,LSP6018,18,-22.920589,-43.607696,2023-07-26 04:42:41,0.0,,ida,18 - RECREIO SHOPPING X JARDIM OCEÂNICO (EXPRESSO) [IDA],42179.7,
901057,,52,-23.001241,-43.364318,2023-07-26 04:42:50,16.2,,volta,52 - SENTIDO V. MILITAR (PARADOR) [VOLTA],51054.2,55.0
86874,KQB4102,20,-22.920672,-43.608174,2023-07-26 04:42:34,0.0,,ida,20 - SANTA CRUZ X SALVADOR ALLENDE (EXPRESSO) [IDA],512858.0,
44713,KPZ3559,20,-22.920676,-43.607885,2023-07-26 04:42:34,0.0,,ida,20 - SANTA CRUZ X SALVADOR ALLENDE (EXPRESSO) [IDA],29573.1,
13401,KQO7822,19,-22.970693,-43.615764,2023-07-26 04:42:36,59.9,,ida,19 - PINGO D'AGUA X SALVADOR ALLENDE (EXPRESSO) [IDA],53627.7,134.0
27174,KQP5437,20,-22.949582,-43.652173,2023-07-26 04:42:39,48.4,,ida,20 - SANTA CRUZ X SALVADOR ALLENDE (EXPRESSO) [IDA],18864.7,139.0
47026,KYA7928,10,-22.920586,-43.608012,2023-07-26 04:42:30,0.0,,ida,10 - SANTA CRUZ X ALVORADA (EXPRESSO) [IDA],32900.199,
86889,KRQ6878,10,-23.000893,-43.367123,2023-07-26 04:42:37,0.0,,volta,10 - ALVORADA X SANTA CRUZ (EXPRESSO) [VOLTA],514962.4,
27209,LSL9B07,18,-22.993026,-43.597957,2023-07-26 04:42:31,0.0,,ida,18 - RECREIO SHOPPING X JARDIM OCEÂNICO (EXPRESSO) [IDA],10074.7,
30511,KPV2250,13,-23.000902,-43.367647,2023-07-26 04:42:32,0.0,,volta,13 - ALVORADA X  MATO ALTO (EXPRESSO) [VOLTA],49435.4,
13427,KXE7711,0,-22.918411,-43.607086,2023-07-26 04:42:37,0.0,,,,51855.2,
12736,LMJ4504,20,-22.919728,-43.608282,2023-07-26 04:42:39,6.1,,ida,20 - SANTA CRUZ X SALVADOR ALLENDE (EXPRESSO) [IDA],15484.0,343.0
13422,LSI5978,20,-22.916875,-43.683462,2023-07-26 04:42:31,0.0,,ida,20 - SANTA CRUZ X SALVADOR ALLENDE (EXPRESSO) [IDA],40372.1,
13402,LTL5480,12,-22.920248,-43.607763,2023-07-26 04:42:36,0.0,,ida,12 - PINGO D'AGUA X ALVORADA (EXPRESSO) [IDA],43258.9,
86872,LSH7386,20,-22.965908,-43.647786,2023-07-26 04:42:49,17.1,,ida,20 - SANTA CRUZ X SALVADOR ALLENDE (EXPRESSO) [IDA],22409.9,162.0
30509,KYM4574,13,-23.008332,-43.442262,2023-07-26 04:42:35,30.8,,ida,13 - MATO ALTO X ALVORADA (EXPRESSO) [IDA],53034.9,75.0
12710,KRO9724,20,-22.916337,-43.612423,2023-07-26 04:42:38,54.9,,ida,20 - SANTA CRUZ X SALVADOR ALLENDE (EXPRESSO) [IDA],38363.7,263.0
12720,KXD9430,20,-23.000025,-43.580921,2023-07-26 04:42:18,58.5,,ida,20 - SANTA CRUZ X SALVADOR ALLENDE (EXPRESSO) [IDA],21749.5,104.0
12712,LSN8501,19,-22.920158,-43.608059,2023-07-26 04:42:32,0.0,,ida,19 - PINGO D'AGUA X SALVADOR ALLENDE (EXPRESSO) [IDA],31093.7,
30521,LRC6594,25,-22.919593,-43.60714,2023-07-26 04:42:34,0.0,,ida,25 - MATO ALTO X ALVORADA (PARADOR) [IDA],34815.0,
12739,LMJ4F12,20,-22.927194,-43.652638,2023-07-26 04:42:42,39.1,,ida,20 - SANTA CRUZ X SALVADOR ALLENDE (EXPRESSO) [IDA],23715.5,237.0
30524,LRC6601,10,-22.99244,-43.598528,2023-07-26 04:42:40,0.0,,ida,10 - SANTA CRUZ X ALVORADA (EXPRESSO) [IDA],29221.7,134.0
13415,KQK7905,25,-23.021021,-43.493514,2023-07-26 04:42:34,40.2,,ida,25 - MATO ALTO X ALVORADA (PARADOR) [IDA],45120.7,83.0
B14,KRK9519,14,-23.019462,-43.486735,2023-07-26 04:42:38,5.1,,ida,14 - SANTA EUGÊNIA X SALVADOR ALLENDE (EXPRESSO) [IDA],1161.4,55.0
B24,LSO7028,14,-22.916486,-43.631286,2023-07-26 04:42:39,0.0,,ida,14 - SANTA EUGÊNIA X SALVADOR ALLENDE (EXPRESSO) [IDA],1182.3,260.0
B25,,14,-22.916565,-43.631665,2023-07-26 04:42:33,0.0,,ida,14 - SANTA EUGÊNIA X SALVADOR ALLENDE (EXPRESSO) [IDA],1102.0,243.0
B28,KQP5E29,14,-22.921013,-43.634184,2023-07-26 04:42:37,28.3,,ida,14 - SANTA EUGÊNIA X SALVADOR ALLENDE (EXPRESSO) [IDA],1140.2,9.0
B40,,14,-22.961133,-43.648067,2023-07-26 04:42:40,0.1,,ida,14 - SANTA EUGÊNIA X SALVADOR ALLENDE (EXPRESSO) [IDA],743.1,
B49,,14,-22.916662,-43.631768,2023-07-26 04:42:33,0.0,,ida,14 - SANTA EUGÊNIA X SALVADOR ALLENDE (EXPRESSO) [IDA],1134.3,255.0
B55,,14,-22.949477,-43.652184,2023-07-26 04:42:39,58.2,,ida,14 - SANTA EUGÊNIA X SALVADOR ALLENDE (EXPRESSO) [IDA],1128.7,140.0
902119,,35,-23.001387,-43.367074,2023-07-26 04:42:41,15.4,,volta,35 - ALVORADA  X  MADUREIRA (PARADOR) [VOLTA],7677.7,86.0
901066,,52,-22.973356,-43.373599,2023-07-26 04:42:40,55.6,,ida,52 - SENTIDO ALVORADA (PARADOR) [IDA],49998.7,91.0
903029,,50,-22.913157,-43.360508,2023-07-26 04:42:41,58.5,,ida,50 - SENTIDO JD. OCEANICO (PARADOR) [IDA],33502.9,188.0
902115,,35,-23.000954,-43.364452,2023-07-26 04:42:34,15.2,,volta,35 - ALVORADA  X  MADUREIRA (PARADOR) [VOLTA],14860.8,272.0
901061,,51,-23.008472,-43.439826,2023-07-26 04:42:38,0.0,,volta,51 - SENTIDO V. MILITAR (PARADOR) [VOLTA],43291.9,74.0
901073,,52,-22.858701,-43.393731,2023-07-26 04:42:39,59.5,,ida,52 - SENTIDO ALVORADA (PARADOR) [IDA],41849.0,242.0
901048,,51,-22.862159,-43.400583,2023-07-26 04:42:32,0.0,,ida,51 - SENTIDO RECREIO (PARADOR) [IDA],26329.4,235.0
901065,,52,-22.853452,-43.385772,2023-07-26 04:42:47,26.1,,ida,52 - SENTIDO ALVORADA (PARADOR) [IDA],35396.3,293.0
903032,,42,-22.877755,-43.336428,2023-07-26 04:42:38,0.0,,volta,42 - MADUREIRA MANANCEIA X GALEAO (PARADOR) [VOLTA],42705.1,215.0
903055,,17,-22.919004,-43.607556,2023-07-26 04:42:41,0.0,,ida,17 - SANTA CRUZ X CAMPO GRANDE (PARADOR) [IDA],18899.5,
903002,,42,-22.848014,-43.265876,2023-07-26 04:42:35,26.1,,ida,42 - GALEÃO X MADUREIRA MANANCEIA (PARADOR) [IDA],6961.9,320.0
902110,,35,-23.000679,-43.366187,2023-07-26 04:42:35,13.8,,volta,35 - ALVORADA  X  MADUREIRA (PARADOR) [VOLTA],8828.1,84.0
903056,,17,-22.91375,-43.596737,2023-07-26 04:42:39,11.9,,volta,17 - CAMPO GRANDE  X SANTA CRUZ (PARADOR) [VOLTA],14644.7,258.0
903000,,50,-23.001108,-43.365471,2023-07-26 04:42:43,0.0,,ida,50 - SENTIDO JD. OCEANICO (PARADOR) [IDA],31878.2,263.0
903058,,17,-22.9016,-43.554322,2023-07-26 04:23:09,9.8,,volta,17 - CAMPO GRANDE  X SANTA CRUZ (PARADOR) [VOLTA],9157.6,213.0
901072,,51,-22.861685,-43.399852,2023-07-26 04:42:38,0.0,,ida,51 - SENTIDO RECREIO (PARADOR) [IDA],38616.3,
902045,,31,-22.878953,-43.329215,2023-07-26 04:42:39,6.3,,ida,31 - VICENTE DE CARVALHO X ALVORADA (SEMIDIRETO) [IDA],6821.8,261.0
903004,,42,-22.826509,-43.233226,2023-07-26 04:42:31,55.4,,ida,42 - GALEÃO X MADUREIRA MANANCEIA (PARADOR) [IDA],39185.4,38.0
903005,,42,-22.844951,-43.238553,2023-07-26 04:42:50,36.2,,ida,42 - GALEÃO X MADUREIRA MANANCEIA (PARADOR) [IDA],38821.8,34.0
903022,,50,-23.006541,-43.312528,2023-07-26 04:42:42,0.0,,volta,50 - SENTIDO T. OLIMPICO (PARADOR) [VOLTA],37728.2,276.0
903035,,17,-22.931975,-43.657696,2023-07-26 04:42:42,26.9,,volta,17 - CAMPO GRANDE  X SANTA CRUZ (PARADOR) [VOLTA],19566.0,237.0
901059,,51,-22.999641,-43.429278,2023-07-26 04:42:42,44.9,,ida,51 - SENTIDO RECREIO (PARADOR) [IDA],48352.1,232.0
901024,,22,-23.006467,-43.312952,2023-07-26 04:42:35,0.0,,volta,22 - J. OCEÂNICO X ALVORADA (PARADOR) [VOLTA],20655.9,255.0
901027,,41,-22.986601,-43.414123,2023-07-26 04:42:31,57.9,,volta,41 - TERMINAL RECREIO X PAULO DA PORTELA (EXPRESSO) [VOLTA],25969.5,35.0
901028,,40,-22.893118,-43.348653,2023-07-26 04:42:31,46.4,,ida,40 - PAULO DA PORTELA X ALVORADA (EXPRESSO) [IDA],23771.5,31.0
901030,,35,-22.958535,-43.38266,2023-07-26 04:42:41,19.9,,ida,35 - MADUREIRA X ALVORADA (PARADOR) [IDA],21825.0,75.0
901032,,52,-22.956511,-43.37895,2023-07-26 04:42:38,38.0,,ida,52 - SENTIDO ALVORADA (PARADOR) [IDA],25285.3,51.0
901036,,52,-22.964509,-43.392009,2023-07-26 04:42:33,0.0,,ida,52 - SENTIDO ALVORADA (PARADOR) [IDA],22805.5,
901037,,52,-22.964811,-43.391855,2023-07-26 04:42:37,0.0,,ida,52 - SENTIDO ALVORADA (PARADOR) [IDA],20007.6,
903010,,42,-22.851248,-43.263393,2023-07-26 04:42:37,33.4,,volta,42 - MADUREIRA MANANCEIA X GALEAO (PARADOR) [VOLTA],43686.6,146.0
903011,,42,-22.8779,-43.336446,2023-07-26 04:42:39,0.0,,volta,42 - MADUREIRA MANANCEIA X GALEAO (PARADOR) [VOLTA],45330.4,29.0
903012,,42,-22.832992,-43.237618,2023-07-26 04:42:33,60.0,,ida,42 - GALEÃO X MADUREIRA MANANCEIA (PARADOR) [IDA],47943.3,226.0
903015,,42,-22.838736,-43.294855,2023-07-26 04:42:36,0.0,,volta,42 - MADUREIRA MANANCEIA X GALEAO (PARADOR) [VOLTA],47857.2,52.0
903018,,38,-22.837804,-43.291034,2023-07-26 04:42:34,45.9,,ida,38 - FUNDÃO X ALVORADA (PARADOR) [IDA],11272.2,257.0
903020,,50,-22.973341,-43.376875,2023-07-26 04:42:30,5.6,,volta,50 - SENTIDO T. OLIMPICO (PARADOR) [VOLTA],43836.7,255.0
903025,,50,-22.973362,-43.37278,2023-07-26 04:42:42,54.9,,ida,50 - SENTIDO JD. OCEANICO (PARADOR) [IDA],39449.0,90.0
903013,,42,-22.854882,-43.253396,2023-07-26 04:42:36,5.0,,volta,42 - MADUREIRA MANANCEIA X GALEAO (PARADOR) [VOLTA],44468.1,104.0
901000,,22,-23.004031,-43.322044,2023-07-26 04:42:35,45.2,,volta,22 - J. OCEÂNICO X ALVORADA (PARADOR) [VOLTA],30197.5,294.0
902117,,31,-22.856728,-43.328951,2023-07-26 04:42:49,31.4,,ida,31 - VICENTE DE CARVALHO X ALVORADA (SEMIDIRETO) [IDA],10238.0,60.0
903033,,38,-22.845572,-43.239137,2023-07-26 04:42:45,19.9,,ida,38 - FUNDÃO X ALVORADA (PARADOR) [IDA],36566.0,44.0
902020,,46,-22.898564,-43.352857,2023-07-26 04:42:31,20.1,,volta,46 - ALVORADA X PENHA (EXPRESSO) [VOLTA],31627.8,37.0
902022,,46,-22.860917,-43.329916,2023-07-26 04:42:36,49.6,,volta,46 - ALVORADA X PENHA (EXPRESSO) [VOLTA],30775.2,30.0
901093,,22,-22.965705,-43.391222,2023-07-26 04:42:43,0.0,,ida,,27781.9,
901091,,40,-22.867344,-43.411664,2023-07-26 04:42:40,51.0,,ida,40 - PAULO DA PORTELA X ALVORADA (EXPRESSO) [IDA],31114.6,61.0
902028,,46,-22.998908,-43.367939,2023-07-26 04:42:33,38.6,,volta,46 - ALVORADA X PENHA (EXPRESSO) [VOLTA],37576.5,47.0
902018,,40,-22.955339,-43.377369,2023-07-26 04:42:40,38.6,,ida,40 - PAULO DA PORTELA X ALVORADA (EXPRESSO) [IDA],23628.4,50.0
E902004,,41,-22.854787,-43.252018,2023-07-26 04:42:40,0.0,,volta,41 - TERMINAL RECREIO X PAULO DA PORTELA (EXPRESSO) [VOLTA],13269.1,
12713,,18,-23.019222,-43.505653,2023-07-26 04:42:36,0.0,,ida,18 - RECREIO SHOPPING X JARDIM OCEÂNICO (EXPRESSO) [IDA],35248.3,
902048,,46,-23.000991,-43.367503,2023-07-26 04:42:42,0.0,,volta,46 - ALVORADA X PENHA (EXPRESSO) [VOLTA],23958.0,
902058,,46,-22.854895,-43.251932,2023-07-26 04:42:34,0.0,,ida,46 - PENHA X ALVORADA (EXPRESSO) [IDA],34575.0,
902003,,41,-22.854294,-43.251956,2023-07-26 04:42:37,0.0,,volta,41 - TERMINAL RECREIO X PAULO DA PORTELA (EXPRESSO) [VOLTA],17394.1,
902102,,35,-22.878421,-43.32915,2023-07-26 04:42:41,21.5,,ida,35 - MADUREIRA X ALVORADA (PARADOR) [IDA],12378.4,180.0
901016,,40,-23.000957,-43.36644,2023-07-26 04:42:36,0.0,,volta,40 - ALVORADA X PAULO DA PORTELA (EXPRESSO) [VOLTA],37350.9,
902050,,43,-22.940386,-43.372464,2023-07-26 04:42:37,0.0,,volta,43 - SANTA EFIGENIA X FUNDÃO (EXPRESSO) [VOLTA],31262.3,6.0
12716,,18,-22.935194,-43.665869,2023-07-26 04:42:43,30.3,,ida,18 - RECREIO SHOPPING X JARDIM OCEÂNICO (EXPRESSO) [IDA],45559.5,228.0
902060,,41,-22.854832,-43.251753,2023-07-26 04:42:42,0.0,,volta,41 - TERMINAL RECREIO X PAULO DA PORTELA (EXPRESSO) [VOLTA],30130.1,
902008,,46,-22.964925,-43.391622,2023-07-26 04:42:43,0.0,,ida,46 - PENHA X ALVORADA (EXPRESSO) [IDA],10524.6,
902047,,46,-22.854759,-43.251773,2023-07-26 04:42:37,0.0,,ida,46 - PENHA X ALVORADA (EXPRESSO) [IDA],23962.0,
902067,,46,-22.8512,-43.310619,2023-07-26 04:42:39,40.0,,ida,46 - PENHA X ALVORADA (EXPRESSO) [IDA],34080.7,247.0
901098,,51,-22.963027,-43.393588,2023-07-26 04:42:41,0.0,,volta,51 - SENTIDO V. MILITAR (PARADOR) [VOLTA],27277.8,40.0
901055,,51,-22.920807,-43.396867,2023-07-26 04:42:31,56.7,,volta,51 - SENTIDO V. MILITAR (PARADOR) [VOLTA],46646.3,21.0
901076,,52,-22.954183,-43.391309,2023-07-26 04:42:39,54.8,,ida,52 - SENTIDO ALVORADA (PARADOR) [IDA],31259.0,38.0
901070,,52,-22.862291,-43.40076,2023-07-26 04:42:37,0.0,,ida,52 - SENTIDO ALVORADA (PARADOR) [IDA],40476.4,231.0
901081,,51,-22.919605,-43.396503,2023-07-26 04:42:37,57.2,,volta,51 - SENTIDO V. MILITAR (PARADOR) [VOLTA],41796.3,9.0
901074,,52,-22.867938,-43.412687,2023-07-26 04:42:39,26.9,,ida,52 - SENTIDO ALVORADA (PARADOR) [IDA],39508.6,62.0
902030,,31,-22.852586,-43.312888,2023-07-26 04:42:37,0.0,,ida,31 - VICENTE DE CARVALHO X ALVORADA (SEMIDIRETO) [IDA],11293.5,
902071,,46,-23.001041,-43.36494,2023-07-26 04:42:40,9.5,,volta,46 - ALVORADA X PENHA (EXPRESSO) [VOLTA],35937.5,263.0
902070,,46,-22.87238,-43.336371,2023-07-26 04:42:34,0.0,,ida,46 - PENHA X ALVORADA (EXPRESSO) [IDA],36278.7,197.0
E902006,,40,-22.965864,-43.391353,2023-07-26 04:42:35,13.1,,ida,40 - PAULO DA PORTELA X ALVORADA (EXPRESSO) [IDA],19292.2,73.0
E902011,,40,-22.965393,-43.391567,2023-07-26 04:42:36,0.0,,ida,40 - PAULO DA PORTELA X ALVORADA (EXPRESSO) [IDA],8589.7,
902094,,35,-22.983771,-43.365738,2023-07-26 04:42:35,8.3,,volta,35 - ALVORADA  X  MADUREIRA (PARADOR) [VOLTA],9077.1,355.0
903068,,17,-22.926395,-43.650718,2023-07-26 04:42:39,50.4,,ida,17 - SANTA CRUZ X CAMPO GRANDE (PARADOR) [IDA],20723.8,66.0
902082,,35,-22.878391,-43.336329,2023-07-26 04:42:42,0.0,,ida,35 - MADUREIRA X ALVORADA (PARADOR) [IDA],10860.9,
903062,,17,-22.930377,-43.673972,2023-07-26 04:39:38,51.4,,ida,17 - SANTA CRUZ X CAMPO GRANDE (PARADOR) [IDA],20180.1,307.0
902089,,35,-22.922665,-43.372923,2023-07-26 04:42:36,9.4,,ida,35 - MADUREIRA X ALVORADA (PARADOR) [IDA],9761.2,256.0
903051,,50,-23.000182,-43.346776,2023-07-26 04:42:49,4.9,,volta,50 - SENTIDO T. OLIMPICO (PARADOR) [VOLTA],31048.6,224.0
903044,,42,-22.811205,-43.251439,2023-07-26 04:42:49,0.0,,ida,42 - GALEÃO X MADUREIRA MANANCEIA (PARADOR) [IDA],29204.2,138.0
903040,,17,-22.906925,-43.571775,2023-07-26 04:42:36,15.7,,ida,17 - SANTA CRUZ X CAMPO GRANDE (PARADOR) [IDA],18460.7,104.0
902044,,46,-22.854354,-43.251985,2023-07-26 04:42:50,0.0,,ida,46 - PENHA X ALVORADA (EXPRESSO) [IDA],31223.4,
903069,,17,-22.91615,-43.624084,2023-07-26 04:42:37,44.8,,volta,17 - CAMPO GRANDE  X SANTA CRUZ (PARADOR) [VOLTA],22404.1,262.0
902040,,46,-23.00134,-43.364842,2023-07-26 04:42:32,0.0,,volta,46 - ALVORADA X PENHA (EXPRESSO) [VOLTA],34097.3,
903053,,17,-22.914203,-43.602028,2023-07-26 04:42:43,41.8,,ida,17 - SANTA CRUZ X CAMPO GRANDE (PARADOR) [IDA],21453.2,93.0
12732,,18,-22.926486,-43.650974,2023-07-26 04:42:38,45.7,,ida,18 - RECREIO SHOPPING X JARDIM OCEÂNICO (EXPRESSO) [IDA],25676.2,252.0
902096,,35,-22.973326,-43.376508,2023-07-26 04:42:33,18.3,,ida,35 - MADUREIRA X ALVORADA (PARADOR) [IDA],14215.9,85.0
902100,,31,-22.876676,-43.329356,2023-07-26 04:42:48,5.9,,ida,31 - VICENTE DE CARVALHO X ALVORADA (SEMIDIRETO) [IDA],13432.0,94.0
902079,,46,-22.854509,-43.251563,2023-07-26 04:42:40,0.0,,ida,46 - PENHA X ALVORADA (EXPRESSO) [IDA],30818.4,
902099,,35,-22.898332,-43.352656,2023-07-26 04:42:41,33.6,,volta,35 - ALVORADA  X  MADUREIRA (PARADOR) [VOLTA],11538.0,39.0
902091,,35,-22.882307,-43.34199,2023-07-26 04:42:42,18.1,,ida,35 - MADUREIRA X ALVORADA (PARADOR) [IDA],14039.7,189.0
903061,,17,-22.918895,-43.60755,2023-07-26 04:42:34,0.0,,ida,17 - SANTA CRUZ X CAMPO GRANDE (PARADOR) [IDA],21481.5,88.0
44706,LRG8855,20,-22.951486,-43.650127,2023-07-26 04:42:36,9.1,,ida,,21868.7,318.0
903065,,17,-22.909141,-43.578889,2023-07-26 04:42:50,49.8,,ida,17 - SANTA CRUZ X CAMPO GRANDE (PARADOR) [IDA],16957.0,47.0
901008,,22,-23.000956,-43.366199,2023-07-26 04:42:51,0.0,,volta,,22782.6,
901011,RIV8A74,0,-23.000877,-43.364982,2023-07-26 04:00:42,0.0,,,,23499.9,
901014,,40,-23.000542,-43.364361,2023-07-26 03:44:21,0.0,,volta,40 - ALVORADA X PAULO DA PORTELA (EXPRESSO) [VOLTA],35641.9,
901010,RJM8G30,22,-23.000931,-43.365207,2023-07-26 03:43:45,0.0,,ida,22 - ALVORADA X J. OCEÂNICO (PARADOR) [IDA],22869.3,
901004,RJQ8J80,22,-23.000984,-43.365077,2023-07-26 04:43:03,0.0,,volta,,21426.1,270.0
13412,KPY9734,0,-22.964632,-43.391762,2023-07-26 03:44:06,0.0,,,,44900.6,
13423,LSI5976,25,-23.000897,-43.367665,2023-07-26 04:42:54,0.0,,volta,25 - ALVORADA X MATO ALTO (PARADOR) [VOLTA],41101.4,
90002,LMB2D92,11,-22.935359,-43.666111,2023-07-26 04:42:57,0.1,,ida,11 - SANTA CRUZ X ALVORADA (PARADOR) [IDA],55840.7,236.0
30519,LRE9804,11,-22.920074,-43.608092,2023-07-26 04:43:00,0.0,,ida,11 - SANTA CRUZ X ALVORADA (PARADOR) [IDA],51494.8,
90005,KWK6A89,10,-22.976697,-43.611677,2023-07-26 04:42:55,56.6,,ida,10 - SANTA CRUZ X ALVORADA (EXPRESSO) [IDA],49823.2,342.0
30518,KYL8597,25,-23.000284,-43.372096,2023-07-26 04:42:54,51.3,,ida,25 - MATO ALTO X ALVORADA (PARADOR) [IDA],37109.0,86.0
47029,LSQ5267,11,-22.916397,-43.606977,2023-07-26 04:42:53,0.0,,ida,11 - SANTA CRUZ X ALVORADA (PARADOR) [IDA],56955.2,357.0
12738,KRR2404,25,-23.015423,-43.521087,2023-07-26 04:40:23,39.5,,ida,25 - MATO ALTO X ALVORADA (PARADOR) [IDA],37383.9,275.0
13428,KXE7712,11,-22.92002,-43.607279,2023-07-26 03:40:09,0.0,,ida,11 - SANTA CRUZ X ALVORADA (PARADOR) [IDA],57798.9,
47007,LSP6018,18,-22.920589,-43.607696,2023-07-26 04:43:01,0.0,,ida,18 - RECREIO SHOPPING X JARDIM OCEÂNICO (EXPRESSO) [IDA],42179.7,
901057,,52,-23.000958,-43.364438,2023-07-26 04:43:03,14.2,,volta,52 - SENTIDO V. MILITAR (PARADOR) [VOLTA],51054.3,265.0
86874,KQB4102,20,-22.920672,-43.608174,2023-07-26 04:42:54,0.0,,ida,20 - SANTA CRUZ X SALVADOR ALLENDE (EXPRESSO) [IDA],512858.0,
47011,LRH8889,0,-22.920599,-43.608019,2023-07-26 04:32:17,0.0,,,,39516.0,137.0
44713,KPZ3559,20,-22.920677,-43.607886,2023-07-26 04:42:54,0.0,,ida,20 - SANTA CRUZ X SALVADOR ALLENDE (EXPRESSO) [IDA],29573.1,
13401,KQO7822,19,-22.973173,-43.613302,2023-07-26 04:42:59,58.1,,ida,19 - PINGO D'AGUA X SALVADOR ALLENDE (EXPRESSO) [IDA],53628.1,149.0
27174,KQP5437,20,-22.951036,-43.650744,2023-07-26 04:42:59,22.1,,ida,20 - SANTA CRUZ X SALVADOR ALLENDE (EXPRESSO) [IDA],18864.9,133.0
47026,KYA7928,10,-22.920584,-43.608013,2023-07-26 04:42:50,0.0,,ida,10 - SANTA CRUZ X ALVORADA (EXPRESSO) [IDA],32900.199,
86889,KRQ6878,10,-23.000893,-43.367123,2023-07-26 04:42:57,0.0,,volta,10 - ALVORADA X SANTA CRUZ (EXPRESSO) [VOLTA],514962.4,
27209,LSL9B07,18,-22.993026,-43.597957,2023-07-26 04:42:52,0.0,,ida,18 - RECREIO SHOPPING X JARDIM OCEÂNICO (EXPRESSO) [IDA],10074.7,
30511,KPV2250,13,-23.000902,-43.367647,2023-07-26 04:42:52,0.0,,volta,13 - ALVORADA X  MATO ALTO (EXPRESSO) [VOLTA],49435.4,
13427,KXE7711,0,-22.918411,-43.607086,2023-07-26 04:42:57,0.0,,,,51855.2,
12736,LMJ4504,20,-22.919768,-43.608258,2023-07-26 04:42:59,0.0,,ida,20 - SANTA CRUZ X SALVADOR ALLENDE (EXPRESSO) [IDA],15484.0,113.0
13422,LSI5978,20,-22.916875,-43.683462,2023-07-26 04:42:51,0.0,,ida,20 - SANTA CRUZ X SALVADOR ALLENDE (EXPRESSO) [IDA],40372.1,
13402,LTL5480,12,-22.920248,-43.607763,2023-07-26 04:42:56,0.0,,ida,12 - PINGO D'AGUA X ALVORADA (EXPRESSO) [IDA],43258.9,
86872,LSH7386,20,-22.965977,-43.64772,2023-07-26 04:42:51,19.6,,ida,20 - SANTA CRUZ X SALVADOR ALLENDE (EXPRESSO) [IDA],22409.9,128.0
30509,KYM4574,13,-23.007819,-43.440158,2023-07-26 04:42:54,48.1,,ida,13 - MATO ALTO X ALVORADA (EXPRESSO) [IDA],53035.2,74.0
12710,KRO9724,20,-22.915822,-43.61528,2023-07-26 04:42:57,47.8,,ida,20 - SANTA CRUZ X SALVADOR ALLENDE (EXPRESSO) [IDA],38364.0,285.0
12720,KXD9430,20,-23.001413,-43.574523,2023-07-26 04:42:58,59.2,,ida,20 - SANTA CRUZ X SALVADOR ALLENDE (EXPRESSO) [IDA],21750.2,104.0
12712,LSN8501,19,-22.920158,-43.608059,2023-07-26 04:42:52,0.0,,ida,19 - PINGO D'AGUA X SALVADOR ALLENDE (EXPRESSO) [IDA],31093.7,
30521,LRC6594,25,-22.919593,-43.60714,2023-07-26 04:42:54,0.0,,ida,25 - MATO ALTO X ALVORADA (PARADOR) [IDA],34815.0,
12739,LMJ4F12,20,-22.928579,-43.654102,2023-07-26 04:43:02,36.6,,ida,20 - SANTA CRUZ X SALVADOR ALLENDE (EXPRESSO) [IDA],23715.7,234.0
30524,LRC6601,10,-22.99244,-43.598528,2023-07-26 04:43:01,0.0,,ida,10 - SANTA CRUZ X ALVORADA (EXPRESSO) [IDA],29221.7,134.0
13415,KQK7905,25,-23.020697,-43.491179,2023-07-26 04:42:54,44.6,,ida,25 - MATO ALTO X ALVORADA (PARADOR) [IDA],45121.0,78.0
902103,,35,-22.876383,-43.330397,2023-07-26 03:44:33,0.0,,ida,35 - MADUREIRA X ALVORADA (PARADOR) [IDA],12129.5,
B14,KRK9519,14,-23.019477,-43.486659,2023-07-26 04:42:58,0.0,,ida,14 - SANTA EUGÊNIA X SALVADOR ALLENDE (EXPRESSO) [IDA],1161.5,55.0
B11,KRK9516,14,-22.961353,-43.648037,2023-07-26 04:00:46,0.0,,ida,14 - SANTA EUGÊNIA X SALVADOR ALLENDE (EXPRESSO) [IDA],1213.5,
B24,LSO7028,14,-22.916486,-43.631286,2023-07-26 04:42:59,0.0,,ida,14 - SANTA EUGÊNIA X SALVADOR ALLENDE (EXPRESSO) [IDA],1182.3,260.0
B25,,14,-22.916567,-43.631671,2023-07-26 04:42:52,0.0,,ida,14 - SANTA EUGÊNIA X SALVADOR ALLENDE (EXPRESSO) [IDA],1102.0,243.0
B28,KQP5E29,14,-22.919499,-43.633954,2023-07-26 04:42:57,31.6,,ida,14 - SANTA EUGÊNIA X SALVADOR ALLENDE (EXPRESSO) [IDA],1140.3,7.0
B40,,14,-22.961131,-43.648066,2023-07-26 04:43:01,0.0,,ida,14 - SANTA EUGÊNIA X SALVADOR ALLENDE (EXPRESSO) [IDA],743.1,
B49,,14,-22.916629,-43.631745,2023-07-26 04:42:53,0.0,,ida,14 - SANTA EUGÊNIA X SALVADOR ALLENDE (EXPRESSO) [IDA],1134.3,255.0
B55,,14,-22.951068,-43.650597,2023-07-26 04:42:58,18.9,,ida,14 - SANTA EUGÊNIA X SALVADOR ALLENDE (EXPRESSO) [IDA],1128.9,135.0
901050,,53,-22.964994,-43.391744,2023-07-26 03:44:56,0.0,,ida,53 - SENTIDO ALVORADA (EXPRESSO) [IDA],24380.4,
902119,,35,-23.001378,-43.366281,2023-07-26 04:43:01,11.5,,volta,35 - ALVORADA  X  MADUREIRA (PARADOR) [VOLTA],7677.8,89.0
901066,,52,-22.97338,-43.370433,2023-07-26 04:43:00,58.8,,ida,52 - SENTIDO ALVORADA (PARADOR) [IDA],49999.0,90.0
903029,,50,-22.914591,-43.360834,2023-07-26 04:43:01,4.0,,ida,50 - SENTIDO JD. OCEANICO (PARADOR) [IDA],33503.1,206.0
902115,,35,-23.000994,-43.365863,2023-07-26 04:42:54,19.0,,volta,35 - ALVORADA  X  MADUREIRA (PARADOR) [VOLTA],14860.9,266.0
901061,,51,-23.008485,-43.439847,2023-07-26 04:42:58,0.0,,volta,51 - SENTIDO V. MILITAR (PARADOR) [VOLTA],43291.9,74.0
901073,,52,-22.860088,-43.396553,2023-07-26 04:42:59,56.2,,ida,52 - SENTIDO ALVORADA (PARADOR) [IDA],41849.3,242.0
901048,,51,-22.862198,-43.400588,2023-07-26 04:42:53,0.0,,ida,51 - SENTIDO RECREIO (PARADOR) [IDA],26329.4,235.0
901065,,52,-22.853907,-43.386987,2023-07-26 04:43:03,44.7,,ida,52 - SENTIDO ALVORADA (PARADOR) [IDA],35396.5,195.0
903032,,42,-22.877758,-43.336476,2023-07-26 04:42:57,0.0,,volta,42 - MADUREIRA MANANCEIA X GALEAO (PARADOR) [VOLTA],42705.1,215.0
903055,,17,-22.919004,-43.607556,2023-07-26 04:43:01,0.0,,ida,17 - SANTA CRUZ X CAMPO GRANDE (PARADOR) [IDA],18899.5,
903037,,17,-22.931161,-43.673078,2023-07-26 04:32:48,23.3,,volta,17 - CAMPO GRANDE  X SANTA CRUZ (PARADOR) [VOLTA],20699.0,310.0
903002,,42,-22.84626,-43.267219,2023-07-26 04:42:55,55.2,,ida,42 - GALEÃO X MADUREIRA MANANCEIA (PARADOR) [IDA],6962.1,324.0
902110,,35,-23.000684,-43.366207,2023-07-26 04:42:57,8.9,,volta,35 - ALVORADA  X  MADUREIRA (PARADOR) [VOLTA],8828.1,52.0
903056,,17,-22.913888,-43.598136,2023-07-26 04:42:58,41.9,,volta,17 - CAMPO GRANDE  X SANTA CRUZ (PARADOR) [VOLTA],14644.9,265.0
903000,,50,-23.001082,-43.365495,2023-07-26 04:43:03,0.0,,ida,50 - SENTIDO JD. OCEANICO (PARADOR) [IDA],31878.2,263.0
903058,,17,-22.901753,-43.554887,2023-07-26 04:23:53,0.0,,volta,17 - CAMPO GRANDE  X SANTA CRUZ (PARADOR) [VOLTA],9157.7,270.0
901072,,51,-22.861685,-43.399852,2023-07-26 04:42:57,0.0,,ida,51 - SENTIDO RECREIO (PARADOR) [IDA],38616.3,
902045,,31,-22.879028,-43.330743,2023-07-26 04:42:59,36.6,,ida,31 - VICENTE DE CARVALHO X ALVORADA (SEMIDIRETO) [IDA],6822.0,266.0
903004,,42,-22.822992,-43.231392,2023-07-26 04:42:59,60.1,,ida,42 - GALEÃO X MADUREIRA MANANCEIA (PARADOR) [IDA],39185.8,341.0
903005,,42,-22.843778,-43.23868,2023-07-26 04:43:03,40.4,,ida,42 - GALEÃO X MADUREIRA MANANCEIA (PARADOR) [IDA],38821.9,332.0
903022,,50,-23.006541,-43.312528,2023-07-26 04:43:03,0.0,,volta,50 - SENTIDO T. OLIMPICO (PARADOR) [VOLTA],37728.2,276.0
903035,,17,-22.932695,-43.659661,2023-07-26 04:43:01,46.5,,volta,17 - CAMPO GRANDE  X SANTA CRUZ (PARADOR) [VOLTA],19566.2,251.0
901059,,51,-23.000266,-43.429941,2023-07-26 04:43:02,0.0,,ida,51 - SENTIDO RECREIO (PARADOR) [IDA],48352.2,223.0
901024,,22,-23.006461,-43.312969,2023-07-26 04:42:54,0.0,,volta,22 - J. OCEÂNICO X ALVORADA (PARADOR) [VOLTA],20655.9,255.0
901027,,41,-22.98419,-43.412049,2023-07-26 04:42:52,56.6,,volta,41 - TERMINAL RECREIO X PAULO DA PORTELA (EXPRESSO) [VOLTA],25969.9,38.0
901028,,40,-22.890871,-43.347423,2023-07-26 04:42:51,56.5,,ida,40 - PAULO DA PORTELA X ALVORADA (EXPRESSO) [IDA],23771.7,30.0
901030,,35,-22.958,-43.380946,2023-07-26 04:43:00,36.9,,ida,35 - MADUREIRA X ALVORADA (PARADOR) [IDA],21825.2,55.0
901032,,52,-22.955297,-43.377268,2023-07-26 04:42:58,37.7,,ida,52 - SENTIDO ALVORADA (PARADOR) [IDA],25285.5,51.0
901036,,52,-22.964509,-43.392009,2023-07-26 04:42:52,0.0,,ida,52 - SENTIDO ALVORADA (PARADOR) [IDA],22805.5,
901037,,52,-22.964811,-43.391855,2023-07-26 04:42:57,0.0,,ida,52 - SENTIDO ALVORADA (PARADOR) [IDA],20007.6,
903010,,42,-22.852938,-43.262065,2023-07-26 04:42:56,52.5,,volta,42 - MADUREIRA MANANCEIA X GALEAO (PARADOR) [VOLTA],43686.9,144.0
903011,,42,-22.8779,-43.336446,2023-07-26 04:43:00,0.0,,volta,42 - MADUREIRA MANANCEIA X GALEAO (PARADOR) [VOLTA],45330.4,29.0
903012,,42,-22.835196,-43.239829,2023-07-23 04:42:53,60.0,,ida,42 - GALEÃO X MADUREIRA MANANCEIA (PARADOR) [IDA],47943.7,219.0
903015,,42,-22.838354,-43.293765,2023-07-26 04:42:56,42.9,,volta,42 - MADUREIRA MANANCEIA X GALEAO (PARADOR) [VOLTA],47857.3,80.0
903018,,38,-22.838352,-43.293866,2023-07-26 04:42:53,56.2,,ida,38 - FUNDÃO X ALVORADA (PARADOR) [IDA],11272.4,261.0
903020,,50,-22.973229,-43.378761,2023-07-26 04:42:50,44.2,,volta,50 - SENTIDO T. OLIMPICO (PARADOR) [VOLTA],43836.9,274.0
903025,,50,-22.973391,-43.36986,2023-07-26 04:43:01,59.0,,ida,50 - SENTIDO JD. OCEANICO (PARADOR) [IDA],39449.3,90.0
903013,,42,-22.855082,-43.25213,2023-07-26 04:42:57,22.3,,volta,42 - MADUREIRA MANANCEIA X GALEAO (PARADOR) [VOLTA],44468.2,89.0
903060,,17,-22.920167,-43.607517,2023-07-26 02:43:54,0.0,,ida,17 - SANTA CRUZ X CAMPO GRANDE (PARADOR) [IDA],20533.0,170.0
901000,,22,-23.00334,-43.323906,2023-07-26 04:42:55,18.6,,volta,22 - J. OCEÂNICO X ALVORADA (PARADOR) [VOLTA],30197.7,288.0
902117,,31,-22.856519,-43.328106,2023-07-26 04:42:57,44.0,,ida,31 - VICENTE DE CARVALHO X ALVORADA (SEMIDIRETO) [IDA],10238.1,76.0
903033,,38,-22.845382,-43.238951,2023-07-26 04:42:51,10.0,,ida,38 - FUNDÃO X ALVORADA (PARADOR) [IDA],36566.0,40.0
902020,,46,-22.897352,-43.351874,2023-07-26 04:42:51,20.5,,volta,46 - ALVORADA X PENHA (EXPRESSO) [VOLTA],31628.0,37.0
902022,,46,-22.857316,-43.329198,2023-07-26 04:43:02,43.4,,volta,46 - ALVORADA X PENHA (EXPRESSO) [VOLTA],30775.6,3.0
901093,,22,-22.965705,-43.391222,2023-07-26 04:43:02,0.0,,ida,,27781.9,
901091,,40,-22.865905,-43.408716,2023-07-26 04:43:01,59.0,,ida,40 - PAULO DA PORTELA X ALVORADA (EXPRESSO) [IDA],31114.9,62.0
902028,,46,-22.997132,-43.366059,2023-07-26 04:42:54,49.9,,volta,46 - ALVORADA X PENHA (EXPRESSO) [VOLTA],37576.7,28.0
902018,,40,-22.954294,-43.376094,2023-07-26 04:43:00,25.5,,ida,40 - PAULO DA PORTELA X ALVORADA (EXPRESSO) [IDA],23628.6,39.0
E902004,,41,-22.854777,-43.252044,2023-07-26 04:43:00,0.0,,volta,41 - TERMINAL RECREIO X PAULO DA PORTELA (EXPRESSO) [VOLTA],13269.1,
12713,,18,-23.019222,-43.505653,2023-07-26 04:42:56,0.0,,ida,18 - RECREIO SHOPPING X JARDIM OCEÂNICO (EXPRESSO) [IDA],35248.3,
902048,,46,-23.000991,-43.367503,2023-07-26 04:43:02,0.0,,volta,46 - ALVORADA X PENHA (EXPRESSO) [VOLTA],23958.0,
902058,,46,-22.854895,-43.251932,2023-07-26 04:42:54,0.0,,ida,46 - PENHA X ALVORADA (EXPRESSO) [IDA],34575.0,
12728,,19,-22.920614,-43.607649,2023-07-26 03:44:55,0.0,,ida,19 - PINGO D'AGUA X SALVADOR ALLENDE (EXPRESSO) [IDA],42500.0,
902003,,41,-22.854294,-43.251956,2023-07-26 04:42:57,0.0,,volta,41 - TERMINAL RECREIO X PAULO DA PORTELA (EXPRESSO) [VOLTA],17394.1,
902102,,35,-22.878944,-43.329237,2023-07-26 04:43:01,7.2,,ida,35 - MADUREIRA X ALVORADA (PARADOR) [IDA],12378.5,268.0
901016,,40,-23.000973,-43.36644,2023-07-26 04:42:56,0.0,,volta,40 - ALVORADA X PAULO DA PORTELA (EXPRESSO) [VOLTA],37350.9,
902066,,46,-22.85513,-43.252116,2023-07-26 04:01:22,0.0,,ida,46 - PENHA X ALVORADA (EXPRESSO) [IDA],31314.0,
902005,,40,-22.965347,-43.391552,2023-07-26 03:43:57,0.0,,ida,40 - PAULO DA PORTELA X ALVORADA (EXPRESSO) [IDA],18982.4,
902050,,43,-22.940386,-43.372464,2023-07-26 04:42:56,0.0,,volta,43 - SANTA EFIGENIA X FUNDÃO (EXPRESSO) [VOLTA],31262.3,6.0
12716,,18,-22.935446,-43.666394,2023-07-26 04:43:03,10.6,,ida,18 - RECREIO SHOPPING X JARDIM OCEÂNICO (EXPRESSO) [IDA],45559.6,251.0
902017,,31,-22.964735,-43.391501,2023-07-26 04:18:51,0.0,,ida,31 - VICENTE DE CARVALHO X ALVORADA (SEMIDIRETO) [IDA],23870.5,
902060,,41,-22.854832,-43.251753,2023-07-26 04:43:03,0.0,,volta,41 - TERMINAL RECREIO X PAULO DA PORTELA (EXPRESSO) [VOLTA],30130.1,
902008,,46,-22.964925,-43.391622,2023-07-26 04:43:02,0.0,,ida,46 - PENHA X ALVORADA (EXPRESSO) [IDA],10524.6,
902047,,46,-22.854759,-43.251773,2023-07-26 04:42:57,0.0,,ida,46 - PENHA X ALVORADA (EXPRESSO) [IDA],23962.0,
902051,,46,-22.841298,-43.276351,2023-07-26 04:31:25,0.0,,ida,46 - PENHA X ALVORADA (EXPRESSO) [IDA],32986.5,
902067,,46,-22.852332,-43.312375,2023-07-26 04:42:58,26.0,,ida,46 - PENHA X ALVORADA (EXPRESSO) [IDA],34081.0,227.0
901098,,51,-22.962784,-43.393294,2023-07-26 04:43:01,28.4,,volta,51 - SENTIDO V. MILITAR (PARADOR) [VOLTA],27277.9,39.0
901055,,51,-22.917993,-43.396572,2023-07-26 04:42:51,61.8,,volta,51 - SENTIDO V. MILITAR (PARADOR) [VOLTA],46646.6,348.0
901076,,52,-22.952113,-43.389883,2023-07-26 04:42:58,47.5,,ida,52 - SENTIDO ALVORADA (PARADOR) [IDA],31259.3,23.0
901070,,52,-22.862285,-43.400757,2023-07-26 04:42:57,0.0,,ida,52 - SENTIDO ALVORADA (PARADOR) [IDA],40476.4,231.0
902080,,46,-22.841513,-43.277118,2023-07-26 04:32:17,0.0,,ida,46 - PENHA X ALVORADA (EXPRESSO) [IDA],34341.0,246.0
901081,,51,-22.916543,-43.397203,2023-07-26 04:42:58,59.0,,volta,51 - SENTIDO V. MILITAR (PARADOR) [VOLTA],41796.7,328.0
901074,,52,-22.867072,-43.411139,2023-07-26 04:42:58,43.6,,ida,52 - SENTIDO ALVORADA (PARADOR) [IDA],39508.8,62.0
902030,,31,-22.852586,-43.312888,2023-07-26 04:42:58,0.0,,ida,31 - VICENTE DE CARVALHO X ALVORADA (SEMIDIRETO) [IDA],11293.5,
902071,,46,-23.001016,-43.365099,2023-07-26 04:43:01,0.0,,volta,46 - ALVORADA X PENHA (EXPRESSO) [VOLTA],35937.5,275.0
902101,,31,-22.876419,-43.330134,2023-07-26 03:45:49,0.0,,ida,31 - VICENTE DE CARVALHO X ALVORADA (SEMIDIRETO) [IDA],10054.6,
902070,,46,-22.87332,-43.336067,2023-07-26 04:42:55,26.2,,ida,46 - PENHA X ALVORADA (EXPRESSO) [IDA],36278.8,148.0
E902006,,40,-22.965545,-43.39051,2023-07-26 04:42:59,9.0,,ida,40 - PAULO DA PORTELA X ALVORADA (EXPRESSO) [IDA],19292.3,137.0
E902011,,40,-22.965393,-43.391567,2023-07-26 04:42:55,0.0,,ida,40 - PAULO DA PORTELA X ALVORADA (EXPRESSO) [IDA],8589.7,
902094,,35,-22.983756,-43.365742,2023-07-26 04:42:55,0.0,,volta,35 - ALVORADA  X  MADUREIRA (PARADOR) [VOLTA],9077.1,358.0
903068,,17,-22.925353,-43.649906,2023-07-26 04:42:59,1.7,,ida,17 - SANTA CRUZ X CAMPO GRANDE (PARADOR) [IDA],20724.0,19.0
902082,,35,-22.878391,-43.336329,2023-07-26 04:43:01,0.0,,ida,35 - MADUREIRA X ALVORADA (PARADOR) [IDA],10860.9,
903062,,17,-22.918784,-43.682577,2023-07-26 04:42:58,0.0,,ida,17 - SANTA CRUZ X CAMPO GRANDE (PARADOR) [IDA],20181.7,325.0
902089,,35,-22.923252,-43.374014,2023-07-26 04:43:03,33.5,,ida,35 - MADUREIRA X ALVORADA (PARADOR) [IDA],9761.3,191.0
903051,,50,-23.000167,-43.347029,2023-07-26 04:43:01,19.6,,volta,50 - SENTIDO T. OLIMPICO (PARADOR) [VOLTA],31048.6,282.0
903044,,42,-22.81132,-43.251299,2023-07-26 04:43:00,16.0,,ida,42 - GALEÃO X MADUREIRA MANANCEIA (PARADOR) [IDA],29204.2,133.0
903040,,17,-22.907011,-43.571644,2023-07-26 04:42:57,1.3,,ida,17 - SANTA CRUZ X CAMPO GRANDE (PARADOR) [IDA],18460.7,100.0
902044,,46,-22.854354,-43.251985,2023-07-26 04:42:56,0.0,,ida,46 - PENHA X ALVORADA (EXPRESSO) [IDA],31223.4,
903069,,17,-22.915581,-43.626731,2023-07-26 04:42:57,49.2,,volta,17 - CAMPO GRANDE  X SANTA CRUZ (PARADOR) [VOLTA],22404.4,275.0
902040,,46,-23.00134,-43.364842,2023-07-26 04:42:51,0.0,,volta,46 - ALVORADA X PENHA (EXPRESSO) [VOLTA],34097.3,
903053,,17,-22.914198,-43.601236,2023-07-26 04:42:52,15.1,,ida,17 - SANTA CRUZ X CAMPO GRANDE (PARADOR) [IDA],21453.3,88.0
12732,,18,-22.927276,-43.652747,2023-07-26 04:42:54,46.3,,ida,18 - RECREIO SHOPPING X JARDIM OCEÂNICO (EXPRESSO) [IDA],25676.4,230.0
902096,,35,-22.973325,-43.376345,2023-07-26 04:42:54,13.7,,ida,35 - MADUREIRA X ALVORADA (PARADOR) [IDA],14215.9,90.0
902100,,31,-22.876785,-43.329212,2023-07-26 04:42:58,8.4,,ida,31 - VICENTE DE CARVALHO X ALVORADA (SEMIDIRETO) [IDA],13432.0,172.0
902079,,46,-22.854509,-43.251563,2023-07-26 04:43:01,0.0,,ida,46 - PENHA X ALVORADA (EXPRESSO) [IDA],30818.4,
902099,,35,-22.897901,-43.352325,2023-07-26 04:43:01,0.0,,volta,35 - ALVORADA  X  MADUREIRA (PARADOR) [VOLTA],11538.1,35.0
902091,,35,-22.882387,-43.341997,2023-07-26 04:43:01,0.0,,ida,35 - MADUREIRA X ALVORADA (PARADOR) [IDA],14039.7,193.0
903061,,17,-22.918895,-43.60755,2023-07-26 04:42:55,0.0,,ida,17 - SANTA CRUZ X CAMPO GRANDE (PARADOR) [IDA],21481.5,88.0
44706,LRG8855,20,-22.951117,-43.650498,2023-07-26 04:42:55,23.3,,ida,,21868.8,312.0
903065,,17,-22.908239,-43.577874,2023-07-26 04:43:01,37.8,,ida,17 - SANTA CRUZ X CAMPO GRANDE (PARADOR) [IDA],16957.1,46.0
901008,,22,-23.000888,-43.366209,2023-07-26 04:46:51,0.0,,volta,,22782.6,
901011,RIV8A74,22,-23.000892,-43.365017,2023-07-26 04:46:52,0.0,,ida,22 - ALVORADA X J. OCEÂNICO (PARADOR) [IDA],23499.9,
901010,RJM8G30,22,-23.000889,-43.365228,2023-07-26 04:46:46,0.0,,ida,22 - ALVORADA X J. OCEÂNICO (PARADOR) [IDA],22869.3,
901005,RJB8E53,22,-23.000665,-43.364968,2023-07-26 04:38:59,0.0,,ida,22 - ALVORADA X J. OCEÂNICO (PARADOR) [IDA],21636.6,
901004,RJQ8J80,22,-23.001116,-43.366202,2023-07-26 04:46:42,0.0,,volta,,21426.2,211.0
30504,,25,-23.000723,-43.366309,2023-07-26 04:46:46,0.0,,volta,25 - ALVORADA X MATO ALTO (PARADOR) [VOLTA],53625.2,
47031,KYW5240,25,-23.000344,-43.39623,2023-07-26 04:46:48,50.2,,ida,25 - MATO ALTO X ALVORADA (PARADOR) [IDA],50904.1,91.0
30538,KXE7719,20,-23.008582,-43.444694,2023-07-26 04:46:50,42.4,,volta,20 - SALVADOR ALLENDE X SANTA CRUZ (EXPRESSO) [VOLTA],55876.5,255.0
50309,KPN6B05,13,-23.007741,-43.547575,2023-07-26 04:46:48,60.3,,ida,13 - MATO ALTO X ALVORADA (EXPRESSO) [IDA],20072.4,89.0
30532,KYL8599,12,-22.992768,-43.598148,2023-07-26 04:46:44,0.0,,ida,12 - PINGO D'AGUA X ALVORADA (EXPRESSO) [IDA],41752.5,134.0
13423,LSI5976,25,-23.000912,-43.367682,2023-07-26 04:46:51,0.0,,volta,25 - ALVORADA X MATO ALTO (PARADOR) [VOLTA],41101.4,
47030,LSQ5263,20,-22.936191,-43.666959,2023-07-26 04:46:54,27.5,,ida,20 - SANTA CRUZ X SALVADOR ALLENDE (EXPRESSO) [IDA],53766.7,185.0
30519,LRE9804,11,-22.920074,-43.608092,2023-07-26 04:46:41,0.0,,ida,11 - SANTA CRUZ X ALVORADA (PARADOR) [IDA],51494.8,
90005,KWK6A89,10,-22.969441,-43.633137,2023-07-26 04:46:55,56.5,,ida,10 - SANTA CRUZ X ALVORADA (EXPRESSO) [IDA],49825.9,287.0
86875,KQB4103,12,-22.919683,-43.607638,2023-07-26 04:46:50,0.0,,ida,12 - PINGO D'AGUA X ALVORADA (EXPRESSO) [IDA],13012.2,
30518,KYL8597,25,-23.000898,-43.365668,2023-07-26 04:46:54,0.0,,volta,25 - ALVORADA X MATO ALTO (PARADOR) [VOLTA],37110.0,253.0
902090,,35,-22.878494,-43.336334,2023-07-26 04:46:49,0.0,,ida,35 - MADUREIRA X ALVORADA (PARADOR) [IDA],15074.6,
47029,LSQ5267,11,-22.91547,-43.616683,2023-07-26 04:46:43,45.4,,ida,11 - SANTA CRUZ X ALVORADA (PARADOR) [IDA],56956.3,281.0
86885,LTB5540,14,-22.919014,-43.607023,2023-07-26 04:45:40,0.0,,ida,14 - SANTA EUGÊNIA X SALVADOR ALLENDE (EXPRESSO) [IDA],514714.4,
13425,KRL4070,20,-23.00825,-43.442738,2023-07-26 04:42:48,0.0,,volta,,1201.6,
12738,KRR2404,25,-23.004867,-43.559324,2023-07-26 04:46:43,0.0,,ida,25 - MATO ALTO X ALVORADA (PARADOR) [IDA],37388.0,289.0
86886,LTB5541,14,-22.915903,-43.608386,2023-07-26 04:46:48,25.3,,ida,14 - SANTA EUGÊNIA X SALVADOR ALLENDE (EXPRESSO) [IDA],13084.4,259.0
13428,KXE7712,11,-22.919944,-43.607303,2023-07-26 04:46:54,0.0,,ida,11 - SANTA CRUZ X ALVORADA (PARADOR) [IDA],57798.9,
47006,KWZ8630,20,-23.011203,-43.535214,2023-07-26 04:46:03,59.3,,ida,20 - SANTA CRUZ X SALVADOR ALLENDE (EXPRESSO) [IDA],50882.8,99.0
47007,LSP6018,18,-22.920529,-43.607722,2023-07-26 04:46:41,0.0,,ida,18 - RECREIO SHOPPING X JARDIM OCEÂNICO (EXPRESSO) [IDA],42179.7,158.0
13413,KWI9711,12,-22.992922,-43.59812,2023-07-26 04:46:49,0.0,,ida,12 - PINGO D'AGUA X ALVORADA (EXPRESSO) [IDA],43512.1,136.0
901057,,52,-23.00089,-43.364898,2023-07-26 04:46:55,0.0,,volta,52 - SENTIDO V. MILITAR (PARADOR) [VOLTA],51054.4,263.0
901003,RKM8C54,22,-23.00006,-43.357394,2023-07-26 04:46:48,54.6,,ida,22 - ALVORADA X J. OCEÂNICO (PARADOR) [IDA],22821.2,90.0
86874,KQB4102,20,-22.920672,-43.608174,2023-07-26 04:46:54,0.0,,ida,20 - SANTA CRUZ X SALVADOR ALLENDE (EXPRESSO) [IDA],512858.0,
86879,LTN5696,18,-22.959553,-43.650123,2023-07-26 04:46:48,62.7,,ida,18 - RECREIO SHOPPING X JARDIM OCEÂNICO (EXPRESSO) [IDA],1805.6,173.0
47011,LRH8889,0,-22.92081,-43.607933,2023-07-26 04:46:56,0.0,,,,39516.0,
47009,KPZ8430,20,-22.920203,-43.607929,2023-07-26 04:46:44,0.0,,ida,20 - SANTA CRUZ X SALVADOR ALLENDE (EXPRESSO) [IDA],54120.5,170.0
50301,KPP5B70,25,-23.000156,-43.36814,2023-07-26 04:46:44,30.0,,volta,25 - ALVORADA X MATO ALTO (PARADOR) [VOLTA],3942.2,273.0
44713,KPZ3559,20,-22.920674,-43.607885,2023-07-26 04:46:54,0.0,,ida,20 - SANTA CRUZ X SALVADOR ALLENDE (EXPRESSO) [IDA],29573.1,
13401,KQO7822,19,-22.993817,-43.597418,2023-07-26 04:46:56,0.0,,ida,19 - PINGO D'AGUA X SALVADOR ALLENDE (EXPRESSO) [IDA],53631.0,135.0
27174,KQP5437,20,-22.965944,-43.646868,2023-07-26 04:46:19,21.9,,ida,20 - SANTA CRUZ X SALVADOR ALLENDE (EXPRESSO) [IDA],18866.8,84.0
47026,KYA7928,10,-22.920584,-43.608013,2023-07-26 04:46:51,0.0,,ida,10 - SANTA CRUZ X ALVORADA (EXPRESSO) [IDA],32900.199,
86889,KRQ6878,10,-23.000893,-43.367123,2023-07-26 04:46:38,0.0,,volta,10 - ALVORADA X SANTA CRUZ (EXPRESSO) [VOLTA],514962.4,
27209,LSL9B07,18,-22.993026,-43.597957,2023-07-26 04:46:51,0.0,,ida,18 - RECREIO SHOPPING X JARDIM OCEÂNICO (EXPRESSO) [IDA],10074.7,
30511,KPV2250,13,-23.000902,-43.367647,2023-07-26 04:46:52,0.0,,volta,13 - ALVORADA X  MATO ALTO (EXPRESSO) [VOLTA],49435.4,
13427,KXE7711,0,-22.918413,-43.607094,2023-07-26 04:46:37,0.0,,,,51855.2,
12725,LMJ1327,25,-23.010814,-43.452935,2023-07-26 04:46:48,7.5,,volta,25 - ALVORADA X MATO ALTO (PARADOR) [VOLTA],39245.4,255.0
13404,KQO7823,20,-22.968926,-43.622982,2023-07-26 04:46:44,32.6,,ida,20 - SANTA CRUZ X SALVADOR ALLENDE (EXPRESSO) [IDA],56086.9,82.0
47022,KRM7701,10,-23.000194,-43.375316,2023-07-26 04:46:49,57.0,,volta,10 - ALVORADA X SANTA CRUZ (EXPRESSO) [VOLTA],12934.0,269.0
13422,LSI5978,20,-22.91681,-43.683487,2023-07-26 04:46:51,0.0,,ida,20 - SANTA CRUZ X SALVADOR ALLENDE (EXPRESSO) [IDA],40372.1,
13402,LTL5480,12,-22.920248,-43.607763,2023-07-26 04:46:36,0.0,,ida,12 - PINGO D'AGUA X ALVORADA (EXPRESSO) [IDA],43258.9,
12730,LSO8993,19,-23.014265,-43.465813,2023-07-26 04:46:46,47.6,,ida,19 - PINGO D'AGUA X SALVADOR ALLENDE (EXPRESSO) [IDA],9241.7,75.0
86872,LSH7386,20,-22.971083,-43.615338,2023-07-26 04:46:49,59.9,,ida,20 - SANTA CRUZ X SALVADOR ALLENDE (EXPRESSO) [IDA],22413.5,137.0
47017,LRS2841,20,-22.918145,-43.682943,2023-07-26 04:46:43,0.0,,ida,20 - SANTA CRUZ X SALVADOR ALLENDE (EXPRESSO) [IDA],47894.7,325.0
30509,KYM4574,13,-23.000914,-43.417012,2023-07-26 04:46:54,44.7,,ida,13 - MATO ALTO X ALVORADA (EXPRESSO) [IDA],53037.7,76.0
12710,KRO9724,20,-22.91867,-43.639735,2023-07-26 04:46:38,48.7,,ida,20 - SANTA CRUZ X SALVADOR ALLENDE (EXPRESSO) [IDA],38366.6,234.0
12720,KXD9430,20,-23.00876,-43.541181,2023-07-26 04:46:38,55.0,,ida,20 - SANTA CRUZ X SALVADOR ALLENDE (EXPRESSO) [IDA],21753.7,126.0
12712,LSN8501,19,-22.9201,-43.608023,2023-07-26 04:46:52,0.0,,ida,19 - PINGO D'AGUA X SALVADOR ALLENDE (EXPRESSO) [IDA],31093.7,173.0
30521,LRC6594,25,-22.919603,-43.607138,2023-07-26 04:46:54,0.0,,ida,25 - MATO ALTO X ALVORADA (PARADOR) [IDA],34815.0,
12739,LMJ4F12,20,-22.938891,-43.666503,2023-07-26 04:46:42,30.9,,ida,20 - SANTA CRUZ X SALVADOR ALLENDE (EXPRESSO) [IDA],23717.7,164.0
47010,KPZ8363,25,-22.992809,-43.598098,2023-07-26 04:24:54,0.0,,ida,,42570.7,183.0
90006,LRH6D12,20,-22.995708,-43.594158,2023-07-26 04:46:54,30.2,,volta,20 - SALVADOR ALLENDE X SANTA CRUZ (EXPRESSO) [VOLTA],29695.6,314.0
30531,LRC6592,19,-23.010799,-43.453363,2023-07-26 04:46:43,28.0,,volta,19 - SALVADOR ALLENDE X PINGO D'AGUA (EXPRESSO) [VOLTA],40586.2,255.0
30524,LRC6601,10,-22.992618,-43.598327,2023-07-26 04:46:40,3.1,,ida,10 - SANTA CRUZ X ALVORADA (EXPRESSO) [IDA],29221.7,134.0
13415,KQK7905,25,-23.01742,-43.478092,2023-07-26 04:46:54,55.9,,ida,25 - MATO ALTO X ALVORADA (PARADOR) [IDA],45122.4,75.0
901002,,22,-23.001844,-43.327749,2023-07-26 04:46:43,26.3,,ida,22 - ALVORADA X J. OCEÂNICO (PARADOR) [IDA],17398.6,113.0
B13,KYM5979,14,-23.010689,-43.452781,2023-07-26 04:46:44,11.7,,volta,14 - SALVADOR ALLENDE x SANTA EUGÊNIA (EXPRESSO) [VOLTA],1156.8,253.0
B20,LMH6141,14,-22.945438,-43.658111,2023-07-26 04:46:43,56.3,,ida,14 - SANTA EUGÊNIA X SALVADOR ALLENDE (EXPRESSO) [IDA],1144.6,106.0
B19,KZJ7238,14,-22.945695,-43.639935,2023-07-26 04:46:31,48.0,,ida,14 - SANTA EUGÊNIA X SALVADOR ALLENDE (EXPRESSO) [IDA],104988.8,
B14,KRK9519,14,-23.013391,-43.462286,2023-07-26 04:46:38,27.5,,ida,14 - SANTA EUGÊNIA X SALVADOR ALLENDE (EXPRESSO) [IDA],1164.1,75.0
B11,KRK9516,14,-22.961173,-43.648055,2023-07-26 04:46:39,0.0,,ida,14 - SANTA EUGÊNIA X SALVADOR ALLENDE (EXPRESSO) [IDA],1213.5,
B24,LSO7028,14,-22.916644,-43.632974,2023-07-26 04:46:39,0.0,,ida,14 - SANTA EUGÊNIA X SALVADOR ALLENDE (EXPRESSO) [IDA],1182.5,328.0
B25,,14,-22.916549,-43.631685,2023-07-26 04:46:53,0.0,,ida,14 - SANTA EUGÊNIA X SALVADOR ALLENDE (EXPRESSO) [IDA],1102.0,243.0
B28,KQP5E29,14,-22.917431,-43.628827,2023-07-26 04:46:54,15.9,,ida,14 - SANTA EUGÊNIA X SALVADOR ALLENDE (EXPRESSO) [IDA],1141.3,215.0
B40,,14,-22.961143,-43.648064,2023-07-26 04:46:41,0.0,,ida,14 - SANTA EUGÊNIA X SALVADOR ALLENDE (EXPRESSO) [IDA],743.1,
901001,RJD7J89,22,-23.006606,-43.311763,2023-07-26 04:46:56,16.1,,volta,22 - J. OCEÂNICO X ALVORADA (PARADOR) [VOLTA],17335.9,284.0
B47,,14,-22.961183,-43.648184,2023-07-26 04:46:46,0.0,,ida,14 - SANTA EUGÊNIA X SALVADOR ALLENDE (EXPRESSO) [IDA],1171.7,
B048,,14,-22.916473,-43.631491,2023-07-26 04:46:49,0.0,,ida,14 - SANTA EUGÊNIA X SALVADOR ALLENDE (EXPRESSO) [IDA],1167.9,258.0
B49,,14,-22.916598,-43.631728,2023-07-26 04:46:53,0.0,,ida,14 - SANTA EUGÊNIA X SALVADOR ALLENDE (EXPRESSO) [IDA],1134.3,255.0
B55,,14,-22.965953,-43.647128,2023-07-26 04:45:25,29.3,,ida,14 - SANTA EUGÊNIA X SALVADOR ALLENDE (EXPRESSO) [IDA],1130.7,85.0
B53,,14,-22.916515,-43.631126,2023-07-26 04:46:47,0.0,,ida,14 - SANTA EUGÊNIA X SALVADOR ALLENDE (EXPRESSO) [IDA],1195.7,264.0
B51,,14,-23.004661,-43.561599,2023-07-26 04:44:40,58.0,,ida,14 - SANTA EUGÊNIA X SALVADOR ALLENDE (EXPRESSO) [IDA],1212.9,105.0
902119,,35,-23.000195,-43.368726,2023-07-26 04:46:51,20.7,,volta,35 - ALVORADA  X  MADUREIRA (PARADOR) [VOLTA],7678.6,4.0
901058,,51,-23.00847,-43.439952,2023-07-26 04:46:45,0.0,,volta,51 - SENTIDO V. MILITAR (PARADOR) [VOLTA],44185.9,81.0
903027,,50,-22.971855,-43.401157,2023-07-26 04:46:32,0.0,,ida,50 - SENTIDO JD. OCEANICO (PARADOR) [IDA],49611.5,191.0
901066,,52,-22.984149,-43.365753,2023-07-26 04:46:40,23.6,,ida,52 - SENTIDO ALVORADA (PARADOR) [IDA],50000.9,182.0
903026,,50,-22.972817,-43.402358,2023-07-26 04:46:54,25.2,,ida,50 - SENTIDO JD. OCEANICO (PARADOR) [IDA],48947.4,119.0
903029,,50,-22.922453,-43.372331,2023-07-26 04:46:41,38.7,,ida,50 - SENTIDO JD. OCEANICO (PARADOR) [IDA],33504.6,238.0
902116,,35,-22.968336,-43.39084,2023-07-26 04:46:42,30.4,,ida,35 - MADUREIRA X ALVORADA (PARADOR) [IDA],11171.2,189.0
902115,,35,-23.001052,-43.368011,2023-07-26 04:46:54,0.0,,volta,35 - ALVORADA  X  MADUREIRA (PARADOR) [VOLTA],14861.1,
901061,,51,-23.004607,-43.434846,2023-07-26 04:46:38,58.6,,volta,51 - SENTIDO V. MILITAR (PARADOR) [VOLTA],43292.6,45.0
903030,,50,-22.876836,-43.329706,2023-07-26 04:46:47,0.0,,ida,50 - SENTIDO JD. OCEANICO (PARADOR) [IDA],40951.9,
901073,,52,-22.861358,-43.39915,2023-07-26 04:46:39,0.0,,ida,52 - SENTIDO ALVORADA (PARADOR) [IDA],41849.6,
901048,,51,-22.862292,-43.400703,2023-07-26 04:46:53,0.0,,ida,51 - SENTIDO RECREIO (PARADOR) [IDA],26329.4,239.0
901075,,0,-22.878762,-43.400714,2023-07-26 04:46:50,57.4,,,,48998.8,317.0
903055,,17,-22.917178,-43.607063,2023-07-26 04:46:42,25.0,,ida,17 - SANTA CRUZ X CAMPO GRANDE (PARADOR) [IDA],18899.7,3.0
903037,,17,-22.918509,-43.682754,2023-07-26 04:46:47,0.1,,ida,17 - SANTA CRUZ X CAMPO GRANDE (PARADOR) [IDA],20701.9,328.0
903002,,42,-22.841386,-43.279734,2023-07-26 04:46:55,35.2,,ida,42 - GALEÃO X MADUREIRA MANANCEIA (PARADOR) [IDA],6963.7,302.0
902110,,35,-23.000642,-43.365998,2023-07-26 04:45:01,0.0,,volta,35 - ALVORADA  X  MADUREIRA (PARADOR) [VOLTA],8828.1,
902114,,35,-22.958443,-43.38252,2023-07-26 04:46:43,24.0,,volta,35 - ALVORADA  X  MADUREIRA (PARADOR) [VOLTA],8967.1,80.0
903021,,42,-22.839788,-43.239499,2023-07-26 04:40:53,0.0,,ida,,34620.6,143.0
903056,,17,-22.916083,-43.6144,2023-07-26 04:46:38,56.9,,volta,17 - CAMPO GRANDE  X SANTA CRUZ (PARADOR) [VOLTA],14646.6,285.0
903000,,50,-22.999948,-43.359626,2023-07-26 04:46:43,3.5,,ida,50 - SENTIDO JD. OCEANICO (PARADOR) [IDA],31879.4,66.0
903058,,17,-22.911229,-43.589529,2023-07-26 04:46:54,29.5,,volta,17 - CAMPO GRANDE  X SANTA CRUZ (PARADOR) [VOLTA],9161.9,247.0
901072,,51,-22.861659,-43.39985,2023-07-26 04:46:38,0.0,,ida,51 - SENTIDO RECREIO (PARADOR) [IDA],38616.3,
902045,,31,-22.859226,-43.329512,2023-07-26 04:46:39,55.0,,ida,31 - VICENTE DE CARVALHO X ALVORADA (SEMIDIRETO) [IDA],6824.7,10.0
903007,,50,-23.002177,-43.327046,2023-07-26 04:46:49,30.4,,ida,50 - SENTIDO JD. OCEANICO (PARADOR) [IDA],41352.8,114.0
903004,,42,-22.813664,-43.24488,2023-07-26 04:46:50,35.2,,ida,42 - GALEÃO X MADUREIRA MANANCEIA (PARADOR) [IDA],39188.4,301.0
903005,,42,-22.839369,-43.239948,2023-07-26 04:46:42,0.0,,ida,42 - GALEÃO X MADUREIRA MANANCEIA (PARADOR) [IDA],38822.6,145.0
903022,,50,-23.006607,-43.312537,2023-07-26 04:46:42,0.0,,volta,50 - SENTIDO T. OLIMPICO (PARADOR) [VOLTA],37728.2,276.0
903035,,17,-22.930709,-43.67361,2023-07-26 04:46:42,0.0,,volta,17 - CAMPO GRANDE  X SANTA CRUZ (PARADOR) [VOLTA],19567.9,315.0
901059,,51,-23.008723,-43.440856,2023-07-26 04:46:41,22.5,,volta,51 - SENTIDO V. MILITAR (PARADOR) [VOLTA],48353.8,64.0
903003,,42,-22.856522,-43.328453,2023-07-26 04:46:46,0.0,,ida,42 - GALEÃO X MADUREIRA MANANCEIA (PARADOR) [IDA],41704.0,255.0
901024,,22,-23.006487,-43.312982,2023-07-26 04:46:54,0.0,,volta,22 - J. OCEÂNICO X ALVORADA (PARADOR) [VOLTA],20655.9,255.0
901025,,46,-22.912037,-43.400876,2023-07-26 04:42:48,53.0,,ida,46 - PENHA X ALVORADA (EXPRESSO) [IDA],40704.4,350.0
901027,,41,-22.96811,-43.39819,2023-07-26 04:46:52,53.4,,volta,41 - TERMINAL RECREIO X PAULO DA PORTELA (EXPRESSO) [VOLTA],25972.2,41.0
901028,,40,-22.878411,-43.336317,2023-07-26 04:46:51,0.0,,ida,40 - PAULO DA PORTELA X ALVORADA (EXPRESSO) [IDA],23773.8,359.0
901030,,35,-22.941461,-43.372515,2023-07-26 04:46:41,38.7,,ida,35 - MADUREIRA X ALVORADA (PARADOR) [IDA],21827.4,346.0
901032,,52,-22.938585,-43.372238,2023-07-26 04:46:38,33.7,,ida,52 - SENTIDO ALVORADA (PARADOR) [IDA],25287.5,3.0
901034,,0,-22.965681,-43.391275,2023-07-26 04:46:44,0.0,,,,27513.1,
901036,,52,-22.964481,-43.392003,2023-07-26 04:46:52,0.0,,ida,52 - SENTIDO ALVORADA (PARADOR) [IDA],22805.5,
903009,,42,-22.839865,-43.239376,2023-07-26 04:46:47,0.0,,ida,42 - GALEÃO X MADUREIRA MANANCEIA (PARADOR) [IDA],47178.3,142.0
903010,,42,-22.853683,-43.248276,2023-07-26 04:46:56,17.0,,volta,42 - MADUREIRA MANANCEIA X GALEAO (PARADOR) [VOLTA],43688.7,54.0
903011,,42,-22.877916,-43.336482,2023-07-26 04:46:39,0.0,,volta,42 - MADUREIRA MANANCEIA X GALEAO (PARADOR) [VOLTA],45330.4,29.0
903012,,42,-22.854114,-43.249418,2023-07-26 04:46:53,35.4,,ida,42 - GALEÃO X MADUREIRA MANANCEIA (PARADOR) [IDA],47946.6,245.0
903015,,42,-22.841854,-43.275829,2023-07-26 04:46:56,40.3,,volta,42 - MADUREIRA MANANCEIA X GALEAO (PARADOR) [VOLTA],47859.4,74.0
903016,,42,-22.857816,-43.329297,2023-07-26 04:46:45,41.3,,volta,42 - MADUREIRA MANANCEIA X GALEAO (PARADOR) [VOLTA],42524.5,9.0
903017,,50,-22.972417,-43.401085,2023-07-26 04:46:47,0.0,,ida,50 - SENTIDO JD. OCEANICO (PARADOR) [IDA],44900.2,180.0
903018,,38,-22.852279,-43.315756,2023-07-26 04:46:46,28.5,,ida,38 - FUNDÃO X ALVORADA (PARADOR) [IDA],11275.4,262.0
903020,,50,-22.972564,-43.400327,2023-07-26 04:46:47,36.8,,volta,50 - SENTIDO T. OLIMPICO (PARADOR) [VOLTA],43839.1,314.0
903024,,38,-22.882215,-43.33345,2023-07-26 04:46:53,53.3,,volta,38 - ALVORADA X FUNDÃO (PARADOR) [VOLTA],38020.5,81.0
903025,,50,-22.984761,-43.365874,2023-07-26 04:46:42,29.5,,ida,50 - SENTIDO JD. OCEANICO (PARADOR) [IDA],39451.2,187.0
903013,,42,-22.838971,-43.240126,2023-07-26 04:46:57,29.3,,ida,42 - GALEÃO X MADUREIRA MANANCEIA (PARADOR) [IDA],44471.0,134.0
903014,,38,-22.876613,-43.329829,2023-07-26 04:46:45,0.0,,ida,38 - FUNDÃO X ALVORADA (PARADOR) [IDA],51723.2,351.0
901060,,51,-22.941391,-43.394642,2023-07-26 04:46:56,19.5,,ida,51 - SENTIDO RECREIO (PARADOR) [IDA],24773.9,180.0
903063,,17,-22.920256,-43.608118,2023-07-26 04:46:47,0.0,,ida,17 - SANTA CRUZ X CAMPO GRANDE (PARADOR) [IDA],21497.7,135.0
901000,,22,-23.000337,-43.337733,2023-07-26 04:46:35,49.6,,volta,22 - J. OCEÂNICO X ALVORADA (PARADOR) [VOLTA],30199.2,274.0
902113,,31,-22.876554,-43.329936,2023-07-26 04:46:46,0.0,,ida,31 - VICENTE DE CARVALHO X ALVORADA (SEMIDIRETO) [IDA],8847.6,
902117,,31,-22.852057,-43.311854,2023-07-26 04:46:37,20.3,,ida,31 - VICENTE DE CARVALHO X ALVORADA (SEMIDIRETO) [IDA],10240.0,54.0
901044,,46,-22.878636,-43.336303,2023-07-26 04:46:49,0.0,,ida,46 - PENHA X ALVORADA (EXPRESSO) [IDA],29594.6,
903033,,42,-22.839726,-43.239581,2023-07-26 04:46:45,0.0,,ida,,36567.0,132.0
902020,,46,-22.879075,-43.339579,2023-07-26 04:46:51,54.8,,volta,46 - ALVORADA X PENHA (EXPRESSO) [VOLTA],31630.5,89.0
902022,,46,-22.852689,-43.312695,2023-07-26 04:46:55,21.7,,volta,46 - ALVORADA X PENHA (EXPRESSO) [VOLTA],30777.5,51.0
901093,,22,-22.969617,-43.390523,2023-07-26 04:46:47,40.3,,ida,,27782.5,143.0
902059,,41,-22.886884,-43.34469,2023-07-26 04:46:49,40.8,,volta,41 - TERMINAL RECREIO X PAULO DA PORTELA (EXPRESSO) [VOLTA],35704.9,220.0
902056,,46,-22.916608,-43.362176,2023-07-26 04:46:44,0.1,,volta,46 - ALVORADA X PENHA (EXPRESSO) [VOLTA],34630.6,54.0
901091,,40,-22.853504,-43.386659,2023-07-26 04:46:53,40.4,,ida,40 - PAULO DA PORTELA X ALVORADA (EXPRESSO) [IDA],31117.6,53.0
902032,,46,-22.938438,-43.372245,2023-07-26 04:46:44,47.6,,ida,46 - PENHA X ALVORADA (EXPRESSO) [IDA],36284.0,183.0
902027,,46,-22.843826,-43.269275,2023-07-26 04:46:50,42.4,,ida,46 - PENHA X ALVORADA (EXPRESSO) [IDA],32862.1,322.0
902028,,46,-22.973335,-43.371242,2023-07-26 04:46:54,17.1,,volta,46 - ALVORADA X PENHA (EXPRESSO) [VOLTA],37580.2,270.0
902018,,40,-22.936353,-43.371645,2023-07-26 04:46:39,0.0,,ida,40 - PAULO DA PORTELA X ALVORADA (EXPRESSO) [IDA],23630.7,18.0
12715,,10,-23.015335,-43.522814,2023-07-26 04:46:04,54.1,,volta,10 - ALVORADA X SANTA CRUZ (EXPRESSO) [VOLTA],42366.1,277.0
901062,,51,-22.888922,-43.40094,2023-07-26 04:46:43,54.3,,ida,51 - SENTIDO RECREIO (PARADOR) [IDA],46920.7,175.0
901067,,52,-22.971599,-43.401535,2023-07-26 04:46:48,41.8,,ida,52 - SENTIDO ALVORADA (PARADOR) [IDA],41759.1,219.0
E902004,,41,-22.854777,-43.252044,2023-07-26 04:46:41,0.0,,volta,41 - TERMINAL RECREIO X PAULO DA PORTELA (EXPRESSO) [VOLTA],13269.1,
12713,,18,-23.019222,-43.505653,2023-07-26 04:46:56,0.0,,ida,18 - RECREIO SHOPPING X JARDIM OCEÂNICO (EXPRESSO) [IDA],35248.3,
902062,,46,-22.942958,-43.372293,2023-07-26 04:46:43,58.0,,volta,46 - ALVORADA X PENHA (EXPRESSO) [VOLTA],33278.4,354.0
902048,,46,-23.000981,-43.367505,2023-07-26 04:46:42,0.0,,volta,46 - ALVORADA X PENHA (EXPRESSO) [VOLTA],23958.0,
902058,,46,-22.854895,-43.251932,2023-07-26 04:46:55,0.0,,ida,46 - PENHA X ALVORADA (EXPRESSO) [IDA],34575.0,
901068,,51,-22.980272,-43.409093,2023-07-26 04:46:57,52.5,,ida,51 - SENTIDO RECREIO (PARADOR) [IDA],50816.5,215.0
902003,,41,-22.854297,-43.25196,2023-07-26 04:46:38,0.0,,volta,41 - TERMINAL RECREIO X PAULO DA PORTELA (EXPRESSO) [VOLTA],17394.1,
902102,,35,-22.879128,-43.339408,2023-07-26 04:46:41,40.1,,ida,35 - MADUREIRA X ALVORADA (PARADOR) [IDA],12380.2,89.0
901082,,53,-22.959799,-43.391938,2023-07-26 04:46:45,45.8,,ida,53 - SENTIDO ALVORADA (EXPRESSO) [IDA],47064.6,330.0
902066,,46,-22.85513,-43.252116,2023-07-26 04:46:43,0.0,,ida,46 - PENHA X ALVORADA (EXPRESSO) [IDA],31314.0,
902050,,43,-22.940386,-43.372464,2023-07-26 04:46:56,0.0,,volta,43 - SANTA EFIGENIA X FUNDÃO (EXPRESSO) [VOLTA],31262.3,
12716,,20,-22.924173,-43.679179,2023-07-26 04:46:43,20.1,,ida,20 - SANTA CRUZ X SALVADOR ALLENDE (EXPRESSO) [IDA],45561.5,358.0
902063,,46,-22.973182,-43.385618,2023-07-26 04:46:49,29.6,,ida,46 - PENHA X ALVORADA (EXPRESSO) [IDA],33261.1,124.0
902017,,31,-22.964735,-43.391501,2023-07-26 04:46:38,0.0,,ida,31 - VICENTE DE CARVALHO X ALVORADA (SEMIDIRETO) [IDA],23870.5,
902060,,41,-22.854832,-43.251753,2023-07-26 04:46:42,0.0,,volta,41 - TERMINAL RECREIO X PAULO DA PORTELA (EXPRESSO) [VOLTA],30130.1,
902008,,46,-22.964851,-43.392125,2023-07-26 04:46:43,0.0,,ida,46 - PENHA X ALVORADA (EXPRESSO) [IDA],10524.7,19.0
902047,,46,-22.854759,-43.251773,2023-07-26 04:46:55,0.0,,ida,46 - PENHA X ALVORADA (EXPRESSO) [IDA],23962.0,
902051,,46,-22.841298,-43.276351,2023-07-26 04:46:40,0.0,,ida,46 - PENHA X ALVORADA (EXPRESSO) [IDA],32986.5,
902067,,46,-22.856787,-43.329188,2023-07-26 04:46:44,30.1,,ida,46 - PENHA X ALVORADA (EXPRESSO) [IDA],34082.9,215.0
901098,,51,-22.945431,-43.394136,2023-07-26 04:46:54,57.9,,volta,51 - SENTIDO V. MILITAR (PARADOR) [VOLTA],27280.2,344.0
901055,,51,-22.886633,-43.400773,2023-07-26 04:46:51,48.6,,volta,51 - SENTIDO V. MILITAR (PARADOR) [VOLTA],46650.3,9.0
901076,,52,-22.925527,-43.397343,2023-07-26 04:46:39,26.0,,ida,52 - SENTIDO ALVORADA (PARADOR) [IDA],31262.5,331.0
901070,,52,-22.868179,-43.413374,2023-07-26 04:46:37,5.1,,ida,52 - SENTIDO ALVORADA (PARADOR) [IDA],40477.9,235.0
902080,,46,-22.837771,-43.286865,2023-07-26 04:46:45,43.1,,ida,46 - PENHA X ALVORADA (EXPRESSO) [IDA],34342.2,271.0
901081,,51,-22.888029,-43.400941,2023-07-26 04:46:37,52.4,,volta,51 - SENTIDO V. MILITAR (PARADOR) [VOLTA],41800.1,
902065,,43,-22.839459,-43.239775,2023-07-26 04:46:43,0.0,,ida,43 - FUNDÃO X SANTA EFIGENIA (EXPRESSO) [IDA],35358.4,
901069,,52,-22.899172,-43.397692,2023-07-26 04:43:34,53.2,,ida,52 - SENTIDO ALVORADA (PARADOR) [IDA],37726.2,160.0
901074,,52,-22.857392,-43.39119,2023-07-26 04:46:39,43.6,,ida,52 - SENTIDO ALVORADA (PARADOR) [IDA],39511.1,59.0
902030,,31,-22.852586,-43.312888,2023-07-26 04:46:38,0.0,,ida,31 - VICENTE DE CARVALHO X ALVORADA (SEMIDIRETO) [IDA],11293.5,
902071,,46,-23.000879,-43.365513,2023-07-26 04:46:54,22.0,,volta,46 - ALVORADA X PENHA (EXPRESSO) [VOLTA],35937.5,294.0
902064,,43,-22.85444,-43.250964,2023-07-26 04:46:44,0.0,,ida,43 - FUNDÃO X SANTA EFIGENIA (EXPRESSO) [IDA],0.0,
902070,,46,-22.885133,-43.343146,2023-07-26 04:46:55,43.5,,ida,46 - PENHA X ALVORADA (EXPRESSO) [IDA],36280.7,216.0
901083,,53,-22.973033,-43.393452,2023-07-26 04:46:44,59.6,,ida,53 - SENTIDO ALVORADA (EXPRESSO) [IDA],49413.4,271.0
E902001,,41,-22.854608,-43.251273,2023-07-26 04:46:46,0.0,,volta,41 - TERMINAL RECREIO X PAULO DA PORTELA (EXPRESSO) [VOLTA],20869.6,
E902006,,40,-22.958381,-43.382027,2023-07-26 04:46:54,34.8,,ida,40 - PAULO DA PORTELA X ALVORADA (EXPRESSO) [IDA],19294.1,76.0
E902011,,40,-22.965675,-43.390938,2023-07-26 04:46:55,30.3,,ida,40 - PAULO DA PORTELA X ALVORADA (EXPRESSO) [IDA],8589.8,63.0
902002,,41,-22.854487,-43.251668,2023-07-26 04:46:48,0.0,,volta,41 - TERMINAL RECREIO X PAULO DA PORTELA (EXPRESSO) [VOLTA],19822.8,
902069,,41,-22.877496,-43.336957,2023-07-26 04:46:44,0.0,,ida,41 - PAULO DA PORTELA X TERMINAL RECREIO (EXPRESSO) [IDA],32579.4,
902094,,35,-22.973295,-43.377287,2023-07-26 04:46:55,29.5,,volta,35 - ALVORADA  X  MADUREIRA (PARADOR) [VOLTA],9079.7,268.0
903068,,17,-22.916948,-43.63463,2023-07-26 04:46:43,51.5,,ida,17 - SANTA CRUZ X CAMPO GRANDE (PARADOR) [IDA],20725.9,89.0
902075,,31,-22.876388,-43.329894,2023-07-26 04:46:45,0.0,,ida,31 - VICENTE DE CARVALHO X ALVORADA (SEMIDIRETO) [IDA],14095.4,
902082,,35,-22.878391,-43.336329,2023-07-26 04:46:42,0.0,,ida,35 - MADUREIRA X ALVORADA (PARADOR) [IDA],10860.9,
903062,,17,-22.918689,-43.682632,2023-07-26 04:46:37,0.0,,ida,17 - SANTA CRUZ X CAMPO GRANDE (PARADOR) [IDA],20181.8,324.0
902089,,35,-22.935718,-43.371693,2023-07-26 04:46:37,0.0,,ida,35 - MADUREIRA X ALVORADA (PARADOR) [IDA],9762.8,159.0
903041,,50,-22.876574,-43.329502,2023-07-26 04:46:51,0.0,,ida,50 - SENTIDO JD. OCEANICO (PARADOR) [IDA],27433.7,
903051,,50,-23.001003,-43.368414,2023-07-26 04:46:53,22.6,,volta,50 - SENTIDO T. OLIMPICO (PARADOR) [VOLTA],31051.0,135.0
902055,,46,-22.854629,-43.254661,2023-07-26 04:46:50,28.4,,ida,46 - PENHA X ALVORADA (EXPRESSO) [IDA],11.5,227.0
903044,,42,-22.829084,-43.235309,2023-07-26 04:46:49,57.9,,ida,42 - GALEÃO X MADUREIRA MANANCEIA (PARADOR) [IDA],29207.6,212.0
903039,,17,-22.915974,-43.683931,2023-07-26 04:46:54,10.7,,ida,17 - SANTA CRUZ X CAMPO GRANDE (PARADOR) [IDA],18360.4,306.0
902074,,31,-22.876458,-43.3296,2023-07-26 04:46:50,0.0,,ida,31 - VICENTE DE CARVALHO X ALVORADA (SEMIDIRETO) [IDA],9765.9,
903040,,17,-22.907137,-43.570247,2023-07-26 04:43:17,38.4,,ida,17 - SANTA CRUZ X CAMPO GRANDE (PARADOR) [IDA],18460.9,84.0
902044,,46,-22.854354,-43.251985,2023-07-26 04:46:49,0.0,,ida,46 - PENHA X ALVORADA (EXPRESSO) [IDA],31223.4,
903064,,50,-22.973412,-43.365578,2023-07-26 04:46:51,23.8,,volta,50 - SENTIDO T. OLIMPICO (PARADOR) [VOLTA],22132.8,250.0
903069,,17,-22.916352,-43.632904,2023-07-26 04:46:37,0.0,,volta,17 - CAMPO GRANDE  X SANTA CRUZ (PARADOR) [VOLTA],22405.1,326.0
902042,,46,-23.00069,-43.367354,2023-07-26 04:46:46,0.0,,volta,46 - ALVORADA X PENHA (EXPRESSO) [VOLTA],31912.1,
902040,,46,-23.000943,-43.364314,2023-07-26 04:46:51,15.9,,volta,46 - ALVORADA X PENHA (EXPRESSO) [VOLTA],34097.4,288.0
903049,,17,-22.931693,-43.657219,2023-07-26 04:46:51,1.4,,ida,17 - SANTA CRUZ X CAMPO GRANDE (PARADOR) [IDA],23312.6,47.0
903053,,17,-22.910674,-43.583611,2023-07-26 04:46:52,25.2,,ida,17 - SANTA CRUZ X CAMPO GRANDE (PARADOR) [IDA],21455.2,65.0
12732,,18,-22.938807,-43.666534,2023-07-26 04:46:54,38.4,,ida,18 - RECREIO SHOPPING X JARDIM OCEÂNICO (EXPRESSO) [IDA],25678.5,165.0
902096,,35,-22.982816,-43.365816,2023-07-26 04:46:53,56.6,,ida,35 - MADUREIRA X ALVORADA (PARADOR) [IDA],14218.3,181.0
902100,,31,-22.879885,-43.34186,2023-07-26 04:46:48,45.2,,ida,31 - VICENTE DE CARVALHO X ALVORADA (SEMIDIRETO) [IDA],13434.0,192.0
903059,,17,-22.918988,-43.607752,2023-07-26 04:46:46,0.0,,ida,17 - SANTA CRUZ X CAMPO GRANDE (PARADOR) [IDA],18740.5,40.0
902079,,46,-22.854509,-43.251563,2023-07-26 04:46:40,0.0,,ida,46 - PENHA X ALVORADA (EXPRESSO) [IDA],30818.4,
903066,,17,-22.918769,-43.682591,2023-07-26 04:46:43,0.0,,ida,17 - SANTA CRUZ X CAMPO GRANDE (PARADOR) [IDA],24875.0,325.0
902099,,35,-22.879173,-43.341172,2023-07-26 04:46:56,47.0,,volta,35 - ALVORADA  X  MADUREIRA (PARADOR) [VOLTA],11540.5,61.0
902091,,35,-22.895264,-43.350127,2023-07-26 04:46:42,44.9,,ida,35 - MADUREIRA X ALVORADA (PARADOR) [IDA],14041.4,213.0
903061,,17,-22.918879,-43.607534,2023-07-26 04:46:55,0.0,,ida,17 - SANTA CRUZ X CAMPO GRANDE (PARADOR) [IDA],21481.5,88.0
44706,LRG8855,20,-22.939335,-43.666253,2023-07-26 04:46:55,37.9,,ida,,21870.9,334.0
901008,,22,-23.000963,-43.366248,2023-07-26 04:53:51,0.0,,volta,,22782.6,
901012,,40,-23.00085,-43.365943,2023-07-26 03:56:40,0.0,,volta,40 - ALVORADA X PAULO DA PORTELA (EXPRESSO) [VOLTA],21293.4,
901007,,22,-23.000648,-43.365694,2023-07-26 04:24:50,0.0,,volta,,21817.6,104.0
901009,,22,-23.000921,-43.366528,2023-07-26 04:53:47,0.0,,volta,,20864.5,
901010,RJM8G30,22,-23.000915,-43.36525,2023-07-26 04:53:47,0.0,,ida,22 - ALVORADA X J. OCEÂNICO (PARADOR) [IDA],22869.3,
901017,,22,-23.000976,-43.365936,2023-07-25 23:02:24,0.0,,ida,22 - ALVORADA X J. OCEÂNICO (PARADOR) [IDA],25122.4,
901005,RJB8E53,22,-23.000743,-43.366251,2023-07-26 04:53:46,0.0,,ida,22 - ALVORADA X J. OCEÂNICO (PARADOR) [IDA],21637.0,326.0
901004,RJQ8J80,22,-23.000264,-43.345934,2023-07-26 04:53:43,27.4,,ida,22 - ALVORADA X J. OCEÂNICO (PARADOR) [IDA],21428.8,92.0
30504,,25,-23.000694,-43.366283,2023-07-26 04:53:46,0.0,,volta,25 - ALVORADA X MATO ALTO (PARADOR) [VOLTA],53625.2,
47031,KYW5240,25,-23.001018,-43.366728,2023-07-26 04:53:47,30.6,,volta,25 - ALVORADA X MATO ALTO (PARADOR) [VOLTA],50907.8,269.0
30538,KXE7719,20,-23.019132,-43.485741,2023-07-26 04:53:49,4.0,,volta,20 - SALVADOR ALLENDE X SANTA CRUZ (EXPRESSO) [VOLTA],55880.8,255.0
50309,KPN6B05,13,-23.020666,-43.490935,2023-07-26 04:53:48,55.3,,ida,13 - MATO ALTO X ALVORADA (EXPRESSO) [IDA],20078.5,78.0
30532,KYL8599,13,-22.992799,-43.598147,2023-07-26 04:53:14,0.0,,ida,13 - MATO ALTO X ALVORADA (EXPRESSO) [IDA],41752.6,205.0
13423,LSI5976,25,-23.000211,-43.396636,2023-07-26 04:53:51,0.0,,volta,25 - ALVORADA X MATO ALTO (PARADOR) [VOLTA],41104.6,272.0
47030,LSQ5263,20,-22.941076,-43.663748,2023-07-26 04:48:49,41.6,,ida,20 - SANTA CRUZ X SALVADOR ALLENDE (EXPRESSO) [IDA],53767.4,113.0
30519,LRE9804,11,-22.920074,-43.608092,2023-07-26 04:53:40,0.0,,ida,11 - SANTA CRUZ X ALVORADA (PARADOR) [IDA],51494.8,
90005,KWK6A89,10,-22.940336,-43.665397,2023-07-26 04:53:54,0.0,,ida,10 - SANTA CRUZ X ALVORADA (EXPRESSO) [IDA],49831.1,293.0
86875,KQB4103,12,-22.91968,-43.607638,2023-07-26 04:53:48,0.0,,ida,12 - PINGO D'AGUA X ALVORADA (EXPRESSO) [IDA],13012.2,
30518,KYL8597,25,-23.000647,-43.365005,2023-07-26 04:53:54,0.0,,volta,25 - ALVORADA X MATO ALTO (PARADOR) [VOLTA],37110.7,277.0
902090,,35,-22.878306,-43.336323,2023-07-26 04:53:49,0.0,,ida,35 - MADUREIRA X ALVORADA (PARADOR) [IDA],15074.6,
47029,LSQ5267,11,-22.931655,-43.657199,2023-07-26 04:53:50,6.5,,ida,11 - SANTA CRUZ X ALVORADA (PARADOR) [IDA],56961.1,255.0
A994324,LUN4324,0,-22.837275,-43.28582,2023-07-26 03:56:23,0.0,,,,47754.663,238.0
47012,KPZ8364,10,-22.91788,-43.683156,2023-07-26 04:53:42,0.0,,ida,10 - SANTA CRUZ X ALVORADA (EXPRESSO) [IDA],54990.5,336.0
86885,LTB5540,14,-22.919014,-43.607023,2023-07-26 04:53:41,0.0,,ida,14 - SANTA EUGÊNIA X SALVADOR ALLENDE (EXPRESSO) [IDA],514714.4,
12738,KRR2404,25,-22.993277,-43.597131,2023-07-26 04:53:43,23.3,,ida,25 - MATO ALTO X ALVORADA (PARADOR) [IDA],37392.2,312.0
86886,LTB5541,14,-22.916233,-43.630674,2023-07-26 04:53:48,0.0,,ida,14 - SANTA EUGÊNIA X SALVADOR ALLENDE (EXPRESSO) [IDA],13086.7,
13428,KXE7712,11,-22.920006,-43.607864,2023-07-26 04:48:35,12.6,,ida,11 - SANTA CRUZ X ALVORADA (PARADOR) [IDA],57799.1,142.0
47006,KWZ8630,20,-23.019109,-43.505105,2023-07-26 04:53:44,0.0,,ida,20 - SANTA CRUZ X SALVADOR ALLENDE (EXPRESSO) [IDA],50888.5,296.0
47007,LSP6018,18,-22.920644,-43.607729,2023-07-26 04:53:41,0.0,,ida,18 - RECREIO SHOPPING X JARDIM OCEÂNICO (EXPRESSO) [IDA],42179.7,158.0
13413,KWI9711,12,-22.99289,-43.598119,2023-07-26 04:53:49,0.0,,ida,12 - PINGO D'AGUA X ALVORADA (EXPRESSO) [IDA],43512.1,136.0
901057,,52,-22.994024,-43.365794,2023-07-26 04:53:54,28.6,,volta,52 - SENTIDO V. MILITAR (PARADOR) [VOLTA],51056.6,10.0
901003,RKM8C54,22,-23.003472,-43.323708,2023-07-26 04:53:48,0.0,,ida,22 - ALVORADA X J. OCEÂNICO (PARADOR) [IDA],22824.7,110.0
86874,KQB4102,20,-22.92063,-43.607908,2023-07-26 04:53:54,0.0,,ida,20 - SANTA CRUZ X SALVADOR ALLENDE (EXPRESSO) [IDA],512858.0,
86879,LTN5696,18,-22.985766,-43.606871,2023-07-26 04:53:48,59.9,,ida,18 - RECREIO SHOPPING X JARDIM OCEÂNICO (EXPRESSO) [IDA],1811.8,134.0
47011,LRH8889,0,-22.920704,-43.60793,2023-07-26 04:52:45,0.1,,,,39516.0,
47009,KPZ8430,20,-22.920213,-43.607999,2023-07-26 04:53:45,0.0,,ida,20 - SANTA CRUZ X SALVADOR ALLENDE (EXPRESSO) [IDA],54120.6,343.0
30537,KXE7720,12,-22.919617,-43.60737,2023-07-26 04:53:57,0.0,,ida,12 - PINGO D'AGUA X ALVORADA (EXPRESSO) [IDA],51504.7,
50301,KPP5B70,25,-23.00021,-43.398197,2023-07-26 04:53:44,19.5,,volta,25 - ALVORADA X MATO ALTO (PARADOR) [VOLTA],3945.3,267.0
13401,KQO7822,19,-23.004694,-43.561431,2023-07-26 04:52:16,59.1,,ida,19 - PINGO D'AGUA X SALVADOR ALLENDE (EXPRESSO) [IDA],53634.9,104.0
13421,KWO8119,10,-22.920285,-43.608131,2023-07-26 03:18:04,0.0,,ida,10 - SANTA CRUZ X ALVORADA (EXPRESSO) [IDA],14957.8,
27174,KQP5437,20,-22.988707,-43.603436,2023-07-26 04:53:39,46.2,,ida,20 - SANTA CRUZ X SALVADOR ALLENDE (EXPRESSO) [IDA],18872.6,132.0
47026,KYA7928,10,-22.920584,-43.608013,2023-07-26 04:53:50,0.0,,ida,10 - SANTA CRUZ X ALVORADA (EXPRESSO) [IDA],32900.199,
86889,KRQ6878,10,-23.000893,-43.367123,2023-07-26 04:53:58,0.0,,volta,10 - ALVORADA X SANTA CRUZ (EXPRESSO) [VOLTA],514962.4,
12724,LMJ1118,20,-23.019203,-43.505637,2023-07-26 04:24:30,0.0,,ida,20 - SANTA CRUZ X SALVADOR ALLENDE (EXPRESSO) [IDA],9642.9,297.0
27209,LSL9B07,25,-22.993026,-43.597957,2023-07-26 04:53:51,0.0,,ida,25 - MATO ALTO X ALVORADA (PARADOR) [IDA],10074.7,
30511,KPV2250,13,-23.000902,-43.367647,2023-07-26 04:53:52,0.0,,volta,13 - ALVORADA X  MATO ALTO (EXPRESSO) [VOLTA],49435.4,
13427,KXE7711,0,-22.920039,-43.608458,2023-07-26 04:53:57,9.2,,,,51855.5,262.0
12725,LMJ1327,25,-23.018503,-43.482817,2023-07-26 04:53:55,6.0,,volta,25 - ALVORADA X MATO ALTO (PARADOR) [VOLTA],39248.6,258.0
13404,KQO7823,20,-22.994545,-43.59616,2023-07-26 04:53:44,21.2,,ida,20 - SANTA CRUZ X SALVADOR ALLENDE (EXPRESSO) [IDA],56091.2,132.0
47022,KRM7701,10,-23.004118,-43.42804,2023-07-26 04:53:49,57.6,,volta,10 - ALVORADA X SANTA CRUZ (EXPRESSO) [VOLTA],12939.5,250.0
13422,LSI5978,20,-22.929134,-43.675662,2023-07-26 04:53:31,50.1,,ida,20 - SANTA CRUZ X SALVADOR ALLENDE (EXPRESSO) [IDA],40374.1,131.0
13402,LTL5480,12,-22.920248,-43.607763,2023-07-26 04:53:56,0.0,,ida,12 - PINGO D'AGUA X ALVORADA (EXPRESSO) [IDA],43258.9,
12730,LSO8993,19,-23.004311,-43.427192,2023-07-26 04:53:47,59.3,,volta,19 - SALVADOR ALLENDE X PINGO D'AGUA (EXPRESSO) [VOLTA],9245.8,72.0
86872,LSH7386,20,-22.992473,-43.598494,2023-07-26 04:53:49,0.0,,ida,20 - SANTA CRUZ X SALVADOR ALLENDE (EXPRESSO) [IDA],22416.5,
47017,LRS2841,20,-22.916794,-43.683497,2023-07-26 04:53:43,0.1,,ida,20 - SANTA CRUZ X SALVADOR ALLENDE (EXPRESSO) [IDA],47894.9,346.0
86859,KWJ9250,19,-22.972538,-43.613814,2023-07-26 04:53:59,48.9,,ida,19 - PINGO D'AGUA X SALVADOR ALLENDE (EXPRESSO) [IDA],18684.6,139.0
30509,KYM4574,13,-23.000243,-43.36885,2023-07-26 04:53:55,42.7,,ida,13 - MATO ALTO X ALVORADA (EXPRESSO) [IDA],53042.6,89.0
12710,KRO9724,20,-22.944305,-43.660553,2023-07-26 04:53:57,62.0,,ida,20 - SANTA CRUZ X SALVADOR ALLENDE (EXPRESSO) [IDA],38371.3,139.0
12720,KXD9430,20,-23.019442,-43.486258,2023-07-26 04:53:58,0.2,,ida,20 - SANTA CRUZ X SALVADOR ALLENDE (EXPRESSO) [IDA],21759.6,76.0
12712,LSN8501,19,-22.920133,-43.608035,2023-07-26 04:53:51,0.0,,ida,19 - PINGO D'AGUA X SALVADOR ALLENDE (EXPRESSO) [IDA],31093.7,
30521,LRC6594,25,-22.919312,-43.607054,2023-07-26 04:53:34,0.0,,ida,25 - MATO ALTO X ALVORADA (PARADOR) [IDA],34815.1,359.0
47010,KPZ8363,25,-23.011365,-43.532732,2023-07-26 04:52:54,61.5,,ida,25 - MATO ALTO X ALVORADA (PARADOR) [IDA],42578.8,107.0
90006,LRH6D12,20,-22.968882,-43.623757,2023-07-26 04:53:54,40.3,,volta,20 - SALVADOR ALLENDE X SANTA CRUZ (EXPRESSO) [VOLTA],29700.1,257.0
30531,LRC6592,19,-23.020746,-43.493856,2023-07-26 04:53:43,55.8,,volta,19 - SALVADOR ALLENDE X PINGO D'AGUA (EXPRESSO) [VOLTA],40590.5,264.0
30524,LRC6601,25,-22.992641,-43.598322,2023-07-26 04:53:40,0.0,,ida,25 - MATO ALTO X ALVORADA (PARADOR) [IDA],29221.7,135.0
13415,KQK7905,25,-23.010756,-43.451871,2023-07-26 04:53:54,16.3,,ida,25 - MATO ALTO X ALVORADA (PARADOR) [IDA],45125.1,86.0
901002,,22,-23.006836,-43.312374,2023-07-26 04:53:44,0.0,,volta,22 - J. OCEÂNICO X ALVORADA (PARADOR) [VOLTA],17400.3,87.0
B13,KYM5979,14,-23.015267,-43.470581,2023-07-26 04:50:45,0.0,,volta,14 - SALVADOR ALLENDE x SANTA EUGÊNIA (EXPRESSO) [VOLTA],1158.7,253.0
B20,LMH6141,14,-22.965954,-43.647527,2023-07-26 04:50:24,26.9,,ida,14 - SANTA EUGÊNIA X SALVADOR ALLENDE (EXPRESSO) [IDA],1147.4,92.0
B19,KZJ7238,14,-22.91619833333333,-43.62970333333333,2023-07-26 04:53:29,0.0,,ida,14 - SANTA EUGÊNIA X SALVADOR ALLENDE (EXPRESSO) [IDA],104993.0,
B14,KRK9519,14,-23.008424,-43.443297,2023-07-26 04:53:58,8.1,,volta,14 - SALVADOR ALLENDE x SANTA EUGÊNIA (EXPRESSO) [VOLTA],1168.7,268.0
B11,KRK9516,14,-22.934423,-43.636095,2023-07-26 04:53:39,42.0,,ida,14 - SANTA EUGÊNIA X SALVADOR ALLENDE (EXPRESSO) [IDA],1217.3,6.0
B12,LMH5981,14,-22.961281,-43.647969,2023-07-26 04:00:18,0.0,,ida,14 - SANTA EUGÊNIA X SALVADOR ALLENDE (EXPRESSO) [IDA],1144.4,
B24,LSO7028,14,-22.931733,-43.657257,2023-07-26 04:53:39,25.5,,ida,14 - SANTA EUGÊNIA X SALVADOR ALLENDE (EXPRESSO) [IDA],1185.6,229.0
B25,,14,-22.916759,-43.633032,2023-07-26 04:53:53,0.0,,ida,14 - SANTA EUGÊNIA X SALVADOR ALLENDE (EXPRESSO) [IDA],1102.1,203.0
B28,KQP5E29,14,-22.916316,-43.630813,2023-07-26 04:53:57,0.0,,ida,14 - SANTA EUGÊNIA X SALVADOR ALLENDE (EXPRESSO) [IDA],1141.6,238.0
B40,,14,-22.961134,-43.648055,2023-07-26 04:53:41,0.0,,ida,14 - SANTA EUGÊNIA X SALVADOR ALLENDE (EXPRESSO) [IDA],743.1,
B41,,14,-22.961252,-43.648172,2023-07-26 04:32:31,0.0,,ida,14 - SANTA EUGÊNIA X SALVADOR ALLENDE (EXPRESSO) [IDA],1172.1,
901001,RJD7J89,22,-23.006528,-43.314105,2023-07-26 04:53:46,36.4,,volta,22 - J. OCEÂNICO X ALVORADA (PARADOR) [VOLTA],17336.2,268.0
B47,,14,-22.927792,-43.635291,2023-07-26 04:53:46,0.0,,ida,14 - SANTA EUGÊNIA X SALVADOR ALLENDE (EXPRESSO) [IDA],1176.3,9.0
B048,,14,-22.91654,-43.631469,2023-07-26 04:53:49,0.0,,ida,14 - SANTA EUGÊNIA X SALVADOR ALLENDE (EXPRESSO) [IDA],1167.9,258.0
B49,,14,-22.916624,-43.631741,2023-07-26 04:53:53,0.0,,ida,14 - SANTA EUGÊNIA X SALVADOR ALLENDE (EXPRESSO) [IDA],1134.3,255.0
B55,,14,-22.997471,-43.591856,2023-07-26 04:53:58,53.7,,ida,14 - SANTA EUGÊNIA X SALVADOR ALLENDE (EXPRESSO) [IDA],1138.1,107.0
B53,,14,-22.916505,-43.631141,2023-07-26 04:53:48,0.0,,ida,14 - SANTA EUGÊNIA X SALVADOR ALLENDE (EXPRESSO) [IDA],1195.7,264.0
B51,,14,-23.019879,-43.486498,2023-07-26 04:53:48,3.7,,ida,14 - SANTA EUGÊNIA X SALVADOR ALLENDE (EXPRESSO) [IDA],1222.0,76.0
901077,,52,-22.964596,-43.391856,2023-07-26 04:53:56,0.0,,ida,52 - SENTIDO ALVORADA (PARADOR) [IDA],26505.0,
902119,,35,-22.973349,-43.369305,2023-07-26 04:53:41,60.3,,volta,35 - ALVORADA  X  MADUREIRA (PARADOR) [VOLTA],7682.3,270.0
901058,,51,-23.008531,-43.439847,2023-07-26 04:53:44,0.0,,volta,51 - SENTIDO V. MILITAR (PARADOR) [VOLTA],44185.9,81.0
903027,,50,-22.972148,-43.401298,2023-07-26 04:52:43,5.8,,ida,50 - SENTIDO JD. OCEANICO (PARADOR) [IDA],49611.5,222.0
901066,,52,-23.001273,-43.366812,2023-07-26 04:53:40,0.0,,volta,52 - SENTIDO V. MILITAR (PARADOR) [VOLTA],50003.1,86.0
903026,,50,-22.973336,-43.370515,2023-07-26 04:53:43,59.5,,ida,50 - SENTIDO JD. OCEANICO (PARADOR) [IDA],48950.6,90.0
903029,,50,-22.958109,-43.381432,2023-07-26 04:53:51,32.6,,ida,50 - SENTIDO JD. OCEANICO (PARADOR) [IDA],33509.1,256.0
902116,,35,-22.979867,-43.365694,2023-07-26 04:53:43,54.7,,ida,35 - MADUREIRA X ALVORADA (PARADOR) [IDA],11175.0,180.0
902115,,35,-23.001052,-43.368011,2023-07-26 04:53:54,0.0,,volta,35 - ALVORADA  X  MADUREIRA (PARADOR) [VOLTA],14861.1,
901061,,51,-22.97717,-43.406555,2023-07-26 04:53:57,36.9,,volta,51 - SENTIDO V. MILITAR (PARADOR) [VOLTA],43296.8,33.0
903030,,50,-22.88802,-43.345675,2023-07-26 04:53:47,40.1,,ida,50 - SENTIDO JD. OCEANICO (PARADOR) [IDA],40954.9,224.0
901073,,51,-22.861606,-43.39964,2023-07-26 04:53:39,4.4,,ida,,41849.7,242.0
901048,,51,-22.881883,-43.399966,2023-07-26 04:53:52,59.7,,ida,51 - SENTIDO RECREIO (PARADOR) [IDA],26333.1,193.0
903031,,38,-22.876431,-43.329548,2023-07-26 04:53:54,0.0,,ida,38 - FUNDÃO X ALVORADA (PARADOR) [IDA],40602.9,
901075,,0,-22.853459,-43.385826,2023-07-26 04:53:53,32.2,,,,49004.1,292.0
903055,,17,-22.916016,-43.629906,2023-07-26 04:53:41,23.5,,ida,17 - SANTA CRUZ X CAMPO GRANDE (PARADOR) [IDA],18902.3,267.0
903037,,17,-22.917118,-43.684518,2023-07-26 04:53:48,0.0,,ida,17 - SANTA CRUZ X CAMPO GRANDE (PARADOR) [IDA],20702.4,162.0
903002,,42,-22.849913,-43.308294,2023-07-26 04:53:55,16.1,,ida,42 - GALEÃO X MADUREIRA MANANCEIA (PARADOR) [IDA],6967.3,230.0
901080,,53,-22.883881,-43.399874,2023-07-26 04:53:48,0.0,,ida,53 - SENTIDO ALVORADA (EXPRESSO) [IDA],31274.0,
902110,,35,-23.001355,-43.366029,2023-07-26 04:53:51,0.0,,volta,35 - ALVORADA  X  MADUREIRA (PARADOR) [VOLTA],8829.0,
902114,,35,-22.935978,-43.371576,2023-07-26 04:53:44,28.0,,volta,35 - ALVORADA  X  MADUREIRA (PARADOR) [VOLTA],8970.1,358.0
902078,,31,-22.876352,-43.330063,2023-07-26 04:53:56,0.0,,ida,31 - VICENTE DE CARVALHO X ALVORADA (SEMIDIRETO) [IDA],10281.9,
902025,,35,-22.876778,-43.330217,2023-07-26 03:57:49,0.0,,ida,35 - MADUREIRA X ALVORADA (PARADOR) [IDA],9822.0,
903054,,17,-22.907061,-43.571012,2023-07-26 04:36:40,48.1,,ida,17 - SANTA CRUZ X CAMPO GRANDE (PARADOR) [IDA],17660.2,99.0
903021,,42,-22.839915,-43.239361,2023-07-26 04:50:33,0.0,,ida,,34620.7,144.0
903056,,17,-22.918337,-43.639181,2023-07-26 04:53:58,0.6,,volta,17 - CAMPO GRANDE  X SANTA CRUZ (PARADOR) [VOLTA],14649.2,224.0
903000,,50,-23.000874,-43.331329,2023-07-26 04:53:43,58.7,,ida,50 - SENTIDO JD. OCEANICO (PARADOR) [IDA],31882.3,95.0
903058,,17,-22.916304,-43.613488,2023-07-26 04:53:56,43.0,,volta,17 - CAMPO GRANDE  X SANTA CRUZ (PARADOR) [VOLTA],9164.5,285.0
901072,,51,-22.862288,-43.400771,2023-07-26 04:53:58,0.0,,ida,51 - SENTIDO RECREIO (PARADOR) [IDA],38616.4,225.0
902045,,31,-22.851003,-43.310186,2023-07-26 04:53:59,20.4,,ida,31 - VICENTE DE CARVALHO X ALVORADA (SEMIDIRETO) [IDA],6827.5,242.0
903007,,50,-23.006534,-43.313517,2023-07-26 04:53:50,0.0,,volta,50 - SENTIDO T. OLIMPICO (PARADOR) [VOLTA],41354.6,287.0
903004,,42,-22.83955,-43.240879,2023-07-26 04:53:51,38.5,,ida,42 - GALEÃO X MADUREIRA MANANCEIA (PARADOR) [IDA],39194.3,142.0
903005,,42,-22.839369,-43.239948,2023-07-26 04:47:03,0.0,,ida,42 - GALEÃO X MADUREIRA MANANCEIA (PARADOR) [IDA],38822.6,145.0
903022,,50,-23.000208,-43.343482,2023-07-26 04:53:43,46.4,,volta,50 - SENTIDO T. OLIMPICO (PARADOR) [VOLTA],37731.5,271.0
903035,,17,-22.919797,-43.681913,2023-07-26 04:53:57,11.2,,ida,17 - SANTA CRUZ X CAMPO GRANDE (PARADOR) [IDA],19570.6,47.0
901059,,51,-23.008636,-43.440065,2023-07-26 04:52:26,0.0,,volta,51 - SENTIDO V. MILITAR (PARADOR) [VOLTA],48353.8,
903003,,42,-22.877694,-43.336435,2023-07-26 04:53:47,0.1,,volta,42 - MADUREIRA MANANCEIA X GALEAO (PARADOR) [VOLTA],41706.7,205.0
901024,,22,-23.000216,-43.340778,2023-07-26 04:53:55,40.5,,volta,22 - J. OCEÂNICO X ALVORADA (PARADOR) [VOLTA],20658.9,271.0
901025,,51,-22.860179,-43.396682,2023-07-26 04:53:56,58.0,,ida,51 - SENTIDO RECREIO (PARADOR) [IDA],40711.9,62.0
901027,,41,-22.940309,-43.39467,2023-07-26 04:53:52,31.1,,volta,41 - TERMINAL RECREIO X PAULO DA PORTELA (EXPRESSO) [VOLTA],25975.8,354.0
901028,,40,-22.877566,-43.336709,2023-07-26 04:53:51,0.0,,ida,40 - PAULO DA PORTELA X ALVORADA (EXPRESSO) [IDA],23773.9,303.0
901030,,35,-22.920099,-43.367998,2023-07-26 04:53:40,36.1,,ida,35 - MADUREIRA X ALVORADA (PARADOR) [IDA],21830.2,59.0
901032,,52,-22.918514,-43.365214,2023-07-26 04:53:58,34.4,,ida,52 - SENTIDO ALVORADA (PARADOR) [IDA],25290.3,59.0
901034,,0,-22.965401,-43.391408,2023-07-26 04:53:43,0.0,,,,27513.1,
901036,,52,-22.964752,-43.391947,2023-07-26 04:51:12,0.0,,ida,52 - SENTIDO ALVORADA (PARADOR) [IDA],22805.5,173.0
903009,,42,-22.821382,-43.233042,2023-07-26 04:53:47,59.5,,ida,42 - GALEÃO X MADUREIRA MANANCEIA (PARADOR) [IDA],47181.0,311.0
903010,,42,-22.838809,-43.241502,2023-07-26 04:53:56,32.7,,ida,42 - GALEÃO X MADUREIRA MANANCEIA (PARADOR) [IDA],43691.6,322.0
903011,,42,-22.864001,-43.333267,2023-07-26 04:53:39,39.9,,volta,42 - MADUREIRA MANANCEIA X GALEAO (PARADOR) [VOLTA],45332.1,45.0
903012,,42,-22.84231,-43.272785,2023-07-26 04:53:53,1.6,,ida,42 - GALEÃO X MADUREIRA MANANCEIA (PARADOR) [IDA],47950.0,294.0
903015,,42,-22.853033,-43.248307,2023-07-26 04:53:56,41.9,,volta,42 - MADUREIRA MANANCEIA X GALEAO (PARADOR) [VOLTA],47863.3,350.0
903016,,42,-22.848015,-43.305909,2023-07-26 04:53:45,42.8,,volta,42 - MADUREIRA MANANCEIA X GALEAO (PARADOR) [VOLTA],42527.3,49.0
903017,,50,-22.96614,-43.396541,2023-07-26 04:53:46,39.8,,ida,50 - SENTIDO JD. OCEANICO (PARADOR) [IDA],44901.9,222.0
903018,,38,-22.882117,-43.326187,2023-07-26 04:53:33,33.5,,ida,38 - FUNDÃO X ALVORADA (PARADOR) [IDA],11280.6,62.0
903020,,50,-22.972427,-43.401002,2023-07-26 04:53:50,0.0,,ida,50 - SENTIDO JD. OCEANICO (PARADOR) [IDA],43839.4,359.0
903024,,38,-22.876761,-43.330097,2023-07-26 04:53:53,0.0,,ida,38 - FUNDÃO X ALVORADA (PARADOR) [IDA],38022.8,263.0
903025,,50,-23.00016,-43.366649,2023-07-26 04:53:57,23.4,,ida,50 - SENTIDO JD. OCEANICO (PARADOR) [IDA],39454.3,64.0
903013,,42,-22.812928,-43.246537,2023-07-26 04:53:58,31.5,,ida,42 - GALEÃO X MADUREIRA MANANCEIA (PARADOR) [IDA],44475.6,174.0
903014,,38,-22.876596,-43.329859,2023-07-26 04:53:16,0.0,,ida,38 - FUNDÃO X ALVORADA (PARADOR) [IDA],51723.2,351.0
901060,,51,-22.967184,-43.397549,2023-07-26 04:53:16,0.0,,ida,51 - SENTIDO RECREIO (PARADOR) [IDA],24777.3,223.0
903052,,17,-22.919059,-43.607419,2023-07-26 04:53:45,0.0,,ida,17 - SANTA CRUZ X CAMPO GRANDE (PARADOR) [IDA],21797.2,
903063,,17,-22.920233,-43.608144,2023-07-26 04:53:48,0.0,,ida,17 - SANTA CRUZ X CAMPO GRANDE (PARADOR) [IDA],21497.7,135.0
901000,,22,-23.001032,-43.365392,2023-07-26 04:53:55,0.0,,ida,22 - ALVORADA X J. OCEÂNICO (PARADOR) [IDA],30202.7,267.0
902113,,31,-22.876554,-43.329936,2023-07-26 04:53:47,0.0,,ida,31 - VICENTE DE CARVALHO X ALVORADA (SEMIDIRETO) [IDA],8847.6,
902118,,31,-22.87644,-43.329547,2023-07-26 04:53:58,0.0,,ida,31 - VICENTE DE CARVALHO X ALVORADA (SEMIDIRETO) [IDA],7640.6,
902117,,31,-22.852499,-43.312628,2023-07-26 04:53:57,0.0,,ida,31 - VICENTE DE CARVALHO X ALVORADA (SEMIDIRETO) [IDA],10240.8,
901044,,40,-22.878049,-43.336289,2023-07-26 04:53:50,0.0,,ida,40 - PAULO DA PORTELA X ALVORADA (EXPRESSO) [IDA],29594.7,290.0
903033,,42,-22.839701,-43.239555,2023-07-26 04:53:45,0.0,,ida,,36567.0,132.0
902020,,46,-22.852331,-43.315489,2023-07-26 04:53:55,25.8,,volta,46 - ALVORADA X PENHA (EXPRESSO) [VOLTA],31635.0,99.0
902022,,46,-22.841369,-43.279861,2023-07-26 04:53:56,24.7,,volta,46 - ALVORADA X PENHA (EXPRESSO) [VOLTA],30781.6,123.0
901093,,22,-22.956412,-43.393254,2023-07-26 04:53:43,53.3,,ida,,27786.7,21.0
902059,,43,-22.921999,-43.371509,2023-07-26 04:53:49,45.2,,ida,43 - FUNDÃO X SANTA EFIGENIA (EXPRESSO) [IDA],35709.8,239.0
902056,,46,-22.888178,-43.345695,2023-07-26 04:53:44,55.6,,volta,46 - ALVORADA X PENHA (EXPRESSO) [VOLTA],34634.3,34.0
901091,,40,-22.861251,-43.398892,2023-07-26 04:53:40,0.0,,ida,40 - PAULO DA PORTELA X ALVORADA (EXPRESSO) [IDA],31119.6,242.0
902032,,46,-22.973349,-43.37584,2023-07-26 04:53:45,59.9,,ida,46 - PENHA X ALVORADA (EXPRESSO) [IDA],36290.2,89.0
902027,,43,-22.84214,-43.299714,2023-07-26 04:53:50,48.3,,ida,43 - FUNDÃO X SANTA EFIGENIA (EXPRESSO) [IDA],32865.6,219.0
902028,,46,-22.953935,-43.375799,2023-07-26 04:53:53,59.7,,volta,46 - ALVORADA X PENHA (EXPRESSO) [VOLTA],37585.0,35.0
902018,,40,-22.911533,-43.360339,2023-07-26 04:53:40,42.3,,ida,40 - PAULO DA PORTELA X ALVORADA (EXPRESSO) [IDA],23634.3,4.0
902046,,41,-22.84142,-43.276895,2023-07-26 04:36:49,0.0,,volta,41 - TERMINAL RECREIO X PAULO DA PORTELA (EXPRESSO) [VOLTA],33367.1,243.0
12715,,10,-22.996598,-43.5932,2023-07-26 04:53:44,56.3,,volta,10 - ALVORADA X SANTA CRUZ (EXPRESSO) [VOLTA],42373.7,307.0
901062,,51,-22.935849,-43.395543,2023-07-26 04:53:43,60.1,,ida,51 - SENTIDO RECREIO (PARADOR) [IDA],46926.3,169.0
E902000,,41,-22.854728,-43.251386,2023-07-26 04:53:45,0.0,,volta,41 - TERMINAL RECREIO X PAULO DA PORTELA (EXPRESSO) [VOLTA],10383.7,
901067,,52,-22.973353,-43.37418,2023-07-26 04:53:48,56.5,,ida,52 - SENTIDO ALVORADA (PARADOR) [IDA],41762.6,90.0
E902004,,41,-22.854785,-43.252011,2023-07-26 04:53:40,0.0,,volta,41 - TERMINAL RECREIO X PAULO DA PORTELA (EXPRESSO) [VOLTA],13269.1,
12713,,18,-23.019243,-43.505682,2023-07-26 04:53:56,0.0,,ida,18 - RECREIO SHOPPING X JARDIM OCEÂNICO (EXPRESSO) [IDA],35248.3,
902062,,46,-22.916124,-43.361651,2023-07-26 04:53:55,33.4,,volta,46 - ALVORADA X PENHA (EXPRESSO) [VOLTA],33282.199,29.0
902048,,46,-23.000904,-43.367502,2023-07-26 04:53:42,0.0,,volta,46 - ALVORADA X PENHA (EXPRESSO) [VOLTA],23958.0,
902058,,46,-22.854619,-43.25233,2023-07-26 04:53:54,0.0,,ida,46 - PENHA X ALVORADA (EXPRESSO) [IDA],34575.1,
902021,,46,-22.854812,-43.252033,2023-07-26 03:57:53,0.0,,ida,46 - PENHA X ALVORADA (EXPRESSO) [IDA],28474.1,
901068,,51,-23.0039,-43.434176,2023-07-26 04:53:56,0.0,,ida,51 - SENTIDO RECREIO (PARADOR) [IDA],50820.2,226.0
902003,,41,-22.845431,-43.238931,2023-07-26 04:53:57,0.0,,volta,41 - TERMINAL RECREIO X PAULO DA PORTELA (EXPRESSO) [VOLTA],17396.0,41.0
902102,,35,-22.879073,-43.336446,2023-07-26 04:53:41,0.0,,ida,35 - MADUREIRA X ALVORADA (PARADOR) [IDA],12380.5,
901082,,53,-22.914583,-43.398951,2023-07-26 04:53:05,47.5,,ida,53 - SENTIDO ALVORADA (EXPRESSO) [IDA],47070.2,319.0
902061,,46,-22.854806,-43.252068,2023-07-26 03:59:29,0.0,,ida,46 - PENHA X ALVORADA (EXPRESSO) [IDA],28945.9,
902066,,46,-22.85513,-43.252116,2023-07-26 04:47:07,0.0,,ida,46 - PENHA X ALVORADA (EXPRESSO) [IDA],31314.0,
902052,,46,-23.000877,-43.367265,2023-07-26 04:53:42,0.0,,volta,46 - ALVORADA X PENHA (EXPRESSO) [VOLTA],35615.9,
902050,,43,-22.940386,-43.372464,2023-07-26 04:53:57,0.0,,volta,43 - SANTA EFIGENIA X FUNDÃO (EXPRESSO) [VOLTA],31262.3,
12716,,20,-22.918433,-43.682887,2023-07-26 04:53:43,0.0,,ida,20 - SANTA CRUZ X SALVADOR ALLENDE (EXPRESSO) [IDA],45562.3,
902063,,46,-22.99567,-43.365987,2023-07-26 04:53:46,55.4,,ida,46 - PENHA X ALVORADA (EXPRESSO) [IDA],33265.8,180.0
902060,,41,-22.854322,-43.251906,2023-07-26 04:53:57,0.0,,volta,41 - TERMINAL RECREIO X PAULO DA PORTELA (EXPRESSO) [VOLTA],30130.2,
902008,,46,-22.965357,-43.391626,2023-07-26 04:53:42,0.0,,ida,46 - PENHA X ALVORADA (EXPRESSO) [IDA],10524.8,
902047,,46,-22.854406,-43.251525,2023-07-26 04:53:55,0.0,,ida,46 - PENHA X ALVORADA (EXPRESSO) [IDA],23962.0,
902051,,46,-22.841533,-43.279412,2023-07-26 04:53:40,14.1,,ida,46 - PENHA X ALVORADA (EXPRESSO) [IDA],32986.9,297.0
902067,,46,-22.881773,-43.341874,2023-07-26 04:53:59,42.7,,ida,46 - PENHA X ALVORADA (EXPRESSO) [IDA],34086.4,189.0
901098,,51,-22.914249,-43.399245,2023-07-26 04:52:35,45.5,,volta,51 - SENTIDO V. MILITAR (PARADOR) [VOLTA],27283.9,323.0
901055,,51,-22.853622,-43.385172,2023-07-26 04:53:56,17.3,,ida,51 - SENTIDO RECREIO (PARADOR) [IDA],46656.5,14.0
901076,,52,-22.876708,-43.404554,2023-07-26 04:53:59,61.4,,ida,52 - SENTIDO ALVORADA (PARADOR) [IDA],31268.5,321.0
902054,,46,-22.854721,-43.251896,2023-07-26 04:53:41,0.0,,ida,46 - PENHA X ALVORADA (EXPRESSO) [IDA],35704.7,
901084,,53,-22.965478,-43.391641,2023-07-26 04:53:57,0.0,,ida,53 - SENTIDO ALVORADA (EXPRESSO) [IDA],52298.2,
901070,,52,-22.900644,-43.39723,2023-07-26 04:53:17,129.7,,ida,52 - SENTIDO ALVORADA (PARADOR) [IDA],40482.3,163.0
902080,,46,-22.852461,-43.317199,2023-07-26 04:53:45,35.8,,ida,46 - PENHA X ALVORADA (EXPRESSO) [IDA],34346.0,264.0
902065,,43,-22.839459,-43.239775,2023-07-26 04:53:43,0.0,,ida,43 - FUNDÃO X SANTA EFIGENIA (EXPRESSO) [IDA],35358.4,
901069,,52,-22.960876,-43.391913,2023-07-26 04:53:57,59.4,,ida,52 - SENTIDO ALVORADA (PARADOR) [IDA],37733.7,193.0
901074,,52,-22.86092,-43.398186,2023-07-26 04:51:33,0.0,,ida,52 - SENTIDO ALVORADA (PARADOR) [IDA],39513.6,242.0
901085,,53,-22.972996,-43.397315,2023-07-26 04:53:42,39.1,,ida,53 - SENTIDO ALVORADA (EXPRESSO) [IDA],43533.2,271.0
902073,,35,-22.876405,-43.330111,2023-07-26 03:59:03,0.0,,ida,35 - MADUREIRA X ALVORADA (PARADOR) [IDA],9883.0,
902030,,31,-22.852586,-43.312888,2023-07-26 04:53:57,0.0,,ida,31 - VICENTE DE CARVALHO X ALVORADA (SEMIDIRETO) [IDA],11293.5,
902071,,46,-23.000985,-43.367728,2023-07-26 04:53:41,0.0,,volta,46 - ALVORADA X PENHA (EXPRESSO) [VOLTA],35937.7,
902072,,43,-22.85468,-43.251934,2023-07-26 04:47:12,0.0,,volta,43 - SANTA EFIGENIA X FUNDÃO (EXPRESSO) [VOLTA],32687.8,
902068,,43,-22.854457,-43.251718,2023-07-26 03:56:28,0.0,,ida,43 - FUNDÃO X SANTA EFIGENIA (EXPRESSO) [IDA],35600.1,
902064,,43,-22.851258,-43.263352,2023-07-26 04:53:44,35.6,,ida,43 - FUNDÃO X SANTA EFIGENIA (EXPRESSO) [IDA],0.0,325.0
902070,,46,-22.916434,-43.362009,2023-07-26 04:53:54,36.2,,ida,46 - PENHA X ALVORADA (EXPRESSO) [IDA],36284.7,229.0
901083,,53,-22.924464,-43.397803,2023-07-26 04:53:45,41.2,,ida,53 - SENTIDO ALVORADA (EXPRESSO) [IDA],49420.2,344.0
901087,,53,-22.964694,-43.391992,2023-07-26 04:53:13,0.0,,ida,53 - SENTIDO ALVORADA (EXPRESSO) [IDA],47525.2,
902085,,46,-22.854741,-43.251942,2023-07-26 04:53:40,0.0,,ida,46 - PENHA X ALVORADA (EXPRESSO) [IDA],34050.9,
E902001,,41,-22.854611,-43.251271,2023-07-26 04:53:46,0.0,,volta,41 - TERMINAL RECREIO X PAULO DA PORTELA (EXPRESSO) [VOLTA],20869.6,
E902006,,40,-22.926485,-43.373641,2023-07-26 04:53:55,41.9,,ida,40 - PAULO DA PORTELA X ALVORADA (EXPRESSO) [IDA],19298.2,355.0
E902011,,40,-22.945,-43.372117,2023-07-26 04:53:56,30.4,,ida,40 - PAULO DA PORTELA X ALVORADA (EXPRESSO) [IDA],8593.6,352.0
902002,,41,-22.854693,-43.254785,2023-07-26 04:53:49,24.6,,volta,41 - TERMINAL RECREIO X PAULO DA PORTELA (EXPRESSO) [VOLTA],19823.2,219.0
901095,,51,-22.96566,-43.391302,2023-07-26 03:47:05,0.0,,volta,51 - SENTIDO V. MILITAR (PARADOR) [VOLTA],35035.8,154.0
902069,,41,-22.877495,-43.336985,2023-07-26 04:53:45,0.0,,ida,41 - PAULO DA PORTELA X TERMINAL RECREIO (EXPRESSO) [IDA],32579.4,
902094,,35,-22.955204,-43.377172,2023-07-26 04:53:55,3.1,,volta,35 - ALVORADA  X  MADUREIRA (PARADOR) [VOLTA],9083.6,55.0
903068,,17,-22.91507,-43.60558,2023-07-26 04:53:49,6.8,,ida,17 - SANTA CRUZ X CAMPO GRANDE (PARADOR) [IDA],20728.9,83.0
902081,,31,-22.876363,-43.329983,2023-07-26 03:55:56,0.0,,ida,31 - VICENTE DE CARVALHO X ALVORADA (SEMIDIRETO) [IDA],11487.0,
902082,,35,-22.888594,-43.346069,2023-07-26 04:53:42,0.5,,ida,35 - MADUREIRA X ALVORADA (PARADOR) [IDA],10862.9,162.0
903062,,17,-22.917765,-43.684281,2023-07-26 04:53:57,39.9,,ida,17 - SANTA CRUZ X CAMPO GRANDE (PARADOR) [IDA],20182.3,166.0
902089,,35,-22.961114,-43.390197,2023-07-26 04:53:56,48.1,,ida,35 - MADUREIRA X ALVORADA (PARADOR) [IDA],9766.7,205.0
903041,,50,-22.876512,-43.329466,2023-07-26 04:53:50,0.0,,ida,50 - SENTIDO JD. OCEANICO (PARADOR) [IDA],27433.7,
903051,,50,-22.981238,-43.365588,2023-07-26 04:53:41,57.1,,volta,50 - SENTIDO T. OLIMPICO (PARADOR) [VOLTA],31054.2,353.0
903036,,17,-22.918991,-43.607926,2023-07-26 04:23:39,0.0,,ida,17 - SANTA CRUZ X CAMPO GRANDE (PARADOR) [IDA],156819.9,169.0
902036,,41,-22.878398,-43.336271,2023-07-26 04:53:54,0.0,,ida,41 - PAULO DA PORTELA X TERMINAL RECREIO (EXPRESSO) [IDA],32318.1,
903039,,17,-22.929433,-43.675273,2023-07-26 04:53:07,58.8,,ida,17 - SANTA CRUZ X CAMPO GRANDE (PARADOR) [IDA],18362.4,131.0
902074,,31,-22.876458,-43.3296,2023-07-26 04:53:50,0.0,,ida,31 - VICENTE DE CARVALHO X ALVORADA (SEMIDIRETO) [IDA],9765.9,
902044,,43,-22.85432,-43.252023,2023-07-26 04:53:49,0.0,,ida,43 - FUNDÃO X SANTA EFIGENIA (EXPRESSO) [IDA],31223.4,
903064,,50,-22.973227,-43.393743,2023-07-26 04:53:50,4.2,,volta,50 - SENTIDO T. OLIMPICO (PARADOR) [VOLTA],22135.7,271.0
903069,,17,-22.931036,-43.656138,2023-07-26 04:53:57,50.7,,volta,17 - CAMPO GRANDE  X SANTA CRUZ (PARADOR) [VOLTA],22408.1,224.0
902042,,46,-23.001273,-43.364787,2023-07-26 04:53:45,0.0,,volta,46 - ALVORADA X PENHA (EXPRESSO) [VOLTA],31913.4,
902040,,46,-22.973274,-43.376755,2023-07-26 04:53:11,58.6,,volta,46 - ALVORADA X PENHA (EXPRESSO) [VOLTA],34102.4,270.0
903049,,17,-22.916783,-43.632706,2023-07-26 04:53:51,1.4,,ida,17 - SANTA CRUZ X CAMPO GRANDE (PARADOR) [IDA],23315.7,317.0
902096,,35,-23.001,-43.367111,2023-07-26 04:53:53,0.0,,volta,35 - ALVORADA  X  MADUREIRA (PARADOR) [VOLTA],14221.2,278.0
902100,,35,-22.879152,-43.336722,2023-07-26 04:53:49,0.0,,ida,35 - MADUREIRA X ALVORADA (PARADOR) [IDA],13435.2,
903059,,17,-22.91901,-43.607771,2023-07-26 04:53:47,0.0,,ida,17 - SANTA CRUZ X CAMPO GRANDE (PARADOR) [IDA],18740.5,40.0
903043,,38,-22.876615,-43.32957,2023-07-26 03:17:24,0.0,,ida,38 - FUNDÃO X ALVORADA (PARADOR) [IDA],30028.4,88.0
902079,,46,-22.854527,-43.251585,2023-07-26 04:53:41,0.0,,ida,46 - PENHA X ALVORADA (EXPRESSO) [IDA],30818.4,
903066,,17,-22.918732,-43.68258,2023-07-26 04:53:43,0.0,,ida,17 - SANTA CRUZ X CAMPO GRANDE (PARADOR) [IDA],24875.0,325.0
902099,,35,-22.878536,-43.336372,2023-07-26 04:53:40,0.0,,ida,35 - MADUREIRA X ALVORADA (PARADOR) [IDA],11541.0,
902091,,35,-22.916401,-43.36204,2023-07-26 04:53:42,9.2,,ida,35 - MADUREIRA X ALVORADA (PARADOR) [IDA],14044.1,227.0
901099,,51,-22.862196,-43.400543,2023-07-26 04:53:45,0.0,,ida,51 - SENTIDO RECREIO (PARADOR) [IDA],29477.6,176.0
902104,,31,-22.876369,-43.330461,2023-07-26 03:53:17,0.0,,ida,31 - VICENTE DE CARVALHO X ALVORADA (SEMIDIRETO) [IDA],8023.9,
903061,,17,-22.918863,-43.607534,2023-07-26 04:53:54,0.0,,ida,17 - SANTA CRUZ X CAMPO GRANDE (PARADOR) [IDA],21481.5,88.0
44706,LRG8855,20,-22.926821,-43.678413,2023-07-26 04:53:56,37.0,,ida,,21873.0,313.0
901008,,22,-23.001042,-43.364832,2023-07-26 05:00:31,16.3,,volta,,22783.0,266.0
901007,,22,-23.001133,-43.366025,2023-07-26 05:00:29,11.6,,volta,,21817.9,264.0
901010,RJM8G30,22,-23.000945,-43.364847,2023-07-26 05:00:26,0.0,,ida,22 - ALVORADA X J. OCEÂNICO (PARADOR) [IDA],22869.5,271.0
901017,,22,-23.000755,-43.366013,2023-07-26 05:00:26,0.0,,ida,22 - ALVORADA X J. OCEÂNICO (PARADOR) [IDA],25122.4,
901006,RJA9F56,22,-23.00072,-43.368075,2023-07-26 05:00:30,21.4,,ida,22 - ALVORADA X J. OCEÂNICO (PARADOR) [IDA],19377.7,76.0
901005,RJB8E53,22,-23.000286,-43.343155,2023-07-26 05:00:26,51.9,,ida,22 - ALVORADA X J. OCEÂNICO (PARADOR) [IDA],21639.8,90.0
901004,RJQ8J80,22,-23.006292,-43.316625,2023-07-26 05:00:22,49.0,,ida,22 - ALVORADA X J. OCEÂNICO (PARADOR) [IDA],21431.9,106.0
30504,,25,-23.000726,-43.367108,2023-07-26 05:00:35,16.9,,volta,25 - ALVORADA X MATO ALTO (PARADOR) [VOLTA],53625.9,106.0
30538,KXE7719,20,-23.009246,-43.539931,2023-07-26 05:00:30,57.4,,volta,20 - SALVADOR ALLENDE X SANTA CRUZ (EXPRESSO) [VOLTA],55886.6,305.0
50309,KPN6B05,13,-23.012994,-43.46076,2023-07-26 05:00:28,51.0,,ida,13 - MATO ALTO X ALVORADA (EXPRESSO) [IDA],20081.7,74.0
13423,LSI5976,25,-23.007445,-43.440144,2023-07-26 05:00:30,63.3,,volta,25 - ALVORADA X MATO ALTO (PARADOR) [VOLTA],41109.2,255.0
90002,LMB2D92,11,-22.953134,-43.649409,2023-07-26 04:47:16,48.5,,ida,11 - SANTA CRUZ X ALVORADA (PARADOR) [IDA],55843.6,175.0
47030,LSQ5263,20,-22.985116,-43.607533,2023-07-26 05:00:29,59.3,,ida,20 - SANTA CRUZ X SALVADOR ALLENDE (EXPRESSO) [IDA],53776.3,134.0
30519,LRE9804,11,-22.920074,-43.608092,2023-07-26 05:00:20,0.0,,ida,11 - SANTA CRUZ X ALVORADA (PARADOR) [IDA],51494.8,
90005,KWK6A89,10,-22.918027,-43.683147,2023-07-26 05:00:34,23.0,,ida,10 - SANTA CRUZ X ALVORADA (EXPRESSO) [IDA],49834.4,336.0
86875,KQB4103,12,-22.918321,-43.607018,2023-07-26 05:00:28,13.3,,ida,12 - PINGO D'AGUA X ALVORADA (EXPRESSO) [IDA],13012.4,359.0
30518,KYL8597,25,-23.000639,-43.365028,2023-07-26 05:00:25,0.0,,volta,25 - ALVORADA X MATO ALTO (PARADOR) [VOLTA],37110.7,277.0
902090,,35,-22.882387,-43.34199,2023-07-26 05:00:29,0.0,,ida,35 - MADUREIRA X ALVORADA (PARADOR) [IDA],15075.8,182.0
47029,LSQ5267,11,-22.918538,-43.68272,2023-07-26 05:00:23,0.0,,ida,11 - SANTA CRUZ X ALVORADA (PARADOR) [IDA],56964.8,324.0
47012,KPZ8364,10,-22.916729,-43.683563,2023-07-26 05:00:22,0.0,,ida,10 - SANTA CRUZ X ALVORADA (EXPRESSO) [IDA],54990.7,336.0
86885,LTB5540,14,-22.918764,-43.607013,2023-07-26 05:00:29,11.0,,ida,14 - SANTA EUGÊNIA X SALVADOR ALLENDE (EXPRESSO) [IDA],514714.4,12.0
12738,KRR2404,25,-22.993108,-43.597317,2023-07-26 05:00:23,0.0,,ida,25 - MATO ALTO X ALVORADA (PARADOR) [IDA],37392.2,
86886,LTB5541,14,-22.916233,-43.630674,2023-07-26 05:00:28,0.0,,ida,14 - SANTA EUGÊNIA X SALVADOR ALLENDE (EXPRESSO) [IDA],13086.7,
13428,KXE7712,11,-22.920152,-43.607814,2023-07-26 05:00:34,0.0,,ida,11 - SANTA CRUZ X ALVORADA (PARADOR) [IDA],57799.1,
47006,KWZ8630,20,-23.0191,-43.505074,2023-07-26 05:00:24,0.0,,ida,20 - SANTA CRUZ X SALVADOR ALLENDE (EXPRESSO) [IDA],50888.5,
47007,LSP6018,18,-22.920596,-43.607735,2023-07-26 05:00:21,0.0,,ida,18 - RECREIO SHOPPING X JARDIM OCEÂNICO (EXPRESSO) [IDA],42179.7,158.0
13413,KWI9711,12,-22.992915,-43.598132,2023-07-26 05:00:29,0.0,,ida,12 - PINGO D'AGUA X ALVORADA (EXPRESSO) [IDA],43512.1,136.0
901057,,52,-22.973252,-43.383385,2023-07-26 05:00:14,9.4,,volta,52 - SENTIDO V. MILITAR (PARADOR) [VOLTA],51060.9,260.0
901003,RKM8C54,22,-23.006488,-43.312991,2023-07-26 05:00:28,1.2,,volta,22 - J. OCEÂNICO X ALVORADA (PARADOR) [VOLTA],22826.2,259.0
86874,KQB4102,20,-22.918881,-43.607601,2023-07-26 05:00:34,0.0,,ida,20 - SANTA CRUZ X SALVADOR ALLENDE (EXPRESSO) [IDA],512858.4,98.0
86879,LTN5696,18,-22.99255,-43.598511,2023-07-26 05:00:28,0.0,,ida,18 - RECREIO SHOPPING X JARDIM OCEÂNICO (EXPRESSO) [IDA],1812.9,
47011,LRH8889,0,-22.920685,-43.60786,2023-07-26 05:00:19,0.0,,,,39516.0,168.0
30537,KXE7720,12,-22.916492,-43.607041,2023-07-26 05:00:17,11.3,,ida,12 - PINGO D'AGUA X ALVORADA (EXPRESSO) [IDA],51505.1,355.0
50301,KPP5B70,25,-23.001263,-43.419353,2023-07-26 05:00:24,36.1,,volta,25 - ALVORADA X MATO ALTO (PARADOR) [VOLTA],3947.5,251.0
13401,KQO7822,19,-23.019919,-43.48808,2023-07-26 05:00:19,32.9,,ida,19 - PINGO D'AGUA X SALVADOR ALLENDE (EXPRESSO) [IDA],53642.8,61.0
13421,KWO8119,10,-22.920305,-43.608277,2023-07-26 05:00:17,0.0,,ida,10 - SANTA CRUZ X ALVORADA (EXPRESSO) [IDA],14957.8,
27174,KQP5437,20,-22.992778,-43.598224,2023-07-26 05:00:20,0.0,,ida,20 - SANTA CRUZ X SALVADOR ALLENDE (EXPRESSO) [IDA],18873.3,
47026,KYA7928,10,-22.920584,-43.608013,2023-07-26 05:00:31,0.0,,ida,10 - SANTA CRUZ X ALVORADA (EXPRESSO) [IDA],32900.199,
86889,KRQ6878,10,-23.000893,-43.367123,2023-07-26 05:00:17,0.0,,volta,10 - ALVORADA X SANTA CRUZ (EXPRESSO) [VOLTA],514962.4,
12724,LMJ1118,18,-23.019186,-43.505671,2023-07-26 05:00:17,0.0,,ida,18 - RECREIO SHOPPING X JARDIM OCEÂNICO (EXPRESSO) [IDA],9642.9,
27209,LSL9B07,25,-22.993054,-43.597962,2023-07-26 05:00:31,0.0,,ida,25 - MATO ALTO X ALVORADA (PARADOR) [IDA],10074.7,
30511,KPV2250,13,-23.000921,-43.366989,2023-07-26 05:00:32,21.6,,volta,13 - ALVORADA X  MATO ALTO (EXPRESSO) [VOLTA],49436.1,262.0
12725,LMJ1327,25,-23.016326,-43.515456,2023-07-26 05:00:28,59.7,,volta,25 - ALVORADA X MATO ALTO (PARADOR) [VOLTA],39252.0,287.0
47022,KRM7701,10,-23.012536,-43.459566,2023-07-26 05:00:29,0.9,,volta,10 - ALVORADA X SANTA CRUZ (EXPRESSO) [VOLTA],12942.9,239.0
13422,LSI5978,20,-22.952234,-43.649596,2023-07-26 05:00:31,32.0,,ida,20 - SANTA CRUZ X SALVADOR ALLENDE (EXPRESSO) [IDA],40378.0,157.0
13402,LTL5480,12,-22.920265,-43.607739,2023-07-26 05:00:17,0.0,,ida,12 - PINGO D'AGUA X ALVORADA (EXPRESSO) [IDA],43258.9,
12730,LSO8993,19,-23.008389,-43.443332,2023-07-26 05:00:26,0.0,,volta,19 - SALVADOR ALLENDE X PINGO D'AGUA (EXPRESSO) [VOLTA],9249.4,250.0
86872,LSH7386,20,-22.992778,-43.598115,2023-07-26 05:00:29,0.0,,ida,20 - SANTA CRUZ X SALVADOR ALLENDE (EXPRESSO) [IDA],22416.5,
47017,LRS2841,20,-22.920637,-43.681085,2023-07-26 05:00:22,25.7,,ida,20 - SANTA CRUZ X SALVADOR ALLENDE (EXPRESSO) [IDA],47895.8,137.0
30509,KYM4574,13,-23.000779,-43.364762,2023-07-26 05:00:34,0.1,,volta,13 - ALVORADA X  MATO ALTO (EXPRESSO) [VOLTA],53043.9,88.0
12710,KRO9724,20,-22.97013,-43.63111,2023-07-26 05:00:18,60.3,,ida,20 - SANTA CRUZ X SALVADOR ALLENDE (EXPRESSO) [IDA],38376.2,102.0
12720,KXD9430,20,-23.012205,-43.457883,2023-07-26 05:00:18,30.4,,ida,20 - SANTA CRUZ X SALVADOR ALLENDE (EXPRESSO) [IDA],21762.7,75.0
12712,LSN8501,19,-22.920133,-43.60806,2023-07-26 05:00:32,0.0,,ida,19 - PINGO D'AGUA X SALVADOR ALLENDE (EXPRESSO) [IDA],31093.7,173.0
30521,LRC6594,25,-22.916119,-43.624821,2023-07-26 05:00:34,50.9,,ida,25 - MATO ALTO X ALVORADA (PARADOR) [IDA],34817.3,279.0
47010,KPZ8363,25,-23.019585,-43.486992,2023-07-26 05:00:33,37.4,,ida,25 - MATO ALTO X ALVORADA (PARADOR) [IDA],42583.7,66.0
90006,LRH6D12,20,-22.945971,-43.655817,2023-07-26 05:00:34,48.2,,volta,20 - SALVADOR ALLENDE X SANTA CRUZ (EXPRESSO) [VOLTA],29705.1,289.0
30531,LRC6592,19,-23.006599,-43.552521,2023-07-26 05:00:23,59.1,,volta,19 - SALVADOR ALLENDE X PINGO D'AGUA (EXPRESSO) [VOLTA],40596.8,285.0
30524,LRC6601,25,-22.99635,-43.594015,2023-07-26 04:58:00,57.5,,ida,25 - MATO ALTO X ALVORADA (PARADOR) [IDA],29222.3,136.0
13415,KQK7905,25,-23.000071,-43.4122,2023-07-26 05:00:34,22.7,,ida,25 - MATO ALTO X ALVORADA (PARADOR) [IDA],45129.4,80.0
901002,,22,-23.006437,-43.314132,2023-07-26 05:00:23,39.7,,volta,22 - J. OCEÂNICO X ALVORADA (PARADOR) [VOLTA],17400.6,269.0
B13,KYM5979,14,-23.007459,-43.544775,2023-07-26 05:00:24,58.9,,volta,14 - SALVADOR ALLENDE x SANTA EUGÊNIA (EXPRESSO) [VOLTA],1166.6,271.0
B19,KZJ7238,14,-22.916566666666668,-43.631663333333336,2023-07-26 05:00:35,0.0,,ida,14 - SANTA EUGÊNIA X SALVADOR ALLENDE (EXPRESSO) [IDA],104993.2,225.0
B14,KRK9519,14,-23.018408,-43.482897,2023-07-26 05:00:18,47.8,,volta,14 - SALVADOR ALLENDE x SANTA EUGÊNIA (EXPRESSO) [VOLTA],1173.0,255.0
B11,KRK9516,14,-22.91619,-43.630539,2023-07-26 05:00:19,0.0,,ida,14 - SANTA EUGÊNIA X SALVADOR ALLENDE (EXPRESSO) [IDA],1219.9,240.0
B12,LMH5981,14,-22.954983,-43.649428,2023-07-26 05:00:13,57.7,,ida,14 - SANTA EUGÊNIA X SALVADOR ALLENDE (EXPRESSO) [IDA],1145.3,5.0
B24,LSO7028,14,-22.948527,-43.653087,2023-07-26 05:00:19,57.5,,ida,14 - SANTA EUGÊNIA X SALVADOR ALLENDE (EXPRESSO) [IDA],1188.9,138.0
B25,,14,-22.926587,-43.651377,2023-07-26 05:00:33,37.0,,ida,14 - SANTA EUGÊNIA X SALVADOR ALLENDE (EXPRESSO) [IDA],1104.4,253.0
B28,KQP5E29,14,-22.916363,-43.63081,2023-07-26 05:00:17,0.0,,ida,14 - SANTA EUGÊNIA X SALVADOR ALLENDE (EXPRESSO) [IDA],1141.6,238.0
B40,,14,-22.961894,-43.648647,2023-07-26 05:00:34,15.1,,ida,14 - SANTA EUGÊNIA X SALVADOR ALLENDE (EXPRESSO) [IDA],743.2,274.0
B41,,14,-22.961187,-43.64823,2023-07-26 05:00:16,0.0,,ida,14 - SANTA EUGÊNIA X SALVADOR ALLENDE (EXPRESSO) [IDA],1172.1,
901001,RJD7J89,22,-23.000172,-43.343131,2023-07-26 05:00:27,34.6,,volta,22 - J. OCEÂNICO X ALVORADA (PARADOR) [VOLTA],17339.3,271.0
B47,,14,-22.916584,-43.631898,2023-07-26 05:00:26,0.0,,ida,14 - SANTA EUGÊNIA X SALVADOR ALLENDE (EXPRESSO) [IDA],1178.3,76.0
B048,,14,-22.916476,-43.631446,2023-07-26 05:00:29,0.0,,ida,14 - SANTA EUGÊNIA X SALVADOR ALLENDE (EXPRESSO) [IDA],1167.9,258.0
B49,,14,-22.921844,-43.64645,2023-07-26 05:00:33,57.1,,ida,14 - SANTA EUGÊNIA X SALVADOR ALLENDE (EXPRESSO) [IDA],1135.9,243.0
B55,,14,-23.011175,-43.535184,2023-07-26 05:00:19,57.2,,ida,14 - SANTA EUGÊNIA X SALVADOR ALLENDE (EXPRESSO) [IDA],1144.1,99.0
B53,,14,-22.916517,-43.631181,2023-07-26 05:00:27,0.0,,ida,14 - SANTA EUGÊNIA X SALVADOR ALLENDE (EXPRESSO) [IDA],1195.7,264.0
B51,,14,-23.012046,-43.456953,2023-07-26 05:00:20,32.8,,ida,14 - SANTA EUGÊNIA X SALVADOR ALLENDE (EXPRESSO) [IDA],1225.2,75.0
901077,,52,-22.973,-43.396805,2023-07-26 05:00:15,50.2,,ida,52 - SENTIDO ALVORADA (PARADOR) [IDA],26507.4,270.0
902119,,35,-22.96018,-43.389599,2023-07-26 05:00:21,33.1,,volta,35 - ALVORADA  X  MADUREIRA (PARADOR) [VOLTA],7685.7,50.0
901058,,51,-22.988432,-43.415845,2023-07-26 05:00:24,55.4,,volta,51 - SENTIDO V. MILITAR (PARADOR) [VOLTA],44189.2,60.0
903027,,50,-22.972346,-43.401143,2023-07-26 05:00:30,0.0,,ida,50 - SENTIDO JD. OCEANICO (PARADOR) [IDA],49611.5,
901066,,52,-23.001007,-43.368151,2023-07-26 05:00:30,22.2,,volta,52 - SENTIDO V. MILITAR (PARADOR) [VOLTA],50003.8,322.0
903026,,50,-22.999292,-43.368429,2023-07-26 05:00:23,42.5,,ida,50 - SENTIDO JD. OCEANICO (PARADOR) [IDA],48954.4,228.0
903029,,50,-22.972026,-43.401128,2023-07-26 05:00:21,0.0,,ida,50 - SENTIDO JD. OCEANICO (PARADOR) [IDA],33512.4,206.0
902116,,35,-23.001039,-43.365054,2023-07-26 05:00:22,19.2,,volta,35 - ALVORADA  X  MADUREIRA (PARADOR) [VOLTA],11178.0,270.0
902115,,35,-23.001299,-43.36604,2023-07-26 05:00:34,0.0,,volta,35 - ALVORADA  X  MADUREIRA (PARADOR) [VOLTA],14861.5,
901061,,51,-22.952849,-43.3904,2023-07-26 05:00:18,0.1,,volta,51 - SENTIDO V. MILITAR (PARADOR) [VOLTA],43300.3,30.0
903030,,50,-22.916922,-43.362629,2023-07-26 05:00:27,40.9,,ida,50 - SENTIDO JD. OCEANICO (PARADOR) [IDA],40958.7,229.0
901073,,51,-22.862323,-43.4005,2023-07-26 05:00:19,0.0,,ida,,41849.8,
903031,,38,-22.876426,-43.32952,2023-07-26 05:00:35,0.0,,ida,38 - FUNDÃO X ALVORADA (PARADOR) [IDA],40602.9,
903032,,42,-22.876507,-43.335573,2023-07-26 05:00:30,41.7,,volta,42 - MADUREIRA MANANCEIA X GALEAO (PARADOR) [VOLTA],42706.4,30.0
903055,,17,-22.934831,-43.66816,2023-07-26 05:00:22,52.9,,ida,17 - SANTA CRUZ X CAMPO GRANDE (PARADOR) [IDA],18907.0,309.0
903037,,17,-22.915958,-43.68402,2023-07-26 05:00:34,17.3,,ida,17 - SANTA CRUZ X CAMPO GRANDE (PARADOR) [IDA],20702.9,284.0
903002,,42,-22.862988,-43.331941,2023-07-26 05:00:35,54.0,,ida,42 - GALEÃO X MADUREIRA MANANCEIA (PARADOR) [IDA],6970.5,232.0
901080,,53,-22.884478,-43.399464,2023-07-26 05:00:33,0.0,,ida,53 - SENTIDO ALVORADA (EXPRESSO) [IDA],31274.2,16.0
902110,,35,-22.986756,-43.365644,2023-07-26 05:00:31,43.5,,volta,35 - ALVORADA  X  MADUREIRA (PARADOR) [VOLTA],8831.4,
902114,,35,-22.920052,-43.367917,2023-07-26 05:00:23,0.0,,volta,35 - ALVORADA  X  MADUREIRA (PARADOR) [VOLTA],8972.2,55.0
902078,,31,-22.876825,-43.329815,2023-07-26 05:00:17,0.0,,ida,31 - VICENTE DE CARVALHO X ALVORADA (SEMIDIRETO) [IDA],10282.0,78.0
903054,,17,-22.915784,-43.607937,2023-07-26 05:00:20,46.1,,volta,17 - CAMPO GRANDE  X SANTA CRUZ (PARADOR) [VOLTA],17668.6,251.0
903021,,42,-22.840587,-43.239867,2023-07-26 05:00:34,15.6,,ida,42 - GALEÃO X MADUREIRA MANANCEIA (PARADOR) [IDA],34620.8,175.0
903056,,17,-22.93321,-43.661316,2023-07-26 05:00:19,46.6,,volta,17 - CAMPO GRANDE  X SANTA CRUZ (PARADOR) [VOLTA],14652.1,251.0
903000,,50,-23.006864,-43.311694,2023-07-26 05:00:34,14.5,,volta,50 - SENTIDO T. OLIMPICO (PARADOR) [VOLTA],31884.5,40.0
903058,,17,-22.916934,-43.63352,2023-07-26 05:00:34,26.5,,volta,17 - CAMPO GRANDE  X SANTA CRUZ (PARADOR) [VOLTA],9166.6,255.0
901072,,52,-22.886272,-43.40079,2023-07-26 05:00:17,15.4,,ida,52 - SENTIDO ALVORADA (PARADOR) [IDA],38620.6,187.0
902045,,31,-22.85229,-43.312458,2023-07-26 05:00:19,0.0,,ida,31 - VICENTE DE CARVALHO X ALVORADA (SEMIDIRETO) [IDA],6827.7,
903007,,50,-23.0004,-43.33631,2023-07-26 05:00:29,12.7,,volta,50 - SENTIDO T. OLIMPICO (PARADOR) [VOLTA],41357.1,274.0
903004,,42,-22.857414,-43.258249,2023-07-26 05:00:30,0.0,,ida,42 - GALEÃO X MADUREIRA MANANCEIA (PARADOR) [IDA],39197.7,278.0
903006,,50,-22.876647,-43.330183,2023-07-26 05:00:19,0.0,,ida,50 - SENTIDO JD. OCEANICO (PARADOR) [IDA],46380.8,
903005,,42,-22.839444,-43.239943,2023-07-26 05:00:27,0.0,,ida,42 - GALEÃO X MADUREIRA MANANCEIA (PARADOR) [IDA],38822.6,
903022,,50,-23.001331,-43.366945,2023-07-26 05:00:22,12.8,,volta,50 - SENTIDO T. OLIMPICO (PARADOR) [VOLTA],37734.3,88.0
903035,,17,-22.918382,-43.682827,2023-07-26 05:00:22,0.0,,ida,17 - SANTA CRUZ X CAMPO GRANDE (PARADOR) [IDA],19570.8,324.0
901059,,51,-23.008444,-43.439743,2023-07-26 05:00:35,0.0,,volta,51 - SENTIDO V. MILITAR (PARADOR) [VOLTA],48353.9,86.0
903003,,42,-22.877849,-43.336432,2023-07-26 05:00:26,0.0,,volta,42 - MADUREIRA MANANCEIA X GALEAO (PARADOR) [VOLTA],41707.8,28.0
901021,,40,-23.000905,-43.366153,2023-07-26 05:00:19,0.0,,volta,40 - ALVORADA X PAULO DA PORTELA (EXPRESSO) [VOLTA],17610.9,
901024,,22,-22.999991,-43.362432,2023-07-26 05:00:34,38.8,,volta,22 - J. OCEÂNICO X ALVORADA (PARADOR) [VOLTA],20661.1,266.0
901025,,51,-22.861185,-43.39869,2023-07-26 05:00:16,0.0,,ida,51 - SENTIDO RECREIO (PARADOR) [IDA],40715.2,242.0
901027,,41,-22.89681,-43.398751,2023-07-26 05:00:32,48.6,,volta,41 - TERMINAL RECREIO X PAULO DA PORTELA (EXPRESSO) [VOLTA],25981.0,330.0
901028,,40,-22.878213,-43.340915,2023-07-26 05:00:31,19.2,,ida,40 - PAULO DA PORTELA X ALVORADA (EXPRESSO) [IDA],23774.5,196.0
901030,,35,-22.900459,-43.354187,2023-07-26 05:00:21,0.0,,ida,35 - MADUREIRA X ALVORADA (PARADOR) [IDA],21832.9,29.0
901032,,52,-22.896431,-43.351154,2023-07-26 05:00:18,32.7,,ida,52 - SENTIDO ALVORADA (PARADOR) [IDA],25293.3,40.0
901034,,0,-22.966611,-43.390352,2023-07-26 05:00:24,32.1,,,,27513.5,
901036,,52,-22.964757,-43.391928,2023-07-26 04:54:06,0.0,,ida,52 - SENTIDO ALVORADA (PARADOR) [IDA],22805.5,
903009,,42,-22.81243,-43.246748,2023-07-26 05:00:27,59.4,,ida,42 - GALEÃO X MADUREIRA MANANCEIA (PARADOR) [IDA],47185.0,125.0
903010,,42,-22.813327,-43.245136,2023-07-26 05:00:34,24.8,,ida,42 - GALEÃO X MADUREIRA MANANCEIA (PARADOR) [IDA],43696.2,53.0
903011,,42,-22.85231,-43.312256,2023-07-26 05:00:19,0.0,,volta,42 - MADUREIRA MANANCEIA X GALEAO (PARADOR) [VOLTA],45335.0,68.0
903012,,42,-22.839055,-43.295588,2023-07-26 05:00:33,29.0,,ida,42 - GALEÃO X MADUREIRA MANANCEIA (PARADOR) [IDA],47952.6,239.0
903015,,42,-22.829768,-43.23576,2023-07-26 05:00:16,54.5,,ida,42 - GALEÃO X MADUREIRA MANANCEIA (PARADOR) [IDA],47867.3,31.0
903016,,42,-22.839244,-43.283094,2023-07-26 05:00:25,15.0,,volta,42 - MADUREIRA MANANCEIA X GALEAO (PARADOR) [VOLTA],42530.2,126.0
903017,,50,-22.97332,-43.388902,2023-07-26 05:00:27,34.0,,ida,50 - SENTIDO JD. OCEANICO (PARADOR) [IDA],44904.3,91.0
903018,,38,-22.876787,-43.329918,2023-07-26 05:00:34,0.0,,ida,38 - FUNDÃO X ALVORADA (PARADOR) [IDA],11282.1,278.0
903020,,50,-22.97244,-43.401028,2023-07-26 05:00:30,0.0,,ida,50 - SENTIDO JD. OCEANICO (PARADOR) [IDA],43839.4,359.0
903024,,38,-22.876853,-43.330094,2023-07-26 05:00:33,0.3,,ida,38 - FUNDÃO X ALVORADA (PARADOR) [IDA],38022.8,100.0
903025,,50,-23.000707,-43.334656,2023-07-26 05:00:22,7.0,,ida,50 - SENTIDO JD. OCEANICO (PARADOR) [IDA],39457.6,102.0
903013,,42,-22.815719,-43.241788,2023-07-26 05:00:16,51.2,,ida,42 - GALEÃO X MADUREIRA MANANCEIA (PARADOR) [IDA],44478.5,125.0
903014,,38,-22.876529,-43.32976,2023-07-26 05:00:30,0.0,,ida,38 - FUNDÃO X ALVORADA (PARADOR) [IDA],51723.3,
901060,,51,-22.992192,-43.421151,2023-07-26 05:00:15,59.2,,ida,51 - SENTIDO RECREIO (PARADOR) [IDA],24781.1,224.0
903052,,17,-22.916868,-43.60695,2023-07-26 05:00:25,0.0,,ida,17 - SANTA CRUZ X CAMPO GRANDE (PARADOR) [IDA],21797.5,2.0
903063,,17,-22.920225,-43.608154,2023-07-26 05:00:27,0.0,,ida,17 - SANTA CRUZ X CAMPO GRANDE (PARADOR) [IDA],21497.7,135.0
902113,,31,-22.87898,-43.329833,2023-07-26 05:00:26,43.7,,ida,31 - VICENTE DE CARVALHO X ALVORADA (SEMIDIRETO) [IDA],8848.0,267.0
902118,,31,-22.876437,-43.329607,2023-07-26 05:00:18,0.0,,ida,31 - VICENTE DE CARVALHO X ALVORADA (SEMIDIRETO) [IDA],7640.6,
902117,,31,-22.852499,-43.312628,2023-07-26 05:00:17,0.0,,ida,31 - VICENTE DE CARVALHO X ALVORADA (SEMIDIRETO) [IDA],10240.8,
901044,,40,-22.877676,-43.336709,2023-07-26 05:00:19,5.9,,ida,40 - PAULO DA PORTELA X ALVORADA (EXPRESSO) [IDA],29594.8,299.0
903033,,42,-22.839832,-43.23946,2023-07-26 05:00:25,0.0,,ida,,36567.0,145.0
902020,,46,-22.840746,-43.280818,2023-07-26 05:00:31,40.0,,volta,46 - ALVORADA X PENHA (EXPRESSO) [VOLTA],31639.4,124.0
902022,,46,-22.8413,-43.276197,2023-07-26 05:00:16,0.0,,ida,46 - PENHA X ALVORADA (EXPRESSO) [IDA],30782.3,
902059,,43,-22.940578,-43.372487,2023-07-26 05:00:29,0.0,,volta,43 - SANTA EFIGENIA X FUNDÃO (EXPRESSO) [VOLTA],35713.0,
902056,,46,-22.863468,-43.33254,2023-07-26 05:00:24,40.0,,volta,46 - ALVORADA X PENHA (EXPRESSO) [VOLTA],34637.7,52.0
901091,,51,-22.862216,-43.401006,2023-07-26 05:00:20,0.0,,ida,51 - SENTIDO RECREIO (PARADOR) [IDA],31119.9,244.0
902032,,46,-23.001338,-43.365468,2023-07-26 05:00:24,0.0,,volta,46 - ALVORADA X PENHA (EXPRESSO) [VOLTA],36295.0,74.0
902027,,43,-22.86117,-43.330224,2023-07-26 05:00:30,41.0,,ida,43 - FUNDÃO X SANTA EFIGENIA (EXPRESSO) [IDA],32869.8,223.0
902028,,46,-22.922859,-43.373493,2023-07-26 05:00:34,22.7,,volta,46 - ALVORADA X PENHA (EXPRESSO) [VOLTA],37588.6,75.0
902018,,40,-22.889128,-43.346353,2023-07-26 05:00:20,41.6,,ida,40 - PAULO DA PORTELA X ALVORADA (EXPRESSO) [IDA],23637.2,29.0
902046,,46,-22.841951,-43.27764,2023-07-26 05:00:20,0.0,,ida,46 - PENHA X ALVORADA (EXPRESSO) [IDA],33367.199,
12715,,10,-22.968662,-43.622049,2023-07-26 05:00:24,20.9,,volta,10 - ALVORADA X SANTA CRUZ (EXPRESSO) [VOLTA],42378.2,244.0
901062,,51,-22.964703,-43.395306,2023-07-26 05:00:23,46.4,,ida,51 - SENTIDO RECREIO (PARADOR) [IDA],46930.0,220.0
E902000,,41,-22.854728,-43.251386,2023-07-26 05:00:25,0.0,,volta,41 - TERMINAL RECREIO X PAULO DA PORTELA (EXPRESSO) [VOLTA],10383.7,
901067,,52,-22.999077,-43.368188,2023-07-26 05:00:28,57.3,,ida,52 - SENTIDO ALVORADA (PARADOR) [IDA],41766.6,227.0
E902004,,41,-22.854785,-43.252012,2023-07-26 05:00:20,0.0,,volta,41 - TERMINAL RECREIO X PAULO DA PORTELA (EXPRESSO) [VOLTA],13269.1,
12713,,18,-23.020676,-43.499934,2023-07-26 05:00:30,0.0,,ida,18 - RECREIO SHOPPING X JARDIM OCEÂNICO (EXPRESSO) [IDA],35248.9,100.0
902062,,46,-22.889151,-43.346387,2023-07-26 05:00:23,37.9,,volta,46 - ALVORADA X PENHA (EXPRESSO) [VOLTA],33285.6,30.0
902048,,46,-23.001289,-43.364718,2023-07-26 05:00:22,0.0,,volta,46 - ALVORADA X PENHA (EXPRESSO) [VOLTA],23959.2,92.0
902058,,46,-22.854619,-43.25233,2023-07-26 05:00:34,0.0,,ida,46 - PENHA X ALVORADA (EXPRESSO) [IDA],34575.1,
901068,,51,-23.008487,-43.440127,2023-07-26 05:00:16,0.0,,volta,51 - SENTIDO V. MILITAR (PARADOR) [VOLTA],50821.2,
902003,,41,-22.839334,-43.239903,2023-07-26 05:00:17,0.0,,volta,41 - TERMINAL RECREIO X PAULO DA PORTELA (EXPRESSO) [VOLTA],17397.0,
902102,,35,-22.879073,-43.336446,2023-07-26 05:00:21,0.0,,ida,35 - MADUREIRA X ALVORADA (PARADOR) [IDA],12380.5,
902061,,46,-22.854774,-43.252059,2023-07-26 05:00:19,0.0,,ida,46 - PENHA X ALVORADA (EXPRESSO) [IDA],28945.9,
902052,,46,-23.001376,-43.366811,2023-07-26 05:00:22,0.0,,volta,46 - ALVORADA X PENHA (EXPRESSO) [VOLTA],35616.9,89.0
902050,,43,-22.940398,-43.372488,2023-07-26 05:00:17,0.0,,volta,43 - SANTA EFIGENIA X FUNDÃO (EXPRESSO) [VOLTA],31262.3,
12716,,20,-22.917894,-43.683191,2023-07-26 05:00:22,0.0,,ida,20 - SANTA CRUZ X SALVADOR ALLENDE (EXPRESSO) [IDA],45562.3,
902063,,46,-23.000668,-43.367512,2023-07-26 05:00:26,0.0,,volta,46 - ALVORADA X PENHA (EXPRESSO) [VOLTA],33267.5,
902060,,41,-22.854322,-43.251906,2023-07-26 05:00:17,0.0,,volta,41 - TERMINAL RECREIO X PAULO DA PORTELA (EXPRESSO) [VOLTA],30130.2,
902008,,46,-22.965872,-43.391371,2023-07-26 05:00:31,10.2,,ida,46 - PENHA X ALVORADA (EXPRESSO) [IDA],10524.9,92.0
902047,,46,-22.854406,-43.251525,2023-07-26 05:00:16,0.0,,ida,46 - PENHA X ALVORADA (EXPRESSO) [IDA],23962.0,
902051,,46,-22.852535,-43.312551,2023-07-26 05:00:19,22.2,,ida,46 - PENHA X ALVORADA (EXPRESSO) [IDA],32991.0,223.0
902067,,46,-22.908413,-43.358492,2023-07-26 05:00:19,58.7,,ida,46 - PENHA X ALVORADA (EXPRESSO) [IDA],34089.9,212.0
901098,,51,-22.868459,-43.413521,2023-07-26 05:00:27,28.5,,volta,51 - SENTIDO V. MILITAR (PARADOR) [VOLTA],27289.8,29.0
901055,,51,-22.861242,-43.398836,2023-07-26 05:00:31,19.5,,ida,51 - SENTIDO RECREIO (PARADOR) [IDA],46658.3,233.0
901076,,52,-22.855475,-43.387712,2023-07-26 05:00:30,47.1,,ida,52 - SENTIDO ALVORADA (PARADOR) [IDA],31273.7,233.0
902054,,46,-22.854721,-43.251896,2023-07-26 05:00:20,0.0,,ida,46 - PENHA X ALVORADA (EXPRESSO) [IDA],35704.7,
901079,,53,-22.88694,-43.400943,2023-07-26 05:00:22,30.7,,ida,53 - SENTIDO ALVORADA (EXPRESSO) [IDA],44049.8,190.0
901084,,53,-22.965509,-43.39165,2023-07-26 05:00:17,0.0,,ida,53 - SENTIDO ALVORADA (EXPRESSO) [IDA],52298.2,
901070,,52,-22.942123,-43.394596,2023-07-26 05:00:17,37.6,,ida,52 - SENTIDO ALVORADA (PARADOR) [IDA],40487.2,174.0
902080,,46,-22.876731,-43.335838,2023-07-26 05:00:25,28.3,,ida,46 - PENHA X ALVORADA (EXPRESSO) [IDA],34349.8,210.0
902065,,43,-22.839487,-43.239752,2023-07-26 05:00:23,0.0,,ida,43 - FUNDÃO X SANTA EFIGENIA (EXPRESSO) [IDA],35358.4,
901069,,52,-22.97328,-43.393293,2023-07-26 05:00:23,0.0,,ida,52 - SENTIDO ALVORADA (PARADOR) [IDA],37736.8,87.0
901085,,53,-22.927979,-43.395871,2023-07-26 05:00:22,59.0,,ida,53 - SENTIDO ALVORADA (EXPRESSO) [IDA],43539.1,333.0
902030,,31,-22.852268,-43.315661,2023-07-26 05:00:35,18.0,,ida,31 - VICENTE DE CARVALHO X ALVORADA (SEMIDIRETO) [IDA],11293.9,259.0
902071,,46,-23.00101,-43.367998,2023-07-26 05:00:20,0.0,,volta,46 - ALVORADA X PENHA (EXPRESSO) [VOLTA],35937.8,
902072,,43,-22.85468,-43.251934,2023-07-26 05:00:24,0.0,,volta,43 - SANTA EFIGENIA X FUNDÃO (EXPRESSO) [VOLTA],32687.8,
902064,,43,-22.839501,-43.296205,2023-07-26 05:00:24,32.4,,ida,43 - FUNDÃO X SANTA EFIGENIA (EXPRESSO) [IDA],0.0,232.0
902070,,46,-22.936871,-43.371876,2023-07-26 05:00:35,0.0,,ida,46 - PENHA X ALVORADA (EXPRESSO) [IDA],36287.7,192.0
901083,,53,-22.883542,-43.399575,2023-07-26 05:00:24,0.0,,ida,53 - SENTIDO ALVORADA (EXPRESSO) [IDA],49425.2,145.0
901087,,53,-22.964736,-43.392194,2023-07-26 05:00:21,0.0,,ida,53 - SENTIDO ALVORADA (EXPRESSO) [IDA],47525.2,
902085,,46,-22.854537,-43.251701,2023-07-26 05:00:19,0.0,,ida,46 - PENHA X ALVORADA (EXPRESSO) [IDA],34050.9,
E902001,,41,-22.854879,-43.251687,2023-07-26 05:00:25,19.3,,volta,41 - TERMINAL RECREIO X PAULO DA PORTELA (EXPRESSO) [VOLTA],20869.8,252.0
E902006,,40,-22.900461,-43.354165,2023-07-26 05:00:34,23.2,,ida,40 - PAULO DA PORTELA X ALVORADA (EXPRESSO) [IDA],19302.0,31.0
E902011,,40,-22.92155,-43.370633,2023-07-26 05:00:16,0.0,,ida,40 - PAULO DA PORTELA X ALVORADA (EXPRESSO) [IDA],8596.5,59.0
902002,,41,-22.839626,-43.28157,2023-07-26 05:00:33,19.9,,volta,41 - TERMINAL RECREIO X PAULO DA PORTELA (EXPRESSO) [VOLTA],19827.0,246.0
901095,,51,-22.96532,-43.39151,2023-07-26 05:00:27,0.0,,volta,51 - SENTIDO V. MILITAR (PARADOR) [VOLTA],35035.8,337.0
902069,,41,-22.878252,-43.340925,2023-07-26 05:00:24,11.2,,ida,41 - PAULO DA PORTELA X TERMINAL RECREIO (EXPRESSO) [IDA],32580.0,193.0
902094,,35,-22.929406,-43.373415,2023-07-26 05:00:35,16.3,,volta,35 - ALVORADA  X  MADUREIRA (PARADOR) [VOLTA],9086.7,351.0
903068,,17,-22.910721,-43.583683,2023-07-26 05:00:19,8.4,,ida,17 - SANTA CRUZ X CAMPO GRANDE (PARADOR) [IDA],20731.3,68.0
902082,,35,-22.914226,-43.360705,2023-07-26 05:00:22,53.3,,ida,35 - MADUREIRA X ALVORADA (PARADOR) [IDA],10866.2,192.0
903062,,17,-22.934595,-43.66535,2023-07-26 05:00:17,16.7,,ida,17 - SANTA CRUZ X CAMPO GRANDE (PARADOR) [IDA],20185.4,30.0
902089,,35,-22.973424,-43.365353,2023-07-26 05:00:17,0.0,,ida,35 - MADUREIRA X ALVORADA (PARADOR) [IDA],9770.3,92.0
903041,,50,-22.876526,-43.329483,2023-07-26 05:00:31,0.0,,ida,50 - SENTIDO JD. OCEANICO (PARADOR) [IDA],27433.7,
903051,,50,-22.973263,-43.387331,2023-07-26 05:00:21,0.0,,volta,50 - SENTIDO T. OLIMPICO (PARADOR) [VOLTA],31057.7,268.0
903036,,17,-22.919072,-43.607433,2023-07-26 05:00:17,0.0,,ida,17 - SANTA CRUZ X CAMPO GRANDE (PARADOR) [IDA],156820.0,87.0
902036,,41,-22.877542,-43.336956,2023-07-26 05:00:34,0.0,,ida,41 - PAULO DA PORTELA X TERMINAL RECREIO (EXPRESSO) [IDA],32318.3,
903039,,17,-22.926471,-43.650888,2023-07-26 05:00:26,54.3,,ida,17 - SANTA CRUZ X CAMPO GRANDE (PARADOR) [IDA],18365.5,72.0
902074,,31,-22.876456,-43.32962,2023-07-26 05:00:19,0.0,,ida,31 - VICENTE DE CARVALHO X ALVORADA (SEMIDIRETO) [IDA],9765.9,
902044,,43,-22.854526,-43.251367,2023-07-26 05:00:29,0.0,,ida,43 - FUNDÃO X SANTA EFIGENIA (EXPRESSO) [IDA],31223.5,
903064,,50,-22.972186,-43.401085,2023-07-26 05:00:31,0.0,,ida,50 - SENTIDO JD. OCEANICO (PARADOR) [IDA],22136.6,152.0
903069,,17,-22.927486,-43.677591,2023-07-26 05:00:17,16.3,,volta,17 - CAMPO GRANDE  X SANTA CRUZ (PARADOR) [VOLTA],22410.7,308.0
902042,,46,-22.973323,-43.365893,2023-07-26 05:00:31,47.4,,volta,46 - ALVORADA X PENHA (EXPRESSO) [VOLTA],31917.4,268.0
902040,,46,-22.943418,-43.372244,2023-07-26 05:00:31,58.5,,volta,46 - ALVORADA X PENHA (EXPRESSO) [VOLTA],34107.9,354.0
903049,,17,-22.914351,-43.603417,2023-07-26 05:00:31,44.5,,ida,17 - SANTA CRUZ X CAMPO GRANDE (PARADOR) [IDA],23318.9,76.0
903038,,17,-22.9022,-43.558872,2023-07-26 04:56:57,23.2,,volta,17 - CAMPO GRANDE  X SANTA CRUZ (PARADOR) [VOLTA],26536.9,219.0
902096,,35,-23.000986,-43.367095,2023-07-26 05:00:34,0.0,,volta,35 - ALVORADA  X  MADUREIRA (PARADOR) [VOLTA],14221.2,
902100,,35,-22.879152,-43.336722,2023-07-26 05:00:28,0.0,,ida,35 - MADUREIRA X ALVORADA (PARADOR) [IDA],13435.2,
903059,,17,-22.915949,-43.607928,2023-07-26 05:00:26,0.0,,ida,17 - SANTA CRUZ X CAMPO GRANDE (PARADOR) [IDA],18740.9,344.0
902079,,46,-22.855042,-43.252263,2023-07-26 05:00:20,23.9,,ida,46 - PENHA X ALVORADA (EXPRESSO) [IDA],30818.6,271.0
903066,,17,-22.918276,-43.682939,2023-07-26 05:00:23,0.0,,ida,17 - SANTA CRUZ X CAMPO GRANDE (PARADOR) [IDA],24875.0,326.0
902099,,35,-22.878298,-43.336321,2023-07-26 05:00:21,0.0,,ida,35 - MADUREIRA X ALVORADA (PARADOR) [IDA],11541.1,
902091,,35,-22.935461,-43.371842,2023-07-26 05:00:22,0.0,,ida,35 - MADUREIRA X ALVORADA (PARADOR) [IDA],14046.9,161.0
901099,,51,-22.873999,-43.407037,2023-07-26 05:00:24,59.1,,ida,51 - SENTIDO RECREIO (PARADOR) [IDA],29480.0,142.0
903061,,17,-22.916322,-43.607083,2023-07-26 05:00:35,0.0,,ida,17 - SANTA CRUZ X CAMPO GRANDE (PARADOR) [IDA],21481.9,311.0
903070,,17,-22.919062,-43.607962,2023-07-26 05:00:20,0.0,,ida,17 - SANTA CRUZ X CAMPO GRANDE (PARADOR) [IDA],9256.0,
44706,LRG8855,20,-22.915939,-43.684086,2023-07-26 05:00:21,15.0,,ida,,21874.4,253.0
901008,,22,-23.001075,-43.365587,2023-07-26 05:00:51,8.8,,volta,,22783.0,263.0
901007,,22,-23.001058,-43.366131,2023-07-26 05:00:49,0.0,,volta,,21817.9,263.0
901010,RJM8G30,22,-23.000953,-43.364853,2023-07-26 05:00:46,0.0,,ida,22 - ALVORADA X J. OCEÂNICO (PARADOR) [IDA],22869.5,271.0
901017,,22,-23.000755,-43.366013,2023-07-26 05:01:06,0.0,,ida,22 - ALVORADA X J. OCEÂNICO (PARADOR) [IDA],25122.4,
901006,RJA9F56,22,-23.00047,-43.366801,2023-07-26 05:01:03,23.6,,ida,22 - ALVORADA X J. OCEÂNICO (PARADOR) [IDA],19377.9,340.0
901005,RJB8E53,22,-23.00027,-43.341766,2023-07-26 05:00:46,0.7,,ida,22 - ALVORADA X J. OCEÂNICO (PARADOR) [IDA],21640.0,83.0
901004,RJQ8J80,22,-23.006737,-43.312365,2023-07-26 05:01:02,14.3,,volta,22 - J. OCEÂNICO X ALVORADA (PARADOR) [VOLTA],21432.4,90.0
30504,,25,-23.000124,-43.367074,2023-07-26 05:01:01,26.1,,volta,25 - ALVORADA X MATO ALTO (PARADOR) [VOLTA],53626.1,276.0
30538,KXE7719,20,-23.007822,-43.54252,2023-07-26 05:00:49,62.3,,volta,20 - SALVADOR ALLENDE X SANTA CRUZ (EXPRESSO) [VOLTA],55887.0,290.0
50309,KPN6B05,13,-23.012457,-43.45906,2023-07-26 05:00:48,5.3,,ida,13 - MATO ALTO X ALVORADA (EXPRESSO) [IDA],20081.9,65.0
13423,LSI5976,25,-23.008257,-43.443323,2023-07-26 05:00:51,50.8,,volta,25 - ALVORADA X MATO ALTO (PARADOR) [VOLTA],41109.6,254.0
13403,LTF5447,18,-23.021166,-43.497242,2023-07-26 04:43:31,49.2,,ida,18 - RECREIO SHOPPING X JARDIM OCEÂNICO (EXPRESSO) [IDA],53263.5,99.0
90002,LMB2D92,11,-22.966099,-43.645544,2023-07-26 04:51:56,0.0,,ida,11 - SANTA CRUZ X ALVORADA (PARADOR) [IDA],55845.3,107.0
47030,LSQ5263,20,-22.987185,-43.60523,2023-07-26 05:00:49,59.4,,ida,20 - SANTA CRUZ X SALVADOR ALLENDE (EXPRESSO) [IDA],53776.6,133.0
30519,LRE9804,11,-22.920074,-43.608092,2023-07-26 05:01:00,0.0,,ida,11 - SANTA CRUZ X ALVORADA (PARADOR) [IDA],51494.8,
90005,KWK6A89,10,-22.91741,-43.68342,2023-07-26 05:00:54,0.0,,ida,10 - SANTA CRUZ X ALVORADA (EXPRESSO) [IDA],49834.5,342.0
86851,KQO8674,14,-22.918854,-43.607018,2023-07-26 03:03:52,0.0,,ida,14 - SANTA EUGÊNIA X SALVADOR ALLENDE (EXPRESSO) [IDA],12881.3,167.0
86875,KQB4103,12,-22.917554,-43.607068,2023-07-26 05:00:48,15.6,,ida,12 - PINGO D'AGUA X ALVORADA (EXPRESSO) [IDA],13012.5,359.0
30518,KYL8597,25,-23.000639,-43.365028,2023-07-26 05:01:05,0.0,,volta,25 - ALVORADA X MATO ALTO (PARADOR) [VOLTA],37110.7,277.0
902090,,35,-22.883653,-43.342522,2023-07-26 05:00:49,39.2,,ida,35 - MADUREIRA X ALVORADA (PARADOR) [IDA],15076.0,198.0
47029,LSQ5267,11,-22.918539,-43.682738,2023-07-26 05:01:03,0.0,,ida,11 - SANTA CRUZ X ALVORADA (PARADOR) [IDA],56964.8,324.0
47012,KPZ8364,10,-22.916727,-43.683546,2023-07-26 05:01:02,0.0,,ida,10 - SANTA CRUZ X ALVORADA (EXPRESSO) [IDA],54990.7,336.0
86885,LTB5540,14,-22.918218,-43.606996,2023-07-26 05:00:48,16.6,,ida,14 - SANTA EUGÊNIA X SALVADOR ALLENDE (EXPRESSO) [IDA],514714.5,359.0
13425,KRL4070,20,-23.019454,-43.486964,2023-07-26 04:52:45,38.7,,volta,20 - SALVADOR ALLENDE X SANTA CRUZ (EXPRESSO) [VOLTA],1201.6,255.0
12738,KRR2404,25,-22.993108,-43.597317,2023-07-26 05:01:03,0.0,,ida,25 - MATO ALTO X ALVORADA (PARADOR) [IDA],37392.2,
86886,LTB5541,14,-22.916233,-43.630674,2023-07-26 05:00:47,0.0,,ida,14 - SANTA EUGÊNIA X SALVADOR ALLENDE (EXPRESSO) [IDA],13086.7,
13428,KXE7712,11,-22.920152,-43.607814,2023-07-26 05:00:53,0.0,,ida,11 - SANTA CRUZ X ALVORADA (PARADOR) [IDA],57799.1,
47006,KWZ8630,20,-23.0191,-43.505074,2023-07-26 05:01:04,0.0,,ida,20 - SANTA CRUZ X SALVADOR ALLENDE (EXPRESSO) [IDA],50888.5,
47007,LSP6018,18,-22.920596,-43.607735,2023-07-26 05:01:01,0.0,,ida,18 - RECREIO SHOPPING X JARDIM OCEÂNICO (EXPRESSO) [IDA],42179.7,158.0
13413,KWI9711,12,-22.992915,-43.598132,2023-07-26 05:00:49,0.0,,ida,12 - PINGO D'AGUA X ALVORADA (EXPRESSO) [IDA],43512.1,136.0
901057,,52,-22.973176,-43.38579,2023-07-26 05:00:54,59.9,,volta,52 - SENTIDO V. MILITAR (PARADOR) [VOLTA],51061.1,267.0
901003,RKM8C54,22,-23.006465,-43.313028,2023-07-26 05:00:47,0.0,,volta,22 - J. OCEÂNICO X ALVORADA (PARADOR) [VOLTA],22826.2,259.0
86874,KQB4102,20,-22.918881,-43.607601,2023-07-26 05:00:53,0.0,,ida,20 - SANTA CRUZ X SALVADOR ALLENDE (EXPRESSO) [IDA],512858.4,98.0
86879,LTN5696,18,-22.99255,-43.598511,2023-07-26 05:00:47,0.0,,ida,18 - RECREIO SHOPPING X JARDIM OCEÂNICO (EXPRESSO) [IDA],1812.9,
47011,LRH8889,0,-22.920691,-43.607895,2023-07-26 05:00:58,0.0,,,,39516.0,168.0
30537,KXE7720,12,-22.916434,-43.607012,2023-07-26 05:00:57,0.0,,ida,12 - PINGO D'AGUA X ALVORADA (EXPRESSO) [IDA],51505.1,354.0
50301,KPP5B70,25,-23.002729,-43.423719,2023-07-26 05:01:04,26.4,,volta,25 - ALVORADA X MATO ALTO (PARADOR) [VOLTA],3947.9,238.0
13401,KQO7822,19,-23.019745,-43.487401,2023-07-26 05:00:56,0.0,,ida,19 - PINGO D'AGUA X SALVADOR ALLENDE (EXPRESSO) [IDA],53642.8,74.0
13421,KWO8119,10,-22.920305,-43.608277,2023-07-26 05:00:58,0.0,,ida,10 - SANTA CRUZ X ALVORADA (EXPRESSO) [IDA],14957.8,
27174,KQP5437,20,-22.992977,-43.597928,2023-07-26 05:00:59,13.9,,ida,20 - SANTA CRUZ X SALVADOR ALLENDE (EXPRESSO) [IDA],18873.3,131.0
47026,KYA7928,10,-22.920584,-43.608013,2023-07-26 05:00:50,0.0,,ida,10 - SANTA CRUZ X ALVORADA (EXPRESSO) [IDA],32900.199,
86889,KRQ6878,10,-23.000893,-43.367123,2023-07-26 05:00:57,0.0,,volta,10 - ALVORADA X SANTA CRUZ (EXPRESSO) [VOLTA],514962.4,
12724,LMJ1118,18,-23.019186,-43.505671,2023-07-26 05:00:58,0.0,,ida,18 - RECREIO SHOPPING X JARDIM OCEÂNICO (EXPRESSO) [IDA],9642.9,
27209,LSL9B07,25,-22.993055,-43.597961,2023-07-26 05:00:51,0.0,,ida,25 - MATO ALTO X ALVORADA (PARADOR) [IDA],10074.7,
30511,KPV2250,13,-23.000696,-43.367935,2023-07-26 05:00:56,23.4,,volta,13 - ALVORADA X  MATO ALTO (EXPRESSO) [VOLTA],49436.2,78.0
12725,LMJ1327,25,-23.015708,-43.518585,2023-07-26 05:00:48,57.1,,volta,25 - ALVORADA X MATO ALTO (PARADOR) [VOLTA],39252.4,279.0
47022,KRM7701,10,-23.012732,-43.460611,2023-07-26 05:00:50,42.0,,volta,10 - ALVORADA X SANTA CRUZ (EXPRESSO) [VOLTA],12943.0,255.0
13422,LSI5978,20,-22.954679,-43.649507,2023-07-26 05:00:51,59.5,,ida,20 - SANTA CRUZ X SALVADOR ALLENDE (EXPRESSO) [IDA],40378.3,184.0
12730,LSO8993,19,-23.008431,-43.443726,2023-07-26 05:00:47,28.0,,volta,19 - SALVADOR ALLENDE X PINGO D'AGUA (EXPRESSO) [VOLTA],9249.5,267.0
86872,LSH7386,20,-22.992778,-43.598115,2023-07-26 05:00:50,0.0,,ida,20 - SANTA CRUZ X SALVADOR ALLENDE (EXPRESSO) [IDA],22416.5,
47017,LRS2841,20,-22.922389,-43.679647,2023-07-26 05:01:03,14.6,,ida,20 - SANTA CRUZ X SALVADOR ALLENDE (EXPRESSO) [IDA],47896.0,159.0
30509,KYM4574,13,-23.000779,-43.364762,2023-07-26 05:00:55,0.0,,volta,13 - ALVORADA X  MATO ALTO (EXPRESSO) [VOLTA],53043.9,88.0
12710,KRO9724,20,-22.969249,-43.624571,2023-07-26 05:00:58,60.5,,ida,20 - SANTA CRUZ X SALVADOR ALLENDE (EXPRESSO) [IDA],38376.9,78.0
12720,KXD9430,20,-23.011002,-43.453161,2023-07-26 05:00:58,41.2,,ida,20 - SANTA CRUZ X SALVADOR ALLENDE (EXPRESSO) [IDA],21763.2,74.0
12712,LSN8501,19,-22.920128,-43.608083,2023-07-26 05:00:52,0.0,,ida,19 - PINGO D'AGUA X SALVADOR ALLENDE (EXPRESSO) [IDA],31093.7,173.0
30521,LRC6594,25,-22.915534,-43.627624,2023-07-26 05:00:55,40.2,,ida,25 - MATO ALTO X ALVORADA (PARADOR) [IDA],34817.6,263.0
12733,KRQ4900,0,-22.919829,-43.608492,2023-07-26 04:03:50,0.0,,,,18657.0,
47010,KPZ8363,25,-23.019638,-43.486591,2023-07-26 05:00:54,2.8,,ida,25 - MATO ALTO X ALVORADA (PARADOR) [IDA],42583.7,79.0
86884,LSP9604,20,-22.965491,-43.391828,2023-07-26 04:36:37,0.0,,ida,20 - SANTA CRUZ X SALVADOR ALLENDE (EXPRESSO) [IDA],15298.5,326.0
90006,LRH6D12,20,-22.945335,-43.658183,2023-07-26 05:00:53,50.6,,volta,20 - SALVADOR ALLENDE X SANTA CRUZ (EXPRESSO) [VOLTA],29705.3,285.0
30531,LRC6592,19,-23.005222,-43.557839,2023-07-26 05:01:03,35.8,,volta,19 - SALVADOR ALLENDE X PINGO D'AGUA (EXPRESSO) [VOLTA],40597.4,286.0
30524,LRC6601,25,-23.003553,-43.566172,2023-07-26 05:01:00,59.9,,ida,25 - MATO ALTO X ALVORADA (PARADOR) [IDA],29225.3,105.0
13415,KQK7905,25,-23.000062,-43.411995,2023-07-26 05:00:53,0.0,,ida,25 - MATO ALTO X ALVORADA (PARADOR) [IDA],45129.4,87.0
901002,,22,-23.005355,-43.318721,2023-07-26 05:01:03,51.3,,volta,22 - J. OCEÂNICO X ALVORADA (PARADOR) [VOLTA],17401.1,293.0
B13,KYM5979,14,-23.00689,-43.551269,2023-07-26 05:01:05,58.7,,volta,14 - SALVADOR ALLENDE x SANTA EUGÊNIA (EXPRESSO) [VOLTA],1167.3,284.0
B19,KZJ7238,14,-22.916566666666668,-43.631663333333336,2023-07-26 05:00:55,0.0,,ida,14 - SANTA EUGÊNIA X SALVADOR ALLENDE (EXPRESSO) [IDA],104993.2,225.0
B32,KYR8913,14,-22.961444,-43.648623,2023-07-26 04:01:28,0.0,,ida,14 - SANTA EUGÊNIA X SALVADOR ALLENDE (EXPRESSO) [IDA],208.5,
B14,KRK9519,14,-23.01962,-43.48704,2023-07-26 05:00:58,8.1,,volta,14 - SALVADOR ALLENDE x SANTA EUGÊNIA (EXPRESSO) [VOLTA],1173.4,248.0
B11,KRK9516,14,-22.916217,-43.630561,2023-07-26 05:00:59,0.0,,ida,14 - SANTA EUGÊNIA X SALVADOR ALLENDE (EXPRESSO) [IDA],1219.9,240.0
B12,LMH5981,14,-22.95484,-43.649415,2023-07-26 05:00:14,56.4,,ida,14 - SANTA EUGÊNIA X SALVADOR ALLENDE (EXPRESSO) [IDA],1145.3,5.0
B24,LSO7028,14,-22.952848,-43.649434,2023-07-26 05:00:59,51.8,,ida,14 - SANTA EUGÊNIA X SALVADOR ALLENDE (EXPRESSO) [IDA],1189.5,169.0
B25,,14,-22.927505,-43.652983,2023-07-26 05:00:53,36.1,,ida,14 - SANTA EUGÊNIA X SALVADOR ALLENDE (EXPRESSO) [IDA],1104.6,214.0
B28,KQP5E29,14,-22.916331,-43.630808,2023-07-26 05:00:57,0.0,,ida,14 - SANTA EUGÊNIA X SALVADOR ALLENDE (EXPRESSO) [IDA],1141.6,238.0
B40,,14,-22.959244,-43.650079,2023-07-26 05:01:00,57.8,,ida,14 - SANTA EUGÊNIA X SALVADOR ALLENDE (EXPRESSO) [IDA],743.6,358.0
B41,,14,-22.961187,-43.64823,2023-07-26 05:00:55,0.0,,ida,14 - SANTA EUGÊNIA X SALVADOR ALLENDE (EXPRESSO) [IDA],1172.1,
901001,RJD7J89,22,-23.000126,-43.345583,2023-07-26 05:00:46,47.4,,volta,22 - J. OCEÂNICO X ALVORADA (PARADOR) [VOLTA],17339.5,271.0
B47,,14,-22.916603,-43.631901,2023-07-26 05:00:47,0.0,,ida,14 - SANTA EUGÊNIA X SALVADOR ALLENDE (EXPRESSO) [IDA],1178.3,76.0
B048,,14,-22.916497,-43.631432,2023-07-26 05:00:49,0.0,,ida,14 - SANTA EUGÊNIA X SALVADOR ALLENDE (EXPRESSO) [IDA],1167.9,258.0
B49,,14,-22.923784,-43.648785,2023-07-26 05:00:53,57.8,,ida,14 - SANTA EUGÊNIA X SALVADOR ALLENDE (EXPRESSO) [IDA],1136.3,224.0
B55,,14,-23.011593,-43.532291,2023-07-26 05:00:38,58.2,,ida,14 - SANTA EUGÊNIA X SALVADOR ALLENDE (EXPRESSO) [IDA],1144.4,117.0
B53,,14,-22.916517,-43.631181,2023-07-26 05:00:48,0.0,,ida,14 - SANTA EUGÊNIA X SALVADOR ALLENDE (EXPRESSO) [IDA],1195.7,264.0
B51,,14,-23.010886,-43.452255,2023-07-26 05:00:59,33.0,,ida,14 - SANTA EUGÊNIA X SALVADOR ALLENDE (EXPRESSO) [IDA],1225.7,75.0
901077,,52,-22.972577,-43.399924,2023-07-26 05:00:58,45.3,,ida,52 - SENTIDO ALVORADA (PARADOR) [IDA],26507.7,326.0
902119,,35,-22.959596,-43.387337,2023-07-26 05:01:00,43.4,,volta,35 - ALVORADA  X  MADUREIRA (PARADOR) [VOLTA],7685.9,76.0
901058,,51,-22.983926,-43.411793,2023-07-26 05:01:04,58.6,,volta,51 - SENTIDO V. MILITAR (PARADOR) [VOLTA],44189.9,36.0
902105,,31,-22.876823,-43.330267,2023-07-26 04:01:21,0.0,,ida,31 - VICENTE DE CARVALHO X ALVORADA (SEMIDIRETO) [IDA],10187.9,
903027,,50,-22.972346,-43.401143,2023-07-26 05:00:51,0.0,,ida,50 - SENTIDO JD. OCEANICO (PARADOR) [IDA],49611.5,
901066,,52,-22.999186,-43.368258,2023-07-26 05:01:00,49.0,,volta,52 - SENTIDO V. MILITAR (PARADOR) [VOLTA],50004.1,48.0
903026,,50,-23.000896,-43.368227,2023-07-26 05:01:03,22.8,,ida,50 - SENTIDO JD. OCEANICO (PARADOR) [IDA],48954.6,24.0
903029,,50,-22.972026,-43.401128,2023-07-26 05:01:01,0.0,,ida,50 - SENTIDO JD. OCEANICO (PARADOR) [IDA],33512.4,206.0
902116,,35,-23.001059,-43.367152,2023-07-26 05:01:02,23.5,,volta,35 - ALVORADA  X  MADUREIRA (PARADOR) [VOLTA],11178.3,272.0
902115,,35,-23.001299,-43.36604,2023-07-26 05:00:54,0.0,,volta,35 - ALVORADA  X  MADUREIRA (PARADOR) [VOLTA],14861.5,
901061,,51,-22.950125,-43.38998,2023-07-26 05:00:58,53.7,,volta,51 - SENTIDO V. MILITAR (PARADOR) [VOLTA],43300.6,348.0
903030,,50,-22.91834,-43.36494,2023-07-26 05:00:48,50.3,,ida,50 - SENTIDO JD. OCEANICO (PARADOR) [IDA],40958.9,239.0
901051,,22,-22.9645,-43.391744,2023-07-26 04:00:44,0.0,,ida,22 - ALVORADA X J. OCEÂNICO (PARADOR) [IDA],39131.2,
901073,,51,-22.862323,-43.4005,2023-07-26 05:00:58,0.0,,ida,,41849.8,
903031,,38,-22.876426,-43.32952,2023-07-26 05:00:54,0.0,,ida,38 - FUNDÃO X ALVORADA (PARADOR) [IDA],40602.9,
903032,,42,-22.874334,-43.335405,2023-07-26 05:00:49,52.7,,volta,42 - MADUREIRA MANANCEIA X GALEAO (PARADOR) [VOLTA],42706.6,338.0
903055,,17,-22.931751,-43.672295,2023-07-26 05:01:02,31.6,,ida,17 - SANTA CRUZ X CAMPO GRANDE (PARADOR) [IDA],18907.6,308.0
903037,,17,-22.916333,-43.684698,2023-07-26 05:00:53,14.0,,ida,17 - SANTA CRUZ X CAMPO GRANDE (PARADOR) [IDA],20702.9,157.0
903002,,42,-22.86505,-43.334071,2023-07-26 05:00:55,52.6,,ida,42 - GALEÃO X MADUREIRA MANANCEIA (PARADOR) [IDA],6970.8,212.0
901080,,53,-22.884481,-43.399371,2023-07-26 05:00:54,0.0,,ida,53 - SENTIDO ALVORADA (EXPRESSO) [IDA],31274.2,
902110,,35,-22.984723,-43.365635,2023-07-26 05:00:50,40.1,,volta,35 - ALVORADA  X  MADUREIRA (PARADOR) [VOLTA],8831.6,353.0
902114,,35,-22.919923,-43.367728,2023-07-26 05:01:04,0.0,,volta,35 - ALVORADA  X  MADUREIRA (PARADOR) [VOLTA],8972.3,58.0
902078,,31,-22.876851,-43.329807,2023-07-26 05:00:57,0.0,,ida,31 - VICENTE DE CARVALHO X ALVORADA (SEMIDIRETO) [IDA],10282.0,
902111,,35,-22.876756,-43.330421,2023-07-26 04:00:36,0.0,,ida,35 - MADUREIRA X ALVORADA (PARADOR) [IDA],10289.6,
903054,,17,-22.916268,-43.613562,2023-07-26 05:01:00,54.8,,volta,17 - CAMPO GRANDE  X SANTA CRUZ (PARADOR) [VOLTA],17669.2,285.0
903021,,42,-22.841564,-43.239226,2023-07-26 05:00:48,47.7,,ida,42 - GALEÃO X MADUREIRA MANANCEIA (PARADOR) [IDA],34620.9,161.0
903056,,17,-22.933563,-43.662383,2023-07-26 05:00:58,20.7,,volta,17 - CAMPO GRANDE  X SANTA CRUZ (PARADOR) [VOLTA],14652.3,249.0
903000,,50,-23.006563,-43.313257,2023-07-26 05:01:03,19.7,,volta,50 - SENTIDO T. OLIMPICO (PARADOR) [VOLTA],31884.7,266.0
903058,,17,-22.91708,-43.63534,2023-07-26 05:00:54,29.2,,volta,17 - CAMPO GRANDE  X SANTA CRUZ (PARADOR) [VOLTA],9166.8,258.0
901072,,52,-22.887962,-43.401028,2023-07-26 05:00:57,46.6,,ida,52 - SENTIDO ALVORADA (PARADOR) [IDA],38620.8,176.0
902045,,31,-22.85229,-43.312458,2023-07-26 05:00:58,0.0,,ida,31 - VICENTE DE CARVALHO X ALVORADA (SEMIDIRETO) [IDA],6827.7,
903007,,50,-23.000274,-43.338111,2023-07-26 05:00:49,50.6,,volta,50 - SENTIDO T. OLIMPICO (PARADOR) [VOLTA],41357.3,274.0
903004,,42,-22.856657,-43.258802,2023-07-26 05:00:51,36.6,,ida,42 - GALEÃO X MADUREIRA MANANCEIA (PARADOR) [IDA],39197.9,343.0
903006,,50,-22.876578,-43.330032,2023-07-26 05:00:59,13.2,,ida,50 - SENTIDO JD. OCEANICO (PARADOR) [IDA],46380.8,74.0
903005,,42,-22.839512,-43.239819,2023-07-26 05:00:46,6.4,,ida,42 - GALEÃO X MADUREIRA MANANCEIA (PARADOR) [IDA],38822.6,114.0
903022,,50,-23.001275,-43.366204,2023-07-26 05:01:02,27.2,,volta,50 - SENTIDO T. OLIMPICO (PARADOR) [VOLTA],37734.4,86.0
903035,,17,-22.918363,-43.68283,2023-07-26 05:01:02,0.0,,ida,17 - SANTA CRUZ X CAMPO GRANDE (PARADOR) [IDA],19570.8,324.0
901059,,51,-23.008419,-43.439768,2023-07-26 05:00:55,0.0,,volta,51 - SENTIDO V. MILITAR (PARADOR) [VOLTA],48353.9,86.0
903003,,42,-22.877849,-43.336432,2023-07-26 05:00:47,0.0,,volta,42 - MADUREIRA MANANCEIA X GALEAO (PARADOR) [VOLTA],41707.8,28.0
901020,,22,-23.000715,-43.366318,2023-07-26 05:01:00,0.0,,ida,22 - ALVORADA X J. OCEÂNICO (PARADOR) [IDA],25521.5,
901021,,40,-23.000905,-43.366153,2023-07-26 05:00:59,0.0,,volta,40 - ALVORADA X PAULO DA PORTELA (EXPRESSO) [VOLTA],17610.9,
901024,,22,-23.000057,-43.364586,2023-07-26 05:00:54,41.6,,volta,22 - J. OCEÂNICO X ALVORADA (PARADOR) [VOLTA],20661.3,270.0
901025,,51,-22.862055,-43.400412,2023-07-26 05:00:56,0.0,,ida,51 - SENTIDO RECREIO (PARADOR) [IDA],40715.4,239.0
901027,,41,-22.895106,-43.399527,2023-07-26 05:00:51,45.2,,volta,41 - TERMINAL RECREIO X PAULO DA PORTELA (EXPRESSO) [VOLTA],25981.2,349.0
901028,,40,-22.879717,-43.341795,2023-07-26 05:00:51,45.0,,ida,40 - PAULO DA PORTELA X ALVORADA (EXPRESSO) [IDA],23774.7,191.0
901030,,35,-22.898557,-43.352824,2023-07-26 05:01:00,0.0,,ida,35 - MADUREIRA X ALVORADA (PARADOR) [IDA],21833.2,36.0
901032,,52,-22.895263,-43.350038,2023-07-26 05:00:58,0.0,,ida,52 - SENTIDO ALVORADA (PARADOR) [IDA],25293.4,36.0
901034,,0,-22.962165,-43.390237,2023-07-26 05:01:04,45.9,,,,27514.0,357.0
901036,,52,-22.964798,-43.391964,2023-07-26 05:00:54,0.0,,ida,52 - SENTIDO ALVORADA (PARADOR) [IDA],22805.5,
901041,,22,-22.965695,-43.391281,2023-07-26 03:08:45,0.0,,ida,22 - ALVORADA X J. OCEÂNICO (PARADOR) [IDA],26160.4,151.0
901054,,40,-22.964638,-43.391689,2023-07-26 04:00:25,0.0,,ida,40 - PAULO DA PORTELA X ALVORADA (EXPRESSO) [IDA],21336.9,
903009,,42,-22.814125,-43.244123,2023-07-26 05:00:47,60.2,,ida,42 - GALEÃO X MADUREIRA MANANCEIA (PARADOR) [IDA],47185.3,124.0
903010,,42,-22.81383,-43.24461,2023-07-26 05:00:57,24.9,,ida,42 - GALEÃO X MADUREIRA MANANCEIA (PARADOR) [IDA],43696.3,299.0
903011,,42,-22.850904,-43.309868,2023-07-26 05:00:59,34.6,,volta,42 - MADUREIRA MANANCEIA X GALEAO (PARADOR) [VOLTA],45335.3,66.0
903012,,42,-22.840477,-43.297353,2023-07-26 05:00:52,59.8,,ida,42 - GALEÃO X MADUREIRA MANANCEIA (PARADOR) [IDA],47952.9,227.0
903015,,42,-22.825415,-43.232301,2023-07-26 05:00:56,56.1,,ida,42 - GALEÃO X MADUREIRA MANANCEIA (PARADOR) [IDA],47867.9,36.0
903016,,42,-22.841011,-43.280336,2023-07-26 05:01:05,37.3,,volta,42 - MADUREIRA MANANCEIA X GALEAO (PARADOR) [VOLTA],42530.5,123.0
903017,,50,-22.97327,-43.386606,2023-07-26 05:00:46,50.0,,ida,50 - SENTIDO JD. OCEANICO (PARADOR) [IDA],44904.5,88.0
903018,,38,-22.876787,-43.329918,2023-07-26 05:00:53,0.0,,ida,38 - FUNDÃO X ALVORADA (PARADOR) [IDA],11282.1,278.0
903020,,50,-22.97244,-43.401028,2023-07-26 05:00:50,0.0,,ida,50 - SENTIDO JD. OCEANICO (PARADOR) [IDA],43839.4,359.0
903025,,50,-23.000899,-43.331905,2023-07-26 05:01:01,58.7,,ida,50 - SENTIDO JD. OCEANICO (PARADOR) [IDA],39457.8,93.0
903013,,42,-22.818719,-43.237324,2023-07-26 05:00:56,55.4,,ida,42 - GALEÃO X MADUREIRA MANANCEIA (PARADOR) [IDA],44479.1,124.0
903014,,38,-22.876523,-43.329662,2023-07-26 05:00:51,9.4,,ida,38 - FUNDÃO X ALVORADA (PARADOR) [IDA],51723.3,85.0
901060,,51,-22.996854,-43.425044,2023-07-26 05:00:55,59.2,,ida,51 - SENTIDO RECREIO (PARADOR) [IDA],24781.7,225.0
903052,,17,-22.916851,-43.60695,2023-07-26 05:01:05,0.0,,ida,17 - SANTA CRUZ X CAMPO GRANDE (PARADOR) [IDA],21797.5,2.0
903063,,17,-22.920242,-43.608139,2023-07-26 05:00:48,0.0,,ida,17 - SANTA CRUZ X CAMPO GRANDE (PARADOR) [IDA],21497.7,135.0
902113,,31,-22.878814,-43.332102,2023-07-26 05:00:47,34.3,,ida,31 - VICENTE DE CARVALHO X ALVORADA (SEMIDIRETO) [IDA],8848.2,313.0
902118,,31,-22.876437,-43.329607,2023-07-26 05:00:57,0.0,,ida,31 - VICENTE DE CARVALHO X ALVORADA (SEMIDIRETO) [IDA],7640.6,
902117,,31,-22.852499,-43.312628,2023-07-26 05:00:56,0.0,,ida,31 - VICENTE DE CARVALHO X ALVORADA (SEMIDIRETO) [IDA],10240.8,
901044,,40,-22.877589,-43.3367,2023-07-26 05:00:59,0.0,,ida,40 - PAULO DA PORTELA X ALVORADA (EXPRESSO) [IDA],29594.8,298.0
903033,,42,-22.839908,-43.239399,2023-07-26 05:01:05,0.0,,ida,,36567.0,153.0
902020,,46,-22.841696,-43.279138,2023-07-26 05:00:51,35.2,,volta,46 - ALVORADA X PENHA (EXPRESSO) [VOLTA],31639.6,115.0
902022,,46,-22.8413,-43.276197,2023-07-26 05:00:56,0.0,,ida,46 - PENHA X ALVORADA (EXPRESSO) [IDA],30782.3,
902059,,43,-22.940578,-43.372487,2023-07-26 05:00:49,0.0,,volta,43 - SANTA EFIGENIA X FUNDÃO (EXPRESSO) [VOLTA],35713.0,
902056,,46,-22.860557,-43.329795,2023-07-26 05:01:04,40.4,,volta,46 - ALVORADA X PENHA (EXPRESSO) [VOLTA],34638.2,13.0
901091,,51,-22.862216,-43.401006,2023-07-26 05:01:00,0.0,,ida,51 - SENTIDO RECREIO (PARADOR) [IDA],31119.9,244.0
902032,,46,-23.001315,-43.365462,2023-07-26 05:01:05,0.0,,volta,46 - ALVORADA X PENHA (EXPRESSO) [VOLTA],36295.0,74.0
901094,,0,-22.964745,-43.39172,2023-07-26 04:01:31,0.0,,,,32744.9,
902027,,43,-22.862869,-43.331751,2023-07-26 05:00:50,45.0,,ida,43 - FUNDÃO X SANTA EFIGENIA (EXPRESSO) [IDA],32870.1,230.0
902028,,46,-22.922322,-43.37211,2023-07-26 05:00:53,36.5,,volta,46 - ALVORADA X PENHA (EXPRESSO) [VOLTA],37588.8,59.0
902018,,40,-22.886872,-43.344666,2023-07-26 05:00:59,39.2,,ida,40 - PAULO DA PORTELA X ALVORADA (EXPRESSO) [IDA],23637.5,40.0
902046,,46,-22.841654,-43.279154,2023-07-26 05:01:00,25.3,,ida,46 - PENHA X ALVORADA (EXPRESSO) [IDA],33367.4,294.0
12715,,10,-22.968736,-43.622402,2023-07-26 05:01:04,0.0,,volta,10 - ALVORADA X SANTA CRUZ (EXPRESSO) [VOLTA],42378.3,261.0
901062,,51,-22.966965,-43.397262,2023-07-26 05:01:03,0.0,,ida,51 - SENTIDO RECREIO (PARADOR) [IDA],46930.3,215.0
E902000,,41,-22.854728,-43.251386,2023-07-26 05:01:05,0.0,,volta,41 - TERMINAL RECREIO X PAULO DA PORTELA (EXPRESSO) [VOLTA],10383.7,
901067,,52,-23.000666,-43.368782,2023-07-26 05:00:48,13.6,,ida,52 - SENTIDO ALVORADA (PARADOR) [IDA],41766.8,136.0
E902004,,41,-22.854785,-43.252012,2023-07-26 05:01:01,0.0,,volta,41 - TERMINAL RECREIO X PAULO DA PORTELA (EXPRESSO) [VOLTA],13269.1,
12713,,18,-23.020717,-43.499773,2023-07-26 05:00:50,11.2,,ida,18 - RECREIO SHOPPING X JARDIM OCEÂNICO (EXPRESSO) [IDA],35248.9,109.0
12705,,11,-22.919648,-43.608312,2023-07-26 04:00:59,0.0,,ida,11 - SANTA CRUZ X ALVORADA (PARADOR) [IDA],29635.3,
902062,,46,-22.885334,-43.343325,2023-07-26 05:01:04,53.3,,volta,46 - ALVORADA X PENHA (EXPRESSO) [VOLTA],33286.1,40.0
902048,,46,-23.001302,-43.364668,2023-07-26 05:01:02,0.0,,volta,46 - ALVORADA X PENHA (EXPRESSO) [VOLTA],23959.2,
44705,,0,-22.91982,-43.607738,2023-07-26 04:00:11,0.0,,,,12732.1,
902058,,46,-22.854619,-43.25233,2023-07-26 05:00:54,0.0,,ida,46 - PENHA X ALVORADA (EXPRESSO) [IDA],34575.1,
901068,,51,-23.008487,-43.440127,2023-07-26 05:00:56,0.0,,volta,51 - SENTIDO V. MILITAR (PARADOR) [VOLTA],50821.2,
902003,,41,-22.839334,-43.239903,2023-07-26 05:00:57,0.0,,volta,41 - TERMINAL RECREIO X PAULO DA PORTELA (EXPRESSO) [VOLTA],17397.0,
902102,,35,-22.879073,-43.336446,2023-07-26 05:01:00,0.0,,ida,35 - MADUREIRA X ALVORADA (PARADOR) [IDA],12380.5,
902061,,46,-22.854447,-43.251658,2023-07-26 05:00:59,0.0,,ida,46 - PENHA X ALVORADA (EXPRESSO) [IDA],28946.0,99.0
902052,,46,-23.001401,-43.366811,2023-07-26 05:01:03,0.0,,volta,46 - ALVORADA X PENHA (EXPRESSO) [VOLTA],35616.9,
902050,,43,-22.940394,-43.372487,2023-07-26 05:00:56,0.0,,volta,43 - SANTA EFIGENIA X FUNDÃO (EXPRESSO) [VOLTA],31262.3,
12716,,20,-22.917894,-43.683191,2023-07-26 05:01:02,0.0,,ida,20 - SANTA CRUZ X SALVADOR ALLENDE (EXPRESSO) [IDA],45562.3,
902019,,40,-22.965715,-43.39184,2023-07-26 04:01:25,0.0,,ida,40 - PAULO DA PORTELA X ALVORADA (EXPRESSO) [IDA],17353.3,
902017,,31,-22.965377,-43.391546,2023-07-26 04:53:14,0.0,,ida,31 - VICENTE DE CARVALHO X ALVORADA (SEMIDIRETO) [IDA],23870.6,
902060,,41,-22.854322,-43.251906,2023-07-26 05:00:58,0.0,,volta,41 - TERMINAL RECREIO X PAULO DA PORTELA (EXPRESSO) [VOLTA],30130.2,
902008,,46,-22.965547,-43.390522,2023-07-26 05:01:03,0.0,,ida,46 - PENHA X ALVORADA (EXPRESSO) [IDA],10525.0,104.0
902047,,46,-22.854458,-43.251429,2023-07-26 05:00:56,5.6,,ida,46 - PENHA X ALVORADA (EXPRESSO) [IDA],23962.1,126.0
902051,,46,-22.853043,-43.313372,2023-07-26 05:00:59,7.5,,ida,46 - PENHA X ALVORADA (EXPRESSO) [IDA],32991.199,229.0
902067,,46,-22.913644,-43.360631,2023-07-26 05:00:59,50.0,,ida,46 - PENHA X ALVORADA (EXPRESSO) [IDA],34090.5,189.0
901088,,31,-22.964661,-43.39198,2023-07-26 04:00:38,0.0,,ida,31 - VICENTE DE CARVALHO X ALVORADA (SEMIDIRETO) [IDA],41618.1,
901098,,51,-22.86805,-43.412903,2023-07-26 05:01:02,0.0,,volta,51 - SENTIDO V. MILITAR (PARADOR) [VOLTA],27289.9,47.0
901055,,51,-22.861349,-43.399108,2023-07-26 05:00:51,0.0,,ida,51 - SENTIDO RECREIO (PARADOR) [IDA],46658.3,239.0
901076,,52,-22.856424,-43.389599,2023-07-26 05:00:58,26.8,,ida,52 - SENTIDO ALVORADA (PARADOR) [IDA],31273.9,242.0
902054,,46,-22.854721,-43.251896,2023-07-26 05:01:00,0.0,,ida,46 - PENHA X ALVORADA (EXPRESSO) [IDA],35704.7,
901079,,53,-22.891775,-43.400505,2023-07-26 05:01:02,55.2,,ida,53 - SENTIDO ALVORADA (EXPRESSO) [IDA],44050.3,164.0
901084,,53,-22.965509,-43.39165,2023-07-26 05:00:56,0.0,,ida,53 - SENTIDO ALVORADA (EXPRESSO) [IDA],52298.2,
901070,,52,-22.947244,-43.392896,2023-07-26 05:00:57,59.6,,ida,52 - SENTIDO ALVORADA (PARADOR) [IDA],40487.8,128.0
902080,,46,-22.877655,-43.3364,2023-07-26 05:01:05,30.8,,ida,46 - PENHA X ALVORADA (EXPRESSO) [IDA],34349.9,213.0
901081,,51,-22.883979,-43.399653,2023-07-26 04:52:53,0.0,,volta,51 - SENTIDO V. MILITAR (PARADOR) [VOLTA],41800.8,191.0
902065,,43,-22.840592,-43.239896,2023-07-26 05:01:05,21.8,,ida,43 - FUNDÃO X SANTA EFIGENIA (EXPRESSO) [IDA],35358.6,172.0
901069,,52,-22.97335,-43.389311,2023-07-26 05:01:02,59.4,,ida,52 - SENTIDO ALVORADA (PARADOR) [IDA],37737.2,91.0
901085,,53,-22.925472,-43.397309,2023-07-26 05:00:42,53.7,,ida,53 - SENTIDO ALVORADA (EXPRESSO) [IDA],43539.4,333.0
902030,,31,-22.852384,-43.3164,2023-07-26 05:00:58,33.2,,ida,31 - VICENTE DE CARVALHO X ALVORADA (SEMIDIRETO) [IDA],11293.9,262.0
902071,,46,-23.00101,-43.367998,2023-07-26 05:01:00,0.0,,volta,46 - ALVORADA X PENHA (EXPRESSO) [VOLTA],35937.8,
902072,,43,-22.85468,-43.251934,2023-07-26 05:01:04,0.0,,volta,43 - SANTA EFIGENIA X FUNDÃO (EXPRESSO) [VOLTA],32687.8,
902064,,43,-22.841777,-43.299387,2023-07-26 05:01:04,55.1,,ida,43 - FUNDÃO X SANTA EFIGENIA (EXPRESSO) [IDA],0.0,228.0
902070,,46,-22.937122,-43.371978,2023-07-26 05:00:54,23.7,,ida,46 - PENHA X ALVORADA (EXPRESSO) [IDA],36287.7,197.0
901087,,53,-22.965084,-43.391756,2023-07-26 05:01:01,15.3,,ida,53 - SENTIDO ALVORADA (EXPRESSO) [IDA],47525.3,165.0
902085,,46,-22.854537,-43.251701,2023-07-26 05:00:59,0.0,,ida,46 - PENHA X ALVORADA (EXPRESSO) [IDA],34050.9,
E902001,,41,-22.855015,-43.25204,2023-07-26 05:00:46,0.0,,volta,41 - TERMINAL RECREIO X PAULO DA PORTELA (EXPRESSO) [VOLTA],20869.9,250.0
E902006,,40,-22.899095,-43.353217,2023-07-26 05:00:55,27.1,,ida,40 - PAULO DA PORTELA X ALVORADA (EXPRESSO) [IDA],19302.1,33.0
E902011,,40,-22.921508,-43.370545,2023-07-26 05:00:55,16.0,,ida,40 - PAULO DA PORTELA X ALVORADA (EXPRESSO) [IDA],8596.5,60.0
902002,,41,-22.839766,-43.282138,2023-07-26 05:00:49,20.1,,volta,41 - TERMINAL RECREIO X PAULO DA PORTELA (EXPRESSO) [VOLTA],19827.0,305.0
901095,,51,-22.96532,-43.39151,2023-07-26 05:00:46,0.0,,volta,51 - SENTIDO V. MILITAR (PARADOR) [VOLTA],35035.8,337.0
902069,,41,-22.881716,-43.341859,2023-07-26 05:01:05,44.3,,ida,41 - PAULO DA PORTELA X TERMINAL RECREIO (EXPRESSO) [IDA],32580.4,189.0
902094,,35,-22.929224,-43.373381,2023-07-26 05:00:55,11.9,,volta,35 - ALVORADA  X  MADUREIRA (PARADOR) [VOLTA],9086.7,353.0
903068,,17,-22.909982,-43.582086,2023-07-26 05:00:39,50.9,,ida,17 - SANTA CRUZ X CAMPO GRANDE (PARADOR) [IDA],20731.5,66.0
902075,,31,-22.876388,-43.329894,2023-07-26 04:52:27,0.0,,ida,31 - VICENTE DE CARVALHO X ALVORADA (SEMIDIRETO) [IDA],14095.4,
902082,,35,-22.916141,-43.361753,2023-07-26 05:01:02,12.9,,ida,35 - MADUREIRA X ALVORADA (PARADOR) [IDA],10866.4,215.0
903062,,17,-22.933788,-43.66413,2023-07-26 05:00:58,49.3,,ida,17 - SANTA CRUZ X CAMPO GRANDE (PARADOR) [IDA],20185.6,77.0
902089,,35,-22.975222,-43.364243,2023-07-26 05:00:57,38.6,,ida,35 - MADUREIRA X ALVORADA (PARADOR) [IDA],9770.7,201.0
903041,,50,-22.876526,-43.329483,2023-07-26 05:00:50,0.0,,ida,50 - SENTIDO JD. OCEANICO (PARADOR) [IDA],27433.7,
903051,,50,-22.973235,-43.390502,2023-07-26 05:01:01,57.6,,volta,50 - SENTIDO T. OLIMPICO (PARADOR) [VOLTA],31058.0,270.0
902055,,46,-22.841305,-43.276241,2023-07-26 04:52:02,0.0,,ida,46 - PENHA X ALVORADA (EXPRESSO) [IDA],14.7,286.0
903036,,17,-22.919072,-43.607433,2023-07-26 05:00:57,0.0,,ida,17 - SANTA CRUZ X CAMPO GRANDE (PARADOR) [IDA],156820.0,87.0
902043,,46,-22.879156,-43.336479,2023-07-26 04:00:56,0.0,,ida,46 - PENHA X ALVORADA (EXPRESSO) [IDA],29100.5,85.0
902036,,41,-22.877542,-43.336956,2023-07-26 05:00:54,0.0,,ida,41 - PAULO DA PORTELA X TERMINAL RECREIO (EXPRESSO) [IDA],32318.3,
903039,,17,-22.925347,-43.649899,2023-07-26 05:00:46,0.0,,ida,17 - SANTA CRUZ X CAMPO GRANDE (PARADOR) [IDA],18365.7,19.0
903047,,42,-22.876637,-43.329509,2023-07-26 04:23:05,0.0,,ida,42 - GALEÃO X MADUREIRA MANANCEIA (PARADOR) [IDA],23082.1,
902074,,31,-22.876457,-43.329625,2023-07-26 05:00:59,0.0,,ida,31 - VICENTE DE CARVALHO X ALVORADA (SEMIDIRETO) [IDA],9765.9,
902039,,46,-22.854443,-43.251593,2023-07-26 04:01:21,0.0,,ida,46 - PENHA X ALVORADA (EXPRESSO) [IDA],33609.1,
902044,,43,-22.854508,-43.251075,2023-07-26 05:01:02,7.7,,ida,43 - FUNDÃO X SANTA EFIGENIA (EXPRESSO) [IDA],31223.5,71.0
902038,,46,-22.854654,-43.251434,2023-07-26 04:51:50,0.0,,ida,46 - PENHA X ALVORADA (EXPRESSO) [IDA],7575.2,
903064,,50,-22.972174,-43.401096,2023-07-26 05:00:50,0.0,,ida,50 - SENTIDO JD. OCEANICO (PARADOR) [IDA],22136.6,152.0
903069,,17,-22.925888,-43.679033,2023-07-26 05:01:03,41.8,,volta,17 - CAMPO GRANDE  X SANTA CRUZ (PARADOR) [VOLTA],22411.0,350.0
902042,,46,-22.973354,-43.370654,2023-07-26 05:01:06,30.3,,volta,46 - ALVORADA X PENHA (EXPRESSO) [VOLTA],31917.9,271.0
902040,,46,-22.940823,-43.372533,2023-07-26 05:00:51,23.0,,volta,46 - ALVORADA X PENHA (EXPRESSO) [VOLTA],34108.2,3.0
903049,,17,-22.91421,-43.601355,2023-07-26 05:00:51,20.7,,ida,17 - SANTA CRUZ X CAMPO GRANDE (PARADOR) [IDA],23319.1,81.0
903038,,17,-22.907501,-43.576026,2023-07-26 05:00:57,0.0,,volta,17 - CAMPO GRANDE  X SANTA CRUZ (PARADOR) [VOLTA],26538.9,281.0
12732,,18,-22.945929,-43.656256,2023-07-26 04:48:34,61.3,,ida,18 - RECREIO SHOPPING X JARDIM OCEÂNICO (EXPRESSO) [IDA],25679.9,106.0
902076,,46,-22.85482,-43.252054,2023-07-26 04:04:38,0.0,,ida,46 - PENHA X ALVORADA (EXPRESSO) [IDA],27510.5,
902096,,35,-23.000986,-43.367095,2023-07-26 05:00:53,0.0,,volta,35 - ALVORADA  X  MADUREIRA (PARADOR) [VOLTA],14221.2,
902084,,31,-22.876417,-43.330043,2023-07-26 04:23:15,0.0,,ida,31 - VICENTE DE CARVALHO X ALVORADA (SEMIDIRETO) [IDA],11709.3,
902100,,35,-22.879152,-43.336722,2023-07-26 05:00:49,0.0,,ida,35 - MADUREIRA X ALVORADA (PARADOR) [IDA],13435.2,
903059,,17,-22.915849,-43.608072,2023-07-26 05:00:57,13.9,,ida,17 - SANTA CRUZ X CAMPO GRANDE (PARADOR) [IDA],18741.0,266.0
902079,,46,-22.855869,-43.255793,2023-07-26 05:01:01,53.1,,ida,46 - PENHA X ALVORADA (EXPRESSO) [IDA],30819.0,218.0
903066,,17,-22.918264,-43.68294,2023-07-26 05:01:03,0.0,,ida,17 - SANTA CRUZ X CAMPO GRANDE (PARADOR) [IDA],24875.0,326.0
902099,,35,-22.878298,-43.336321,2023-07-26 05:01:00,0.0,,ida,35 - MADUREIRA X ALVORADA (PARADOR) [IDA],11541.1,
902091,,35,-22.938039,-43.372252,2023-07-26 05:01:02,2.4,,ida,35 - MADUREIRA X ALVORADA (PARADOR) [IDA],14047.2,183.0
901099,,51,-22.876194,-43.405091,2023-07-26 05:01:05,12.6,,ida,51 - SENTIDO RECREIO (PARADOR) [IDA],29480.3,145.0
903046,,42,-22.876482,-43.32957,2023-07-26 04:50:42,0.0,,ida,42 - GALEÃO X MADUREIRA MANANCEIA (PARADOR) [IDA],29783.8,
903061,,17,-22.916276,-43.607098,2023-07-26 05:00:55,0.0,,ida,17 - SANTA CRUZ X CAMPO GRANDE (PARADOR) [IDA],21481.9,311.0
903070,,17,-22.919062,-43.607962,2023-07-26 05:01:00,0.0,,ida,17 - SANTA CRUZ X CAMPO GRANDE (PARADOR) [IDA],9256.0,
44706,LRG8855,20,-22.91707,-43.68446,2023-07-26 05:00:56,20.3,,ida,,21874.6,162.0
901008,,22,-23.000866,-43.366119,2023-07-26 05:06:31,0.6,,volta,,22783.1,229.0
901007,,22,-23.000205,-43.366558,2023-07-26 05:06:49,23.7,,ida,22 - ALVORADA X J. OCEÂNICO (PARADOR) [IDA],21818.4,95.0
901010,RJM8G30,22,-23.000899,-43.36492,2023-07-26 05:06:47,0.1,,ida,22 - ALVORADA X J. OCEÂNICO (PARADOR) [IDA],22869.5,271.0
901017,,22,-23.000751,-43.366024,2023-07-26 05:06:46,0.0,,ida,22 - ALVORADA X J. OCEÂNICO (PARADOR) [IDA],25122.4,
901006,RJA9F56,22,-23.00034,-43.342606,2023-07-26 05:06:43,40.1,,ida,22 - ALVORADA X J. OCEÂNICO (PARADOR) [IDA],19380.4,90.0
901005,RJB8E53,22,-23.0064,-43.316145,2023-07-26 05:06:46,50.8,,ida,22 - ALVORADA X J. OCEÂNICO (PARADOR) [IDA],21642.7,103.0
901004,RJQ8J80,22,-23.006467,-43.313017,2023-07-26 05:06:42,0.0,,volta,22 - J. OCEÂNICO X ALVORADA (PARADOR) [VOLTA],21432.6,251.0
30504,,25,-23.00016,-43.398765,2023-07-26 05:06:46,9.1,,volta,25 - ALVORADA X MATO ALTO (PARADOR) [VOLTA],53629.3,266.0
30538,KXE7719,20,-22.997764,-43.589754,2023-07-26 05:06:29,57.4,,volta,20 - SALVADOR ALLENDE X SANTA CRUZ (EXPRESSO) [VOLTA],55891.9,284.0
50309,KPN6B05,13,-23.006997,-43.437279,2023-07-26 05:06:48,47.8,,ida,13 - MATO ALTO X ALVORADA (EXPRESSO) [IDA],20084.2,75.0
13423,LSI5976,25,-23.018166,-43.482054,2023-07-26 05:06:31,59.7,,volta,25 - ALVORADA X MATO ALTO (PARADOR) [VOLTA],41113.7,255.0
47030,LSQ5263,20,-23.001009,-43.576947,2023-07-26 05:06:29,59.4,,ida,20 - SANTA CRUZ X SALVADOR ALLENDE (EXPRESSO) [IDA],53780.0,104.0
30519,LRE9804,11,-22.920074,-43.608092,2023-07-26 05:06:41,0.0,,ida,11 - SANTA CRUZ X ALVORADA (PARADOR) [IDA],51494.8,
90005,KWK6A89,20,-22.918937,-43.682427,2023-07-26 05:06:34,0.0,,ida,20 - SANTA CRUZ X SALVADOR ALLENDE (EXPRESSO) [IDA],49835.5,329.0
86875,KQB4103,12,-22.916259,-43.613629,2023-07-26 05:06:48,42.3,,ida,12 - PINGO D'AGUA X ALVORADA (EXPRESSO) [IDA],13013.3,286.0
30518,KYL8597,25,-23.000703,-43.365008,2023-07-26 05:06:45,0.0,,volta,25 - ALVORADA X MATO ALTO (PARADOR) [VOLTA],37110.7,277.0
902090,,35,-22.904929,-43.357208,2023-07-26 05:06:30,0.0,,ida,35 - MADUREIRA X ALVORADA (PARADOR) [IDA],15078.8,206.0
47029,LSQ5267,20,-22.918551,-43.682692,2023-07-26 05:06:43,0.0,,ida,20 - SANTA CRUZ X SALVADOR ALLENDE (EXPRESSO) [IDA],56964.8,
47012,KPZ8364,20,-22.916624,-43.683498,2023-07-26 05:06:38,0.0,,ida,,54990.7,
86885,LTB5540,14,-22.916511,-43.60707,2023-07-26 05:06:49,0.0,,ida,14 - SANTA EUGÊNIA X SALVADOR ALLENDE (EXPRESSO) [IDA],514714.7,353.0
12738,KRR2404,25,-22.993108,-43.597317,2023-07-26 05:06:43,0.0,,ida,25 - MATO ALTO X ALVORADA (PARADOR) [IDA],37392.2,
86886,LTB5541,14,-22.921484,-43.645726,2023-07-26 05:06:48,43.8,,ida,14 - SANTA EUGÊNIA X SALVADOR ALLENDE (EXPRESSO) [IDA],13088.4,244.0
13428,KXE7712,11,-22.919995,-43.607886,2023-07-26 05:06:44,8.7,,ida,11 - SANTA CRUZ X ALVORADA (PARADOR) [IDA],57799.1,283.0
47006,KWZ8630,18,-23.0191,-43.505074,2023-07-26 05:06:44,0.0,,ida,18 - RECREIO SHOPPING X JARDIM OCEÂNICO (EXPRESSO) [IDA],50888.5,
47007,LSP6018,18,-22.92066,-43.607778,2023-07-26 05:06:41,0.0,,ida,18 - RECREIO SHOPPING X JARDIM OCEÂNICO (EXPRESSO) [IDA],42179.7,158.0
13413,KWI9711,12,-22.993067,-43.597954,2023-07-26 05:06:29,0.0,,ida,12 - PINGO D'AGUA X ALVORADA (EXPRESSO) [IDA],43512.1,132.0
901057,,52,-22.9646,-43.395034,2023-07-26 05:06:34,54.9,,volta,52 - SENTIDO V. MILITAR (PARADOR) [VOLTA],51064.3,41.0
901003,RKM8C54,22,-23.003118,-43.324266,2023-07-26 05:06:48,22.6,,volta,22 - J. OCEÂNICO X ALVORADA (PARADOR) [VOLTA],22827.4,303.0
86874,KQB4102,20,-22.918869,-43.607532,2023-07-26 05:06:33,0.0,,ida,20 - SANTA CRUZ X SALVADOR ALLENDE (EXPRESSO) [IDA],512858.4,98.0
86879,LTN5696,18,-22.992855,-43.598159,2023-07-26 05:06:48,0.0,,ida,18 - RECREIO SHOPPING X JARDIM OCEÂNICO (EXPRESSO) [IDA],1812.9,
47011,LRH8889,0,-22.920655,-43.607886,2023-07-26 05:06:39,0.0,,,,39516.0,168.0
30537,KXE7720,12,-22.915732,-43.618467,2023-07-26 05:06:43,48.5,,ida,12 - PINGO D'AGUA X ALVORADA (EXPRESSO) [IDA],51506.4,242.0
50301,KPP5B70,25,-23.008417,-43.443304,2023-07-26 05:06:44,0.0,,volta,25 - ALVORADA X MATO ALTO (PARADOR) [VOLTA],3950.1,237.0
13401,KQO7822,19,-23.012269,-43.458003,2023-07-26 05:06:36,26.8,,ida,19 - PINGO D'AGUA X SALVADOR ALLENDE (EXPRESSO) [IDA],53646.0,74.0
13421,KWO8119,10,-22.920305,-43.608277,2023-07-26 05:06:38,0.0,,ida,10 - SANTA CRUZ X ALVORADA (EXPRESSO) [IDA],14957.8,
27174,KQP5437,13,-22.993983,-43.597175,2023-07-26 05:06:39,0.0,,ida,13 - MATO ALTO X ALVORADA (EXPRESSO) [IDA],18873.5,
47026,KYA7928,10,-22.920584,-43.608013,2023-07-26 05:06:31,0.0,,ida,10 - SANTA CRUZ X ALVORADA (EXPRESSO) [IDA],32900.199,
86889,KRQ6878,10,-23.000893,-43.367123,2023-07-26 05:06:37,0.0,,volta,10 - ALVORADA X SANTA CRUZ (EXPRESSO) [VOLTA],514962.4,
12724,LMJ1118,18,-23.019145,-43.505687,2023-07-26 05:06:38,0.0,,ida,18 - RECREIO SHOPPING X JARDIM OCEÂNICO (EXPRESSO) [IDA],9642.9,
27176,LRK9563,18,-22.991062,-43.600411,2023-07-26 05:06:29,61.0,,ida,18 - RECREIO SHOPPING X JARDIM OCEÂNICO (EXPRESSO) [IDA],13499.9,121.0
30511,KPV2250,13,-22.999818,-43.410804,2023-07-26 05:06:45,59.1,,volta,13 - ALVORADA X  MATO ALTO (EXPRESSO) [VOLTA],49440.9,267.0
12725,LMJ1327,25,-23.004181,-43.562555,2023-07-26 05:06:48,60.1,,volta,25 - ALVORADA X MATO ALTO (PARADOR) [VOLTA],39257.1,284.0
13404,KQO7823,20,-23.019697,-43.487405,2023-07-26 05:06:44,0.0,,ida,20 - SANTA CRUZ X SALVADOR ALLENDE (EXPRESSO) [IDA],56102.9,74.0
47022,KRM7701,10,-23.020267,-43.490309,2023-07-26 05:06:49,54.9,,volta,10 - ALVORADA X SANTA CRUZ (EXPRESSO) [VOLTA],12946.1,256.0
12736,LMJ4504,20,-22.920027,-43.608042,2023-07-26 05:06:30,0.0,,ida,20 - SANTA CRUZ X SALVADOR ALLENDE (EXPRESSO) [IDA],15484.1,
13422,LSI5978,20,-22.968573,-43.621458,2023-07-26 05:06:31,11.9,,ida,20 - SANTA CRUZ X SALVADOR ALLENDE (EXPRESSO) [IDA],40382.4,84.0
12730,LSO8993,19,-23.016374,-43.47495,2023-07-26 05:06:47,60.3,,volta,19 - SALVADOR ALLENDE X PINGO D'AGUA (EXPRESSO) [VOLTA],9252.8,255.0
86872,LSH7386,20,-22.992778,-43.598115,2023-07-26 05:06:30,0.0,,ida,20 - SANTA CRUZ X SALVADOR ALLENDE (EXPRESSO) [IDA],22416.5,
47017,LRS2841,20,-22.936742,-43.667004,2023-07-26 05:06:43,0.0,,ida,20 - SANTA CRUZ X SALVADOR ALLENDE (EXPRESSO) [IDA],47898.2,179.0
86859,KWJ9250,19,-23.008369,-43.54195,2023-07-26 05:06:32,53.5,,ida,19 - PINGO D'AGUA X SALVADOR ALLENDE (EXPRESSO) [IDA],18693.6,117.0
30509,KYM4574,13,-23.000765,-43.364763,2023-07-26 05:06:35,0.0,,volta,13 - ALVORADA X  MATO ALTO (EXPRESSO) [VOLTA],53043.9,88.0
12710,KRO9724,20,-22.992699,-43.598333,2023-07-26 05:06:38,0.0,,ida,20 - SANTA CRUZ X SALVADOR ALLENDE (EXPRESSO) [IDA],38381.0,136.0
12720,KXD9430,20,-23.001371,-43.418481,2023-07-26 05:06:39,5.6,,volta,20 - SALVADOR ALLENDE X SANTA CRUZ (EXPRESSO) [VOLTA],21766.9,44.0
12712,LSN8501,19,-22.920167,-43.608082,2023-07-26 05:06:32,0.0,,ida,19 - PINGO D'AGUA X SALVADOR ALLENDE (EXPRESSO) [IDA],31093.7,
30521,LRC6594,25,-22.931809,-43.657455,2023-07-26 05:06:34,38.2,,ida,25 - MATO ALTO X ALVORADA (PARADOR) [IDA],34821.4,236.0
30514,KYL8595,11,-22.920187,-43.607916,2023-07-26 05:06:46,0.0,,ida,11 - SANTA CRUZ X ALVORADA (PARADOR) [IDA],38408.7,
47010,KPZ8363,25,-23.015197,-43.469617,2023-07-26 05:06:34,39.0,,ida,25 - MATO ALTO X ALVORADA (PARADOR) [IDA],42585.6,74.0
86884,LSP9604,20,-22.965528,-43.391678,2023-07-26 05:06:32,0.0,,ida,20 - SANTA CRUZ X SALVADOR ALLENDE (EXPRESSO) [IDA],15298.5,
90006,LRH6D12,20,-22.930416,-43.673962,2023-07-26 05:06:14,29.3,,volta,20 - SALVADOR ALLENDE X SANTA CRUZ (EXPRESSO) [VOLTA],29707.9,311.0
30531,LRC6592,19,-22.990995,-43.600271,2023-07-26 05:06:43,59.4,,volta,19 - SALVADOR ALLENDE X PINGO D'AGUA (EXPRESSO) [VOLTA],40602.1,301.0
13415,KQK7905,25,-23.000564,-43.387858,2023-07-26 05:06:34,49.5,,ida,25 - MATO ALTO X ALVORADA (PARADOR) [IDA],45131.9,92.0
901002,,22,-23.000185,-43.342522,2023-07-26 05:06:43,26.4,,volta,22 - J. OCEÂNICO X ALVORADA (PARADOR) [VOLTA],17403.6,275.0
B13,KYM5979,14,-22.991043,-43.600206,2023-07-26 05:06:45,59.4,,volta,14 - SALVADOR ALLENDE x SANTA EUGÊNIA (EXPRESSO) [VOLTA],1172.7,301.0
B19,KZJ7238,14,-22.916566666666668,-43.631663333333336,2023-07-26 05:06:35,0.0,,ida,14 - SANTA EUGÊNIA X SALVADOR ALLENDE (EXPRESSO) [IDA],104993.2,225.0
B14,KRK9519,14,-23.015204,-43.522846,2023-07-26 05:05:18,66.3,,volta,14 - SALVADOR ALLENDE x SANTA EUGÊNIA (EXPRESSO) [VOLTA],1177.2,287.0
B11,KRK9516,14,-22.916211,-43.630591,2023-07-26 05:06:39,0.0,,ida,14 - SANTA EUGÊNIA X SALVADOR ALLENDE (EXPRESSO) [IDA],1219.9,240.0
B12,LMH5981,14,-22.920418,-43.634088,2023-07-26 05:06:17,35.0,,ida,14 - SANTA EUGÊNIA X SALVADOR ALLENDE (EXPRESSO) [IDA],1149.8,5.0
B25,,14,-22.937105,-43.666973,2023-07-26 05:06:33,13.0,,ida,14 - SANTA EUGÊNIA X SALVADOR ALLENDE (EXPRESSO) [IDA],1106.5,172.0
B28,KQP5E29,14,-22.916353,-43.630827,2023-07-26 05:06:37,0.0,,ida,14 - SANTA EUGÊNIA X SALVADOR ALLENDE (EXPRESSO) [IDA],1141.6,238.0
B40,,14,-22.923309,-43.634637,2023-07-26 05:06:40,39.6,,ida,14 - SANTA EUGÊNIA X SALVADOR ALLENDE (EXPRESSO) [IDA],748.2,12.0
B41,,14,-22.951792,-43.64551,2023-07-26 05:06:40,56.0,,ida,14 - SANTA EUGÊNIA X SALVADOR ALLENDE (EXPRESSO) [IDA],1173.6,96.0
901001,RJD7J89,22,-23.000665,-43.365815,2023-07-26 05:06:47,22.6,,ida,22 - ALVORADA X J. OCEÂNICO (PARADOR) [IDA],17341.9,91.0
B47,,14,-22.916666,-43.633104,2023-07-26 05:06:46,0.0,,ida,14 - SANTA EUGÊNIA X SALVADOR ALLENDE (EXPRESSO) [IDA],1178.4,251.0
B048,,14,-22.916503,-43.63149,2023-07-26 05:06:49,0.0,,ida,14 - SANTA EUGÊNIA X SALVADOR ALLENDE (EXPRESSO) [IDA],1167.9,258.0
B49,,14,-22.935791,-43.667017,2023-07-26 05:06:34,15.8,,ida,14 - SANTA EUGÊNIA X SALVADOR ALLENDE (EXPRESSO) [IDA],1138.7,194.0
B55,,14,-23.019425,-43.485804,2023-07-26 05:06:39,33.9,,ida,14 - SANTA EUGÊNIA X SALVADOR ALLENDE (EXPRESSO) [IDA],1149.4,74.0
B53,,14,-22.916497,-43.631124,2023-07-26 05:06:47,0.0,,ida,14 - SANTA EUGÊNIA X SALVADOR ALLENDE (EXPRESSO) [IDA],1195.7,264.0
B51,,14,-23.008361,-43.443069,2023-07-26 05:06:47,5.4,,volta,14 - SALVADOR ALLENDE x SANTA EUGÊNIA (EXPRESSO) [VOLTA],1229.3,323.0
901077,,52,-22.938628,-43.394914,2023-07-26 05:06:35,42.3,,ida,52 - SENTIDO ALVORADA (PARADOR) [IDA],26512.2,349.0
903045,,17,-22.920019,-43.607644,2023-07-26 05:06:48,4.9,,ida,17 - SANTA CRUZ X CAMPO GRANDE (PARADOR) [IDA],25843.9,299.0
902119,,35,-22.943684,-43.372202,2023-07-26 05:06:41,59.7,,volta,35 - ALVORADA  X  MADUREIRA (PARADOR) [VOLTA],7688.5,354.0
901058,,51,-22.963084,-43.393574,2023-07-26 05:06:44,0.0,,volta,51 - SENTIDO V. MILITAR (PARADOR) [VOLTA],44192.9,41.0
903027,,50,-22.972403,-43.401107,2023-07-26 05:06:39,0.0,,ida,50 - SENTIDO JD. OCEANICO (PARADOR) [IDA],49611.5,
901066,,52,-22.97336,-43.366328,2023-07-26 05:06:40,30.0,,volta,52 - SENTIDO V. MILITAR (PARADOR) [VOLTA],50007.3,268.0
903026,,50,-22.999977,-43.3597,2023-07-26 05:06:43,0.3,,ida,50 - SENTIDO JD. OCEANICO (PARADOR) [IDA],48956.4,91.0
903029,,50,-22.972137,-43.40119,2023-07-26 05:06:41,0.0,,ida,50 - SENTIDO JD. OCEANICO (PARADOR) [IDA],33512.4,176.0
902116,,35,-23.001029,-43.367744,2023-07-26 05:06:42,0.0,,volta,35 - ALVORADA  X  MADUREIRA (PARADOR) [VOLTA],11178.3,
902115,,35,-23.00095,-43.364606,2023-07-26 05:06:34,20.9,,volta,35 - ALVORADA  X  MADUREIRA (PARADOR) [VOLTA],14861.7,268.0
901061,,51,-22.917194,-43.396854,2023-07-26 05:06:38,58.8,,volta,51 - SENTIDO V. MILITAR (PARADOR) [VOLTA],43304.5,338.0
903030,,50,-22.943005,-43.37254,2023-07-26 05:06:47,52.9,,ida,50 - SENTIDO JD. OCEANICO (PARADOR) [IDA],40962.3,174.0
901073,,51,-22.864064,-43.404702,2023-07-26 05:06:38,59.0,,ida,51 - SENTIDO RECREIO (PARADOR) [IDA],41850.3,247.0
901048,,51,-22.953206,-43.390695,2023-07-26 05:06:33,0.0,,ida,51 - SENTIDO RECREIO (PARADOR) [IDA],26341.6,200.0
903031,,38,-22.876689,-43.330105,2023-07-26 05:06:34,7.1,,ida,38 - FUNDÃO X ALVORADA (PARADOR) [IDA],40603.0,101.0
903032,,42,-22.856343,-43.327225,2023-07-26 05:06:29,34.5,,volta,42 - MADUREIRA MANANCEIA X GALEAO (PARADOR) [VOLTA],42709.0,76.0
903055,,17,-22.917955,-43.683107,2023-07-26 05:06:42,0.0,,ida,17 - SANTA CRUZ X CAMPO GRANDE (PARADOR) [IDA],18909.5,340.0
903002,,42,-22.879028,-43.339987,2023-07-26 05:06:44,38.6,,volta,42 - MADUREIRA MANANCEIA X GALEAO (PARADOR) [VOLTA],6973.0,103.0
901080,,53,-22.883469,-43.40027,2023-07-26 05:06:33,24.8,,ida,53 - SENTIDO ALVORADA (EXPRESSO) [IDA],31274.5,190.0
902110,,35,-22.973321,-43.376824,2023-07-26 05:06:30,0.0,,volta,35 - ALVORADA  X  MADUREIRA (PARADOR) [VOLTA],8834.3,258.0
902114,,35,-22.900496,-43.354199,2023-07-26 05:06:43,0.0,,volta,35 - ALVORADA  X  MADUREIRA (PARADOR) [VOLTA],8974.9,32.0
903054,,17,-22.916755,-43.632635,2023-07-26 05:06:40,0.0,,volta,17 - CAMPO GRANDE  X SANTA CRUZ (PARADOR) [VOLTA],17671.2,257.0
903021,,42,-22.854454,-43.260522,2023-07-26 05:06:47,48.3,,ida,42 - GALEÃO X MADUREIRA MANANCEIA (PARADOR) [IDA],34624.5,303.0
903056,,17,-22.923947,-43.679213,2023-07-26 05:06:38,23.2,,volta,17 - CAMPO GRANDE  X SANTA CRUZ (PARADOR) [VOLTA],14654.7,357.0
903000,,50,-23.002997,-43.324507,2023-07-26 05:06:43,31.1,,volta,50 - SENTIDO T. OLIMPICO (PARADOR) [VOLTA],31885.9,292.0
903058,,17,-22.928997,-43.654704,2023-07-26 05:06:34,40.3,,volta,17 - CAMPO GRANDE  X SANTA CRUZ (PARADOR) [VOLTA],9169.3,233.0
902045,,31,-22.85229,-43.312458,2023-07-26 05:06:39,0.0,,ida,31 - VICENTE DE CARVALHO X ALVORADA (SEMIDIRETO) [IDA],6827.7,
903007,,50,-23.000955,-43.367143,2023-07-26 05:06:45,26.6,,volta,50 - SENTIDO T. OLIMPICO (PARADOR) [VOLTA],41360.3,226.0
903004,,42,-22.841676,-43.277246,2023-07-26 05:06:31,17.2,,ida,42 - GALEÃO X MADUREIRA MANANCEIA (PARADOR) [IDA],39200.5,228.0
903006,,50,-22.8564,-43.327516,2023-07-26 05:06:39,45.4,,ida,50 - SENTIDO JD. OCEANICO (PARADOR) [IDA],46384.4,77.0
903005,,42,-22.83979,-43.23952,2023-07-26 05:01:45,0.0,,ida,42 - GALEÃO X MADUREIRA MANANCEIA (PARADOR) [IDA],38822.7,145.0
903022,,50,-22.983088,-43.365619,2023-07-26 05:06:42,37.9,,volta,50 - SENTIDO T. OLIMPICO (PARADOR) [VOLTA],37737.2,2.0
903035,,17,-22.918374,-43.682799,2023-07-26 05:06:42,0.0,,ida,17 - SANTA CRUZ X CAMPO GRANDE (PARADOR) [IDA],19570.8,324.0
901059,,51,-22.989213,-43.417176,2023-07-26 05:06:35,2.0,,volta,51 - SENTIDO V. MILITAR (PARADOR) [VOLTA],48357.1,55.0
903003,,42,-22.87742,-43.336164,2023-07-26 05:06:46,0.0,,volta,42 - MADUREIRA MANANCEIA X GALEAO (PARADOR) [VOLTA],41707.9,30.0
901020,,22,-23.000734,-43.366297,2023-07-26 05:06:37,0.0,,ida,22 - ALVORADA X J. OCEÂNICO (PARADOR) [IDA],25521.5,
901021,,40,-23.000655,-43.365917,2023-07-26 05:06:40,0.0,,volta,40 - ALVORADA X PAULO DA PORTELA (EXPRESSO) [VOLTA],17611.0,88.0
901025,,51,-22.862171,-43.400508,2023-07-26 05:06:36,0.0,,ida,51 - SENTIDO RECREIO (PARADOR) [IDA],40715.4,
901027,,41,-22.868075,-43.412932,2023-07-26 05:06:31,0.0,,volta,41 - TERMINAL RECREIO X PAULO DA PORTELA (EXPRESSO) [VOLTA],25985.0,40.0
901028,,40,-22.908552,-43.358581,2023-07-26 05:06:30,46.9,,ida,40 - PAULO DA PORTELA X ALVORADA (EXPRESSO) [IDA],23778.4,217.0
901030,,40,-22.879128,-43.337955,2023-07-26 05:06:40,0.0,,ida,40 - PAULO DA PORTELA X ALVORADA (EXPRESSO) [IDA],21836.0,89.0
901032,,40,-22.879124,-43.33773,2023-07-26 05:06:38,0.0,,ida,40 - PAULO DA PORTELA X ALVORADA (EXPRESSO) [IDA],25295.9,89.0
901034,,0,-22.940519,-43.372371,2023-07-26 05:06:44,46.8,,,,27517.5,6.0
901036,,52,-22.965335,-43.39155,2023-07-26 05:06:33,0.0,,ida,52 - SENTIDO ALVORADA (PARADOR) [IDA],22805.6,152.0
901041,,22,-22.965702,-43.391346,2023-07-26 05:06:46,0.0,,ida,22 - ALVORADA X J. OCEÂNICO (PARADOR) [IDA],26160.4,
903009,,42,-22.841476,-43.239247,2023-07-26 05:06:47,51.2,,ida,42 - GALEÃO X MADUREIRA MANANCEIA (PARADOR) [IDA],47189.4,156.0
903010,,42,-22.824072,-43.231434,2023-07-26 05:06:41,47.7,,ida,42 - GALEÃO X MADUREIRA MANANCEIA (PARADOR) [IDA],43700.1,202.0
903011,,42,-22.837659,-43.289956,2023-07-26 05:06:39,32.7,,volta,42 - MADUREIRA MANANCEIA X GALEAO (PARADOR) [VOLTA],45337.9,101.0
903012,,42,-22.85325,-43.320636,2023-07-26 05:06:33,18.8,,ida,42 - GALEÃO X MADUREIRA MANANCEIA (PARADOR) [IDA],47955.9,237.0
903015,,42,-22.810941,-43.251676,2023-07-26 05:06:36,29.6,,ida,42 - GALEÃO X MADUREIRA MANANCEIA (PARADOR) [IDA],47871.8,137.0
903016,,42,-22.851292,-43.263354,2023-07-26 05:06:45,38.8,,volta,42 - MADUREIRA MANANCEIA X GALEAO (PARADOR) [VOLTA],42532.8,146.0
903017,,50,-22.977317,-43.365105,2023-07-26 05:06:46,53.6,,ida,50 - SENTIDO JD. OCEANICO (PARADOR) [IDA],44907.3,201.0
903020,,50,-22.966064,-43.396488,2023-07-26 05:06:30,53.8,,ida,50 - SENTIDO JD. OCEANICO (PARADOR) [IDA],43841.0,221.0
903025,,50,-23.006873,-43.312208,2023-07-26 05:06:42,0.0,,volta,50 - SENTIDO T. OLIMPICO (PARADOR) [VOLTA],39460.0,80.0
903013,,42,-22.839038,-43.240209,2023-07-26 05:06:36,23.4,,ida,42 - GALEÃO X MADUREIRA MANANCEIA (PARADOR) [IDA],44482.1,139.0
903014,,38,-22.885594,-43.34353,2023-07-26 05:06:31,15.0,,ida,38 - FUNDÃO X ALVORADA (PARADOR) [IDA],51725.9,220.0
901060,,51,-23.008483,-43.440113,2023-07-26 05:06:35,0.0,,volta,51 - SENTIDO V. MILITAR (PARADOR) [VOLTA],24784.0,70.0
903052,,17,-22.915999,-43.607923,2023-07-26 05:06:45,10.0,,ida,17 - SANTA CRUZ X CAMPO GRANDE (PARADOR) [IDA],21797.6,358.0
903063,,17,-22.920207,-43.608147,2023-07-26 05:06:48,0.0,,ida,17 - SANTA CRUZ X CAMPO GRANDE (PARADOR) [IDA],21497.7,135.0
902113,,31,-22.853041,-43.320122,2023-07-26 05:06:46,44.7,,ida,31 - VICENTE DE CARVALHO X ALVORADA (SEMIDIRETO) [IDA],8852.0,52.0
902118,,31,-22.876437,-43.329607,2023-07-26 05:06:38,0.0,,ida,31 - VICENTE DE CARVALHO X ALVORADA (SEMIDIRETO) [IDA],7640.6,
902117,,31,-22.852499,-43.312628,2023-07-26 05:06:36,0.0,,ida,31 - VICENTE DE CARVALHO X ALVORADA (SEMIDIRETO) [IDA],10240.8,
901044,,40,-22.876968,-43.337457,2023-07-26 05:06:39,32.9,,ida,40 - PAULO DA PORTELA X ALVORADA (EXPRESSO) [IDA],29594.9,301.0
903033,,42,-22.84015,-43.239413,2023-07-26 05:06:45,25.8,,ida,,36567.0,223.0
902022,,46,-22.8413,-43.276197,2023-07-26 05:06:36,0.0,,ida,46 - PENHA X ALVORADA (EXPRESSO) [IDA],30782.3,
901093,,22,-22.871872,-43.40905,2023-07-26 05:06:43,50.6,,ida,,27797.2,317.0
902059,,43,-22.940578,-43.372487,2023-07-26 05:06:49,0.0,,volta,43 - SANTA EFIGENIA X FUNDÃO (EXPRESSO) [VOLTA],35713.0,
902056,,46,-22.850965,-43.309974,2023-07-26 05:06:44,9.6,,volta,46 - ALVORADA X PENHA (EXPRESSO) [VOLTA],34640.8,66.0
901091,,51,-22.872945,-43.408025,2023-07-26 05:06:40,59.2,,ida,51 - SENTIDO RECREIO (PARADOR) [IDA],31122.2,137.0
901086,,53,-22.96451,-43.392138,2023-07-26 05:06:46,0.0,,ida,53 - SENTIDO ALVORADA (EXPRESSO) [IDA],48370.3,
902032,,46,-23.000946,-43.367643,2023-07-26 05:06:44,0.0,,volta,46 - ALVORADA X PENHA (EXPRESSO) [VOLTA],36295.6,124.0
901094,,0,-22.964708,-43.391676,2023-07-26 05:06:36,0.0,,,,32744.9,
902027,,43,-22.886611,-43.344462,2023-07-26 05:06:30,49.0,,ida,43 - FUNDÃO X SANTA EFIGENIA (EXPRESSO) [IDA],32873.4,220.0
902028,,46,-22.901535,-43.35491,2023-07-26 05:06:33,39.4,,volta,46 - ALVORADA X PENHA (EXPRESSO) [VOLTA],37591.9,31.0
902018,,40,-22.87793,-43.336279,2023-07-26 05:06:39,0.0,,ida,40 - PAULO DA PORTELA X ALVORADA (EXPRESSO) [IDA],23639.0,
902046,,46,-22.850333,-43.308898,2023-07-26 05:06:39,20.9,,ida,46 - PENHA X ALVORADA (EXPRESSO) [IDA],33371.199,232.0
12715,,10,-22.951545,-43.650073,2023-07-26 05:06:44,19.3,,volta,10 - ALVORADA X SANTA CRUZ (EXPRESSO) [VOLTA],42382.5,318.0
902010,,40,-22.965072,-43.392133,2023-07-26 05:06:40,0.0,,ida,40 - PAULO DA PORTELA X ALVORADA (EXPRESSO) [IDA],10957.6,
901062,,51,-22.988339,-43.415879,2023-07-26 05:06:43,49.6,,ida,51 - SENTIDO RECREIO (PARADOR) [IDA],46933.4,241.0
E902000,,41,-22.854673,-43.251422,2023-07-26 05:06:45,0.0,,volta,41 - TERMINAL RECREIO X PAULO DA PORTELA (EXPRESSO) [VOLTA],10383.7,
901067,,52,-23.001057,-43.368079,2023-07-26 05:06:48,14.5,,volta,52 - SENTIDO V. MILITAR (PARADOR) [VOLTA],41767.7,308.0
E902004,,41,-22.854785,-43.252012,2023-07-26 05:06:40,0.0,,volta,41 - TERMINAL RECREIO X PAULO DA PORTELA (EXPRESSO) [VOLTA],13269.1,
12713,,18,-23.015539,-43.470886,2023-07-26 05:06:30,25.9,,ida,18 - RECREIO SHOPPING X JARDIM OCEÂNICO (EXPRESSO) [IDA],35251.9,82.0
902062,,46,-22.863641,-43.332805,2023-07-26 05:06:44,47.4,,volta,46 - ALVORADA X PENHA (EXPRESSO) [VOLTA],33289.199,52.0
902048,,46,-22.985804,-43.365649,2023-07-26 05:06:42,58.8,,volta,46 - ALVORADA X PENHA (EXPRESSO) [VOLTA],23961.6,1.0
902058,,46,-22.854174,-43.251917,2023-07-26 05:06:34,0.0,,ida,46 - PENHA X ALVORADA (EXPRESSO) [IDA],34575.2,
901068,,51,-23.008528,-43.439967,2023-07-26 05:06:30,0.0,,volta,51 - SENTIDO V. MILITAR (PARADOR) [VOLTA],50821.3,
902003,,41,-22.839334,-43.239903,2023-07-26 05:06:37,0.0,,volta,41 - TERMINAL RECREIO X PAULO DA PORTELA (EXPRESSO) [VOLTA],17397.0,
902102,,35,-22.879073,-43.336446,2023-07-26 05:06:40,0.0,,ida,35 - MADUREIRA X ALVORADA (PARADOR) [IDA],12380.5,
901016,,40,-23.000916,-43.364972,2023-07-26 05:06:36,0.0,,volta,40 - ALVORADA X PAULO DA PORTELA (EXPRESSO) [VOLTA],37351.1,
902061,,46,-22.854447,-43.251658,2023-07-26 05:06:39,0.0,,ida,46 - PENHA X ALVORADA (EXPRESSO) [IDA],28946.0,
902052,,46,-23.001325,-43.364876,2023-07-26 05:06:43,0.0,,volta,46 - ALVORADA X PENHA (EXPRESSO) [VOLTA],35617.1,
902050,,43,-22.919825,-43.367567,2023-07-26 05:06:36,24.6,,volta,43 - SANTA EFIGENIA X FUNDÃO (EXPRESSO) [VOLTA],31265.0,55.0
12716,,20,-22.916952,-43.683525,2023-07-26 05:06:42,0.0,,ida,20 - SANTA CRUZ X SALVADOR ALLENDE (EXPRESSO) [IDA],45562.5,
902060,,41,-22.854524,-43.251079,2023-07-26 05:06:38,0.0,,volta,41 - TERMINAL RECREIO X PAULO DA PORTELA (EXPRESSO) [VOLTA],30130.3,
902008,,46,-22.948956,-43.372636,2023-07-26 05:06:43,48.6,,ida,46 - PENHA X ALVORADA (EXPRESSO) [IDA],10528.2,22.0
902047,,46,-22.857356,-43.257088,2023-07-26 05:06:36,0.0,,ida,46 - PENHA X ALVORADA (EXPRESSO) [IDA],23963.0,220.0
902051,,46,-22.870449,-43.335648,2023-07-26 05:06:39,0.0,,ida,46 - PENHA X ALVORADA (EXPRESSO) [IDA],32994.699,195.0
902067,,46,-22.927537,-43.373603,2023-07-26 05:06:39,35.4,,ida,46 - PENHA X ALVORADA (EXPRESSO) [IDA],34092.8,175.0
901098,,51,-22.854535,-43.387035,2023-07-26 05:06:47,44.2,,ida,51 - SENTIDO RECREIO (PARADOR) [IDA],27292.9,14.0
901055,,51,-22.861768,-43.400012,2023-07-26 05:06:31,0.1,,ida,51 - SENTIDO RECREIO (PARADOR) [IDA],46658.4,240.0
902054,,46,-22.854721,-43.251896,2023-07-26 05:06:40,0.0,,ida,46 - PENHA X ALVORADA (EXPRESSO) [IDA],35704.7,
901079,,53,-22.937208,-43.39528,2023-07-26 05:06:42,59.4,,ida,53 - SENTIDO ALVORADA (EXPRESSO) [IDA],44055.8,169.0
901084,,53,-22.973015,-43.386276,2023-07-26 05:06:37,27.3,,ida,53 - SENTIDO ALVORADA (EXPRESSO) [IDA],52299.4,251.0
902080,,46,-22.899078,-43.353272,2023-07-26 05:06:45,41.2,,ida,46 - PENHA X ALVORADA (EXPRESSO) [IDA],34353.1,213.0
901081,,51,-22.884002,-43.399676,2023-07-26 05:06:32,0.0,,volta,51 - SENTIDO V. MILITAR (PARADOR) [VOLTA],41800.8,
902065,,43,-22.856376,-43.256265,2023-07-26 05:06:43,45.9,,ida,43 - FUNDÃO X SANTA EFIGENIA (EXPRESSO) [IDA],35361.6,220.0
901069,,52,-22.97408,-43.363729,2023-07-26 05:06:48,44.9,,ida,52 - SENTIDO ALVORADA (PARADOR) [IDA],37739.8,192.0
901074,,52,-22.861472,-43.399392,2023-07-26 05:06:40,0.1,,ida,52 - SENTIDO ALVORADA (PARADOR) [IDA],39513.8,
901085,,53,-22.883771,-43.399652,2023-07-26 05:06:42,0.0,,ida,53 - SENTIDO ALVORADA (EXPRESSO) [IDA],43544.6,144.0
902030,,31,-22.877095,-43.336037,2023-07-26 05:06:38,0.0,,ida,31 - VICENTE DE CARVALHO X ALVORADA (SEMIDIRETO) [IDA],11297.9,212.0
902071,,46,-23.00101,-43.367998,2023-07-26 05:06:40,0.0,,volta,46 - ALVORADA X PENHA (EXPRESSO) [VOLTA],35937.8,
902072,,43,-22.854774,-43.251908,2023-07-26 05:06:44,0.0,,volta,43 - SANTA EFIGENIA X FUNDÃO (EXPRESSO) [VOLTA],32687.8,
902064,,43,-22.858813,-43.329497,2023-07-26 05:06:44,37.9,,ida,43 - FUNDÃO X SANTA EFIGENIA (EXPRESSO) [IDA],0.0,190.0
902070,,46,-22.969618,-43.390396,2023-07-26 05:06:34,54.6,,ida,46 - PENHA X ALVORADA (EXPRESSO) [IDA],36292.4,143.0
901087,,53,-22.965371,-43.391584,2023-07-26 05:06:41,0.0,,ida,53 - SENTIDO ALVORADA (EXPRESSO) [IDA],47525.3,
902085,,46,-22.854537,-43.251701,2023-07-26 05:06:39,0.0,,ida,46 - PENHA X ALVORADA (EXPRESSO) [IDA],34050.9,
E902001,,41,-22.849665,-43.26446,2023-07-26 05:06:45,0.0,,volta,41 - TERMINAL RECREIO X PAULO DA PORTELA (EXPRESSO) [VOLTA],20871.7,322.0
E902006,,40,-22.879104,-43.338191,2023-07-26 05:06:35,2.7,,ida,40 - PAULO DA PORTELA X ALVORADA (EXPRESSO) [IDA],19305.1,75.0
E902011,,40,-22.898973,-43.353172,2023-07-26 05:06:35,44.8,,ida,40 - PAULO DA PORTELA X ALVORADA (EXPRESSO) [IDA],8599.7,33.0
902002,,41,-22.850782,-43.309675,2023-07-26 05:06:49,3.8,,volta,41 - TERMINAL RECREIO X PAULO DA PORTELA (EXPRESSO) [VOLTA],19830.5,245.0
901095,,51,-22.965293,-43.391552,2023-07-26 05:06:47,0.0,,volta,51 - SENTIDO V. MILITAR (PARADOR) [VOLTA],35035.8,337.0
902069,,41,-22.907962,-43.358241,2023-07-26 05:06:45,59.0,,ida,41 - PAULO DA PORTELA X TERMINAL RECREIO (EXPRESSO) [IDA],32583.8,198.0
902094,,35,-22.917038,-43.362758,2023-07-26 05:06:34,33.8,,volta,35 - ALVORADA  X  MADUREIRA (PARADOR) [VOLTA],9088.8,51.0
902075,,31,-22.876388,-43.329894,2023-07-26 05:06:39,0.0,,ida,31 - VICENTE DE CARVALHO X ALVORADA (SEMIDIRETO) [IDA],14095.4,
902082,,35,-22.935415,-43.371774,2023-07-26 05:06:42,0.0,,ida,35 - MADUREIRA X ALVORADA (PARADOR) [IDA],10869.3,154.0
903062,,17,-22.920391,-43.643319,2023-07-26 05:06:45,11.8,,ida,17 - SANTA CRUZ X CAMPO GRANDE (PARADOR) [IDA],20188.3,75.0
902089,,35,-23.001324,-43.366921,2023-07-26 05:06:40,13.2,,volta,35 - ALVORADA  X  MADUREIRA (PARADOR) [VOLTA],9773.9,76.0
903041,,50,-22.876512,-43.329462,2023-07-26 05:06:30,0.0,,ida,50 - SENTIDO JD. OCEANICO (PARADOR) [IDA],27433.7,
903051,,50,-22.972012,-43.401054,2023-07-26 05:06:41,1.7,,ida,50 - SENTIDO JD. OCEANICO (PARADOR) [IDA],31059.3,112.0
902055,,46,-22.841153,-43.280105,2023-07-26 05:06:36,35.4,,ida,46 - PENHA X ALVORADA (EXPRESSO) [IDA],15.2,302.0
903036,,17,-22.919064,-43.607418,2023-07-26 05:06:37,0.0,,ida,17 - SANTA CRUZ X CAMPO GRANDE (PARADOR) [IDA],156820.0,87.0
902043,,46,-22.877958,-43.336271,2023-07-26 05:06:34,0.0,,ida,46 - PENHA X ALVORADA (EXPRESSO) [IDA],29100.6,
902036,,41,-22.877542,-43.336956,2023-07-26 05:06:34,0.0,,ida,41 - PAULO DA PORTELA X TERMINAL RECREIO (EXPRESSO) [IDA],32318.3,
903039,,17,-22.915679,-43.627855,2023-07-26 05:06:47,0.0,,ida,17 - SANTA CRUZ X CAMPO GRANDE (PARADOR) [IDA],18368.3,68.0
903047,,42,-22.876805,-43.329642,2023-07-26 05:06:45,0.0,,ida,42 - GALEÃO X MADUREIRA MANANCEIA (PARADOR) [IDA],23082.2,72.0
902074,,31,-22.872359,-43.336242,2023-07-26 05:06:45,29.7,,ida,31 - VICENTE DE CARVALHO X ALVORADA (SEMIDIRETO) [IDA],9767.3,10.0
902044,,43,-22.842969,-43.270559,2023-07-26 05:06:39,53.9,,ida,43 - FUNDÃO X SANTA EFIGENIA (EXPRESSO) [IDA],31226.6,296.0
902038,,46,-22.854409,-43.251299,2023-07-26 05:06:36,0.0,,ida,46 - PENHA X ALVORADA (EXPRESSO) [IDA],7575.2,
903064,,50,-22.972323,-43.401115,2023-07-26 05:06:30,0.0,,ida,50 - SENTIDO JD. OCEANICO (PARADOR) [IDA],22136.6,175.0
903069,,17,-22.917947,-43.684254,2023-07-26 05:06:37,0.0,,ida,17 - SANTA CRUZ X CAMPO GRANDE (PARADOR) [IDA],22412.5,168.0
902042,,46,-22.959467,-43.386796,2023-07-26 05:06:46,50.8,,volta,46 - ALVORADA X PENHA (EXPRESSO) [VOLTA],31921.4,76.0
902040,,46,-22.921459,-43.370536,2023-07-26 05:06:32,0.0,,volta,46 - ALVORADA X PENHA (EXPRESSO) [VOLTA],34110.6,60.0
903049,,17,-22.909087,-43.578796,2023-07-26 05:06:31,50.7,,ida,17 - SANTA CRUZ X CAMPO GRANDE (PARADOR) [IDA],23321.5,46.0
903038,,17,-22.914211,-43.601443,2023-07-26 05:06:37,0.0,,volta,17 - CAMPO GRANDE  X SANTA CRUZ (PARADOR) [VOLTA],26541.7,252.0
12732,,18,-23.007695,-43.544403,2023-07-26 05:06:33,60.7,,ida,18 - RECREIO SHOPPING X JARDIM OCEÂNICO (EXPRESSO) [IDA],25694.9,94.0
902096,,35,-23.000986,-43.367095,2023-07-26 05:06:33,0.0,,volta,35 - ALVORADA  X  MADUREIRA (PARADOR) [VOLTA],14221.2,
902084,,31,-22.876879,-43.329799,2023-07-26 05:06:44,0.0,,ida,31 - VICENTE DE CARVALHO X ALVORADA (SEMIDIRETO) [IDA],11709.4,
902100,,35,-22.879061,-43.336356,2023-07-26 05:06:49,0.0,,ida,35 - MADUREIRA X ALVORADA (PARADOR) [IDA],13435.3,
903059,,17,-22.916595,-43.632894,2023-07-26 05:06:44,0.0,,ida,17 - SANTA CRUZ X CAMPO GRANDE (PARADOR) [IDA],18743.6,258.0
902079,,46,-22.841415,-43.275745,2023-07-26 05:06:41,0.0,,ida,46 - PENHA X ALVORADA (EXPRESSO) [IDA],30822.0,
903066,,17,-22.917832,-43.683179,2023-07-26 05:06:43,0.0,,ida,17 - SANTA CRUZ X CAMPO GRANDE (PARADOR) [IDA],24875.1,329.0
902099,,35,-22.878298,-43.336321,2023-07-26 05:06:41,0.0,,ida,35 - MADUREIRA X ALVORADA (PARADOR) [IDA],11541.1,
902091,,35,-22.958245,-43.382088,2023-07-26 05:06:42,37.4,,ida,35 - MADUREIRA X ALVORADA (PARADOR) [IDA],14049.9,256.0
901099,,51,-22.887175,-43.401009,2023-07-26 05:03:25,37.3,,ida,51 - SENTIDO RECREIO (PARADOR) [IDA],29481.9,188.0
903046,,42,-22.878925,-43.337036,2023-07-26 05:06:46,26.9,,volta,42 - MADUREIRA MANANCEIA X GALEAO (PARADOR) [VOLTA],29785.2,245.0
903061,,17,-22.91373,-43.596517,2023-07-26 05:06:35,43.7,,ida,17 - SANTA CRUZ X CAMPO GRANDE (PARADOR) [IDA],21483.2,72.0
903070,,17,-22.919077,-43.607614,2023-07-26 05:06:40,0.0,,ida,17 - SANTA CRUZ X CAMPO GRANDE (PARADOR) [IDA],9256.1,88.0
44706,LRG8855,20,-22.918804,-43.682552,2023-07-26 05:06:36,0.0,,ida,20 - SANTA CRUZ X SALVADOR ALLENDE (EXPRESSO) [IDA],21875.2,
901008,,22,-23.000866,-43.366121,2023-07-26 05:07:11,0.0,,volta,,22783.1,229.0
901007,,22,-23.000187,-43.364734,2023-07-26 05:07:09,46.2,,ida,22 - ALVORADA X J. OCEÂNICO (PARADOR) [IDA],21818.6,84.0
901010,RJM8G30,22,-23.000899,-43.36492,2023-07-26 05:07:06,0.0,,ida,22 - ALVORADA X J. OCEÂNICO (PARADOR) [IDA],22869.5,271.0
901017,,22,-23.000751,-43.366024,2023-07-26 05:07:06,0.0,,ida,22 - ALVORADA X J. OCEÂNICO (PARADOR) [IDA],25122.4,
901006,RJA9F56,22,-23.000299,-43.341746,2023-07-26 05:07:03,0.0,,ida,22 - ALVORADA X J. OCEÂNICO (PARADOR) [IDA],19380.5,87.0
901005,RJB8E53,22,-23.006653,-43.3136,2023-07-26 05:07:06,42.3,,volta,22 - J. OCEÂNICO X ALVORADA (PARADOR) [VOLTA],21643.0,95.0
901004,RJQ8J80,22,-23.006467,-43.313017,2023-07-26 05:07:03,0.0,,volta,22 - J. OCEÂNICO X ALVORADA (PARADOR) [VOLTA],21432.6,251.0
30504,,25,-23.000131,-43.398954,2023-07-26 05:07:05,20.3,,volta,25 - ALVORADA X MATO ALTO (PARADOR) [VOLTA],53629.4,278.0
30533,KWO8120,13,-22.920659,-43.607833,2023-07-26 05:07:13,0.0,,ida,13 - MATO ALTO X ALVORADA (EXPRESSO) [IDA],52594.5,70.0
30538,KXE7719,20,-22.995353,-43.59463,2023-07-26 05:07:09,44.2,,volta,20 - SALVADOR ALLENDE X SANTA CRUZ (EXPRESSO) [VOLTA],55892.5,309.0
50309,KPN6B05,13,-23.006227,-43.434089,2023-07-26 05:07:09,58.9,,ida,13 - MATO ALTO X ALVORADA (EXPRESSO) [IDA],20084.5,74.0
13423,LSI5976,25,-23.019091,-43.485688,2023-07-26 05:07:11,0.0,,volta,25 - ALVORADA X MATO ALTO (PARADOR) [VOLTA],41114.0,253.0
47030,LSQ5263,20,-23.002465,-43.570726,2023-07-26 05:07:09,59.4,,ida,20 - SANTA CRUZ X SALVADOR ALLENDE (EXPRESSO) [IDA],53780.7,104.0
30519,LRE9804,11,-22.920074,-43.608092,2023-07-26 05:07:01,0.0,,ida,11 - SANTA CRUZ X ALVORADA (PARADOR) [IDA],51494.8,
90005,KWK6A89,20,-22.918937,-43.682427,2023-07-26 05:06:55,0.0,,ida,20 - SANTA CRUZ X SALVADOR ALLENDE (EXPRESSO) [IDA],49835.5,329.0
86875,KQB4103,12,-22.915756,-43.61557,2023-07-26 05:07:08,29.5,,ida,12 - PINGO D'AGUA X ALVORADA (EXPRESSO) [IDA],13013.5,286.0
30518,KYL8597,25,-23.000659,-43.365009,2023-07-26 05:07:04,0.0,,volta,25 - ALVORADA X MATO ALTO (PARADOR) [VOLTA],37110.7,277.0
902090,,35,-22.908272,-43.358371,2023-07-26 05:07:09,59.9,,ida,35 - MADUREIRA X ALVORADA (PARADOR) [IDA],15079.2,207.0
47029,LSQ5267,20,-22.918551,-43.682692,2023-07-26 05:07:02,0.0,,ida,20 - SANTA CRUZ X SALVADOR ALLENDE (EXPRESSO) [IDA],56964.8,
47012,KPZ8364,20,-22.916624,-43.683498,2023-07-26 05:06:58,0.0,,ida,,54990.7,
86885,LTB5540,14,-22.916442,-43.60709,2023-07-26 05:07:08,2.3,,ida,14 - SANTA EUGÊNIA X SALVADOR ALLENDE (EXPRESSO) [IDA],514714.7,345.0
12738,KRR2404,25,-22.993108,-43.597317,2023-07-26 05:07:03,0.0,,ida,25 - MATO ALTO X ALVORADA (PARADOR) [IDA],37392.2,
86886,LTB5541,14,-22.922736,-43.647714,2023-07-26 05:07:07,48.6,,ida,14 - SANTA EUGÊNIA X SALVADOR ALLENDE (EXPRESSO) [IDA],13088.6,224.0
13428,KXE7712,11,-22.920029,-43.608252,2023-07-26 05:07:05,7.7,,ida,11 - SANTA CRUZ X ALVORADA (PARADOR) [IDA],57799.2,196.0
47006,KWZ8630,18,-23.0191,-43.505074,2023-07-26 05:07:03,0.0,,ida,18 - RECREIO SHOPPING X JARDIM OCEÂNICO (EXPRESSO) [IDA],50888.5,
47007,LSP6018,18,-22.92066,-43.607778,2023-07-26 05:07:01,0.0,,ida,18 - RECREIO SHOPPING X JARDIM OCEÂNICO (EXPRESSO) [IDA],42179.7,158.0
13413,KWI9711,12,-22.993067,-43.597954,2023-07-26 05:07:09,0.0,,ida,12 - PINGO D'AGUA X ALVORADA (EXPRESSO) [IDA],43512.1,132.0
901057,,52,-22.963243,-43.393758,2023-07-26 05:06:55,4.0,,volta,52 - SENTIDO V. MILITAR (PARADOR) [VOLTA],51064.5,33.0
901003,RKM8C54,22,-23.002387,-43.326075,2023-07-26 05:07:07,44.3,,volta,22 - J. OCEÂNICO X ALVORADA (PARADOR) [VOLTA],22827.6,293.0
86874,KQB4102,20,-22.918869,-43.607532,2023-07-26 05:06:54,0.0,,ida,20 - SANTA CRUZ X SALVADOR ALLENDE (EXPRESSO) [IDA],512858.4,98.0
86879,LTN5696,18,-22.992855,-43.598159,2023-07-26 05:07:07,0.0,,ida,18 - RECREIO SHOPPING X JARDIM OCEÂNICO (EXPRESSO) [IDA],1812.9,
47011,LRH8889,0,-22.92065,-43.607882,2023-07-26 05:06:59,0.0,,,,39516.0,168.0
30537,KXE7720,12,-22.916362,-43.620182,2023-07-26 05:06:57,38.4,,ida,12 - PINGO D'AGUA X ALVORADA (EXPRESSO) [IDA],51506.5,259.0
50301,KPP5B70,25,-23.008476,-43.444033,2023-07-26 05:07:04,27.9,,volta,25 - ALVORADA X MATO ALTO (PARADOR) [VOLTA],3950.1,257.0
13401,KQO7822,19,-23.012221,-43.457818,2023-07-26 05:06:56,0.0,,ida,19 - PINGO D'AGUA X SALVADOR ALLENDE (EXPRESSO) [IDA],53646.0,74.0
13421,KWO8119,10,-22.920305,-43.608277,2023-07-26 05:06:57,0.0,,ida,10 - SANTA CRUZ X ALVORADA (EXPRESSO) [IDA],14957.8,
27174,KQP5437,13,-22.993983,-43.597175,2023-07-26 05:06:59,0.0,,ida,13 - MATO ALTO X ALVORADA (EXPRESSO) [IDA],18873.5,
47026,KYA7928,10,-22.920584,-43.608013,2023-07-26 05:07:11,0.0,,ida,10 - SANTA CRUZ X ALVORADA (EXPRESSO) [IDA],32900.199,
86889,KRQ6878,10,-23.000893,-43.367123,2023-07-26 05:06:58,0.0,,volta,10 - ALVORADA X SANTA CRUZ (EXPRESSO) [VOLTA],514962.4,
12724,LMJ1118,18,-23.019145,-43.505687,2023-07-26 05:06:57,0.0,,ida,18 - RECREIO SHOPPING X JARDIM OCEÂNICO (EXPRESSO) [IDA],9642.9,
30511,KPV2250,13,-23.000261,-43.414949,2023-07-26 05:07:11,59.3,,volta,13 - ALVORADA X  MATO ALTO (EXPRESSO) [VOLTA],49441.4,260.0
12725,LMJ1327,25,-23.003449,-43.565715,2023-07-26 05:07:08,59.5,,volta,25 - ALVORADA X MATO ALTO (PARADOR) [VOLTA],39257.5,284.0
13404,KQO7823,20,-23.01955,-43.486673,2023-07-26 05:07:03,26.3,,ida,20 - SANTA CRUZ X SALVADOR ALLENDE (EXPRESSO) [IDA],56103.0,72.0
47022,KRM7701,10,-23.020691,-43.493003,2023-07-26 05:07:09,51.0,,volta,10 - ALVORADA X SANTA CRUZ (EXPRESSO) [VOLTA],12946.4,262.0
12736,LMJ4504,20,-22.920027,-43.608042,2023-07-26 05:07:11,0.0,,ida,20 - SANTA CRUZ X SALVADOR ALLENDE (EXPRESSO) [IDA],15484.1,
13422,LSI5978,20,-22.969441,-43.61714,2023-07-26 05:07:11,60.2,,ida,20 - SANTA CRUZ X SALVADOR ALLENDE (EXPRESSO) [IDA],40382.9,132.0
12730,LSO8993,19,-23.017159,-43.478029,2023-07-26 05:07:07,59.8,,volta,19 - SALVADOR ALLENDE X PINGO D'AGUA (EXPRESSO) [VOLTA],9253.1,254.0
86872,LSH7386,20,-22.992778,-43.598115,2023-07-26 05:07:10,0.0,,ida,20 - SANTA CRUZ X SALVADOR ALLENDE (EXPRESSO) [IDA],22416.5,
47017,LRS2841,20,-22.936974,-43.667027,2023-07-26 05:07:02,12.0,,ida,20 - SANTA CRUZ X SALVADOR ALLENDE (EXPRESSO) [IDA],47898.2,178.0
86859,KWJ9250,19,-23.010736,-43.536868,2023-07-26 05:07:11,58.1,,ida,19 - PINGO D'AGUA X SALVADOR ALLENDE (EXPRESSO) [IDA],18694.2,107.0
30509,KYM4574,13,-23.000765,-43.364763,2023-07-26 05:06:54,0.0,,volta,13 - ALVORADA X  MATO ALTO (EXPRESSO) [VOLTA],53043.9,88.0
12710,KRO9724,20,-22.992679,-43.598355,2023-07-26 05:06:57,0.0,,ida,20 - SANTA CRUZ X SALVADOR ALLENDE (EXPRESSO) [IDA],38381.0,136.0
12720,KXD9430,20,-23.00137,-43.418483,2023-07-26 05:06:58,0.0,,volta,20 - SALVADOR ALLENDE X SANTA CRUZ (EXPRESSO) [VOLTA],21766.9,36.0
12712,LSN8501,19,-22.920192,-43.60808,2023-07-26 05:07:12,0.0,,ida,19 - PINGO D'AGUA X SALVADOR ALLENDE (EXPRESSO) [IDA],31093.7,
30521,LRC6594,25,-22.932582,-43.659456,2023-07-26 05:06:54,1.8,,ida,25 - MATO ALTO X ALVORADA (PARADOR) [IDA],34821.6,251.0
47010,KPZ8363,25,-23.014357,-43.466387,2023-07-26 05:07:11,3.5,,ida,25 - MATO ALTO X ALVORADA (PARADOR) [IDA],42585.9,327.0
86884,LSP9604,20,-22.965503,-43.391711,2023-07-26 05:07:12,0.0,,ida,20 - SANTA CRUZ X SALVADOR ALLENDE (EXPRESSO) [IDA],15298.5,
90006,LRH6D12,20,-22.92777,-43.677251,2023-07-26 05:06:54,31.7,,volta,20 - SALVADOR ALLENDE X SANTA CRUZ (EXPRESSO) [VOLTA],29708.4,313.0
30531,LRC6592,19,-22.988987,-43.602856,2023-07-26 05:07:04,58.8,,volta,19 - SALVADOR ALLENDE X PINGO D'AGUA (EXPRESSO) [VOLTA],40602.4,313.0
13415,KQK7905,25,-23.000545,-43.384781,2023-07-26 05:06:54,53.1,,ida,25 - MATO ALTO X ALVORADA (PARADOR) [IDA],45132.2,89.0
901002,,22,-23.000118,-43.345063,2023-07-26 05:07:04,53.4,,volta,22 - J. OCEÂNICO X ALVORADA (PARADOR) [VOLTA],17403.9,271.0
B13,KYM5979,14,-22.989267,-43.602559,2023-07-26 05:07:04,59.0,,volta,14 - SALVADOR ALLENDE x SANTA EUGÊNIA (EXPRESSO) [VOLTA],1173.0,314.0
B19,KZJ7238,14,-22.916566666666668,-43.631663333333336,2023-07-26 05:06:55,0.0,,ida,14 - SANTA EUGÊNIA X SALVADOR ALLENDE (EXPRESSO) [IDA],104993.2,225.0
B14,KRK9519,14,-23.010525,-43.536833,2023-07-26 05:06:58,0.0,,volta,14 - SALVADOR ALLENDE x SANTA EUGÊNIA (EXPRESSO) [VOLTA],1178.7,283.0
B11,KRK9516,14,-22.916211,-43.630591,2023-07-26 05:06:59,0.0,,ida,14 - SANTA EUGÊNIA X SALVADOR ALLENDE (EXPRESSO) [IDA],1219.9,240.0
B12,LMH5981,14,-22.920112,-43.632192,2023-07-26 05:06:47,20.8,,ida,14 - SANTA EUGÊNIA X SALVADOR ALLENDE (EXPRESSO) [IDA],1150.0,94.0
B25,,14,-22.938161,-43.666724,2023-07-26 05:06:53,20.8,,ida,14 - SANTA EUGÊNIA X SALVADOR ALLENDE (EXPRESSO) [IDA],1106.7,165.0
B28,KQP5E29,14,-22.916319,-43.630789,2023-07-26 05:06:57,0.0,,ida,14 - SANTA EUGÊNIA X SALVADOR ALLENDE (EXPRESSO) [IDA],1141.6,238.0
B40,,14,-22.921697,-43.634335,2023-07-26 05:07:01,31.6,,ida,14 - SANTA EUGÊNIA X SALVADOR ALLENDE (EXPRESSO) [IDA],748.4,11.0
B41,,14,-22.951419,-43.642765,2023-07-26 05:07:00,49.0,,ida,14 - SANTA EUGÊNIA X SALVADOR ALLENDE (EXPRESSO) [IDA],1173.9,46.0
901001,RJD7J89,22,-23.000804,-43.364338,2023-07-26 05:07:12,15.5,,ida,22 - ALVORADA X J. OCEÂNICO (PARADOR) [IDA],17342.1,180.0
B47,,14,-22.916948,-43.63407,2023-07-26 05:07:06,27.1,,ida,14 - SANTA EUGÊNIA X SALVADOR ALLENDE (EXPRESSO) [IDA],1178.5,266.0
B048,,14,-22.916505,-43.631495,2023-07-26 05:07:09,0.0,,ida,14 - SANTA EUGÊNIA X SALVADOR ALLENDE (EXPRESSO) [IDA],1167.9,258.0
B49,,14,-22.936422,-43.666927,2023-07-26 05:06:53,2.9,,ida,14 - SANTA EUGÊNIA X SALVADOR ALLENDE (EXPRESSO) [IDA],1138.7,156.0
B55,,14,-23.018822,-43.483586,2023-07-26 05:06:58,55.1,,ida,14 - SANTA EUGÊNIA X SALVADOR ALLENDE (EXPRESSO) [IDA],1149.6,75.0
B53,,14,-22.916497,-43.631124,2023-07-26 05:07:08,0.0,,ida,14 - SANTA EUGÊNIA X SALVADOR ALLENDE (EXPRESSO) [IDA],1195.7,264.0
B51,,14,-23.008128,-43.443306,2023-07-26 05:07:06,3.1,,volta,14 - SALVADOR ALLENDE x SANTA EUGÊNIA (EXPRESSO) [VOLTA],1229.3,328.0
901077,,52,-22.936219,-43.395408,2023-07-26 05:06:56,48.6,,ida,52 - SENTIDO ALVORADA (PARADOR) [IDA],26512.4,349.0
903045,,17,-22.920079,-43.607856,2023-07-26 05:07:10,6.7,,ida,17 - SANTA CRUZ X CAMPO GRANDE (PARADOR) [IDA],25843.9,177.0
902119,,35,-22.941138,-43.372565,2023-07-26 05:07:01,31.8,,volta,35 - ALVORADA  X  MADUREIRA (PARADOR) [VOLTA],7688.8,1.0
901058,,51,-22.963073,-43.393565,2023-07-26 05:07:05,0.0,,volta,51 - SENTIDO V. MILITAR (PARADOR) [VOLTA],44192.9,41.0
903027,,50,-22.972403,-43.401107,2023-07-26 05:06:59,0.0,,ida,50 - SENTIDO JD. OCEANICO (PARADOR) [IDA],49611.5,
901066,,52,-22.973352,-43.369168,2023-07-26 05:07:01,56.1,,volta,52 - SENTIDO V. MILITAR (PARADOR) [VOLTA],50007.6,270.0
903026,,50,-23.000001,-43.359261,2023-07-26 05:07:03,26.6,,ida,50 - SENTIDO JD. OCEANICO (PARADOR) [IDA],48956.5,96.0
903029,,50,-22.972126,-43.40119,2023-07-26 05:07:01,0.0,,ida,50 - SENTIDO JD. OCEANICO (PARADOR) [IDA],33512.4,176.0
902116,,35,-23.001029,-43.367744,2023-07-26 05:07:03,0.0,,volta,35 - ALVORADA  X  MADUREIRA (PARADOR) [VOLTA],11178.3,
902115,,35,-23.000992,-43.366076,2023-07-26 05:06:54,24.9,,volta,35 - ALVORADA  X  MADUREIRA (PARADOR) [VOLTA],14861.9,269.0
901061,,51,-22.915465,-43.398237,2023-07-26 05:07:00,3.0,,volta,51 - SENTIDO V. MILITAR (PARADOR) [VOLTA],43304.8,307.0
903030,,50,-22.945657,-43.372007,2023-07-26 05:07:08,53.3,,ida,50 - SENTIDO JD. OCEANICO (PARADOR) [IDA],40962.6,167.0
901073,,51,-22.865397,-43.407742,2023-07-26 05:06:59,59.1,,ida,51 - SENTIDO RECREIO (PARADOR) [IDA],41850.6,243.0
901048,,51,-22.954157,-43.391423,2023-07-26 05:06:53,42.8,,ida,51 - SENTIDO RECREIO (PARADOR) [IDA],26341.8,214.0
903031,,38,-22.876658,-43.329836,2023-07-26 05:06:55,0.0,,ida,38 - FUNDÃO X ALVORADA (PARADOR) [IDA],40603.1,87.0
903032,,42,-22.854406,-43.322604,2023-07-26 05:07:10,53.2,,volta,42 - MADUREIRA MANANCEIA X GALEAO (PARADOR) [VOLTA],42709.5,55.0
903055,,17,-22.917955,-43.683107,2023-07-26 05:07:01,0.0,,ida,17 - SANTA CRUZ X CAMPO GRANDE (PARADOR) [IDA],18909.5,340.0
903002,,42,-22.878827,-43.337089,2023-07-26 05:07:07,48.0,,volta,42 - MADUREIRA MANANCEIA X GALEAO (PARADOR) [VOLTA],6973.3,52.0
901080,,53,-22.885033,-43.400611,2023-07-26 05:06:53,35.7,,ida,53 - SENTIDO ALVORADA (EXPRESSO) [IDA],31274.7,190.0
902110,,35,-22.973205,-43.379456,2023-07-26 05:07:10,0.1,,volta,35 - ALVORADA  X  MADUREIRA (PARADOR) [VOLTA],8834.5,270.0
902114,,35,-22.900482,-43.354198,2023-07-26 05:07:04,0.0,,volta,35 - ALVORADA  X  MADUREIRA (PARADOR) [VOLTA],8974.9,32.0
903054,,17,-22.916795,-43.632886,2023-07-26 05:07:00,10.1,,volta,17 - CAMPO GRANDE  X SANTA CRUZ (PARADOR) [VOLTA],17671.2,248.0
903021,,42,-22.852008,-43.262811,2023-07-26 05:07:08,62.3,,ida,42 - GALEÃO X MADUREIRA MANANCEIA (PARADOR) [IDA],34624.9,323.0
903056,,17,-22.922487,-43.679552,2023-07-26 05:06:58,20.7,,volta,17 - CAMPO GRANDE  X SANTA CRUZ (PARADOR) [VOLTA],14654.8,344.0
903000,,50,-23.002042,-43.326837,2023-07-26 05:07:02,59.2,,volta,50 - SENTIDO T. OLIMPICO (PARADOR) [VOLTA],31886.2,293.0
903058,,17,-22.930404,-43.65569,2023-07-26 05:06:54,23.8,,volta,17 - CAMPO GRANDE  X SANTA CRUZ (PARADOR) [VOLTA],9169.4,204.0
902045,,31,-22.85229,-43.312458,2023-07-26 05:06:59,0.0,,ida,31 - VICENTE DE CARVALHO X ALVORADA (SEMIDIRETO) [IDA],6827.7,
903007,,50,-23.00067,-43.368344,2023-07-26 05:07:10,12.1,,volta,50 - SENTIDO T. OLIMPICO (PARADOR) [VOLTA],41360.5,293.0
903004,,42,-22.841805,-43.278896,2023-07-26 05:07:11,20.9,,ida,42 - GALEÃO X MADUREIRA MANANCEIA (PARADOR) [IDA],39200.8,312.0
903006,,50,-22.855915,-43.324965,2023-07-26 05:07:00,45.4,,ida,50 - SENTIDO JD. OCEANICO (PARADOR) [IDA],46384.7,73.0
903005,,42,-22.839872,-43.239527,2023-07-26 05:07:02,0.0,,ida,42 - GALEÃO X MADUREIRA MANANCEIA (PARADOR) [IDA],38822.7,
903022,,50,-22.980394,-43.365688,2023-07-26 05:07:03,56.1,,volta,50 - SENTIDO T. OLIMPICO (PARADOR) [VOLTA],37737.5,358.0
903035,,17,-22.918368,-43.682763,2023-07-26 05:07:02,0.2,,ida,17 - SANTA CRUZ X CAMPO GRANDE (PARADOR) [IDA],19570.8,324.0
901059,,51,-22.9892,-43.417161,2023-07-26 05:06:55,10.2,,volta,51 - SENTIDO V. MILITAR (PARADOR) [VOLTA],48357.1,53.0
903003,,42,-22.877265,-43.336068,2023-07-26 05:07:06,14.2,,volta,42 - MADUREIRA MANANCEIA X GALEAO (PARADOR) [VOLTA],41707.9,32.0
901020,,22,-23.000734,-43.366297,2023-07-26 05:06:57,0.0,,ida,22 - ALVORADA X J. OCEÂNICO (PARADOR) [IDA],25521.5,
901021,,40,-23.000655,-43.365791,2023-07-26 05:06:59,0.0,,volta,40 - ALVORADA X PAULO DA PORTELA (EXPRESSO) [VOLTA],17611.0,91.0
901025,,51,-22.862171,-43.400508,2023-07-26 05:06:56,0.0,,ida,51 - SENTIDO RECREIO (PARADOR) [IDA],40715.4,
901027,,41,-22.867121,-43.411236,2023-07-26 05:07:11,44.2,,volta,41 - TERMINAL RECREIO X PAULO DA PORTELA (EXPRESSO) [VOLTA],25985.2,62.0
901028,,40,-22.913216,-43.36054,2023-07-26 05:07:10,50.3,,ida,40 - PAULO DA PORTELA X ALVORADA (EXPRESSO) [IDA],23779.0,188.0
901030,,40,-22.879117,-43.337854,2023-07-26 05:07:01,3.7,,ida,40 - PAULO DA PORTELA X ALVORADA (EXPRESSO) [IDA],21836.0,85.0
901032,,40,-22.879131,-43.337675,2023-07-26 05:06:58,0.0,,ida,40 - PAULO DA PORTELA X ALVORADA (EXPRESSO) [IDA],25295.9,88.0
901034,,0,-22.938144,-43.372122,2023-07-26 05:07:04,46.5,,,,27517.8,3.0
901036,,52,-22.965465,-43.391491,2023-07-26 05:07:05,6.4,,ida,52 - SENTIDO ALVORADA (PARADOR) [IDA],22805.6,184.0
901041,,22,-22.965702,-43.391346,2023-07-26 05:07:05,0.0,,ida,22 - ALVORADA X J. OCEÂNICO (PARADOR) [IDA],26160.4,
903009,,42,-22.844128,-43.238508,2023-07-26 05:07:07,46.8,,ida,42 - GALEÃO X MADUREIRA MANANCEIA (PARADOR) [IDA],47189.7,153.0
903010,,42,-22.82569,-43.23252,2023-07-26 05:06:56,52.3,,ida,42 - GALEÃO X MADUREIRA MANANCEIA (PARADOR) [IDA],43700.3,218.0
903011,,42,-22.8377,-43.289562,2023-07-26 05:07:00,0.0,,volta,42 - MADUREIRA MANANCEIA X GALEAO (PARADOR) [VOLTA],45337.9,84.0
903012,,42,-22.854362,-43.322571,2023-07-26 05:06:53,58.3,,ida,42 - GALEÃO X MADUREIRA MANANCEIA (PARADOR) [IDA],47956.1,238.0
903015,,42,-22.81119,-43.251407,2023-07-26 05:06:56,0.0,,ida,42 - GALEÃO X MADUREIRA MANANCEIA (PARADOR) [IDA],47871.9,139.0
903016,,42,-22.853265,-43.261804,2023-07-26 05:07:04,54.0,,volta,42 - MADUREIRA MANANCEIA X GALEAO (PARADOR) [VOLTA],42533.1,144.0
903017,,50,-22.979862,-43.36569,2023-07-26 05:07:07,49.1,,ida,50 - SENTIDO JD. OCEANICO (PARADOR) [IDA],44907.6,180.0
903020,,50,-22.966867,-43.397253,2023-07-26 05:07:10,0.0,,ida,50 - SENTIDO JD. OCEANICO (PARADOR) [IDA],43841.2,221.0
903024,,38,-22.876855,-43.330089,2023-07-26 05:00:38,0.0,,ida,38 - FUNDÃO X ALVORADA (PARADOR) [IDA],38022.8,100.0
903025,,50,-23.006682,-43.311838,2023-07-26 05:07:04,19.8,,volta,50 - SENTIDO T. OLIMPICO (PARADOR) [VOLTA],39460.1,278.0
903014,,38,-22.88574,-43.343656,2023-07-26 05:07:11,16.3,,ida,38 - FUNDÃO X ALVORADA (PARADOR) [IDA],51725.9,221.0
901060,,51,-23.008526,-43.440114,2023-07-26 05:06:56,0.0,,volta,51 - SENTIDO V. MILITAR (PARADOR) [VOLTA],24784.0,70.0
903052,,17,-22.915661,-43.607472,2023-07-26 05:07:04,23.4,,ida,17 - SANTA CRUZ X CAMPO GRANDE (PARADOR) [IDA],21797.7,72.0
903063,,17,-22.920207,-43.608147,2023-07-26 05:07:07,0.0,,ida,17 - SANTA CRUZ X CAMPO GRANDE (PARADOR) [IDA],21497.7,135.0
902113,,31,-22.852577,-43.317885,2023-07-26 05:07:07,43.6,,ida,31 - VICENTE DE CARVALHO X ALVORADA (SEMIDIRETO) [IDA],8852.3,86.0
902118,,31,-22.876437,-43.329607,2023-07-26 05:06:58,0.0,,ida,31 - VICENTE DE CARVALHO X ALVORADA (SEMIDIRETO) [IDA],7640.6,
902117,,31,-22.853056,-43.31324,2023-07-26 05:06:57,0.1,,ida,31 - VICENTE DE CARVALHO X ALVORADA (SEMIDIRETO) [IDA],10240.9,202.0
901044,,40,-22.87618,-43.339144,2023-07-26 05:06:59,25.4,,ida,40 - PAULO DA PORTELA X ALVORADA (EXPRESSO) [IDA],29595.1,219.0
903033,,42,-22.841443,-43.239277,2023-07-26 05:07:06,46.3,,ida,42 - GALEÃO X MADUREIRA MANANCEIA (PARADOR) [IDA],36567.2,154.0
902022,,46,-22.8413,-43.276197,2023-07-26 05:06:56,0.0,,ida,46 - PENHA X ALVORADA (EXPRESSO) [IDA],30782.3,
901093,,22,-22.870142,-43.4108,2023-07-26 05:07:02,50.8,,ida,,27797.5,314.0
902059,,43,-22.940578,-43.372487,2023-07-26 05:07:09,0.0,,volta,43 - SANTA EFIGENIA X FUNDÃO (EXPRESSO) [VOLTA],35713.0,
902056,,46,-22.85034,-43.308866,2023-07-26 05:07:03,38.5,,volta,46 - ALVORADA X PENHA (EXPRESSO) [VOLTA],34640.9,52.0
901091,,51,-22.87529,-43.405957,2023-07-26 05:07:01,53.7,,ida,51 - SENTIDO RECREIO (PARADOR) [IDA],31122.5,142.0
901086,,53,-22.964511,-43.392154,2023-07-26 05:07:06,0.0,,ida,53 - SENTIDO ALVORADA (EXPRESSO) [IDA],48370.3,
902032,,46,-23.000943,-43.367642,2023-07-26 05:07:04,0.0,,volta,46 - ALVORADA X PENHA (EXPRESSO) [VOLTA],36295.6,124.0
901094,,0,-22.964931,-43.39186,2023-07-26 05:07:13,10.4,,,,32744.9,146.0
902027,,43,-22.889017,-43.346352,2023-07-26 05:07:10,26.3,,ida,43 - FUNDÃO X SANTA EFIGENIA (EXPRESSO) [IDA],32873.8,200.0
902028,,46,-22.900752,-43.354392,2023-07-26 05:06:53,0.0,,volta,46 - ALVORADA X PENHA (EXPRESSO) [VOLTA],37592.0,30.0
902018,,40,-22.87793,-43.336279,2023-07-26 05:07:00,0.0,,ida,40 - PAULO DA PORTELA X ALVORADA (EXPRESSO) [IDA],23639.0,
902046,,46,-22.850688,-43.309419,2023-07-26 05:06:59,30.5,,ida,46 - PENHA X ALVORADA (EXPRESSO) [IDA],33371.199,238.0
12715,,10,-22.951459,-43.650163,2023-07-26 05:07:04,0.0,,volta,10 - ALVORADA X SANTA CRUZ (EXPRESSO) [VOLTA],42382.5,318.0
902010,,40,-22.965072,-43.392133,2023-07-26 05:07:01,0.0,,ida,40 - PAULO DA PORTELA X ALVORADA (EXPRESSO) [IDA],10957.6,
901062,,51,-22.989231,-43.417373,2023-07-26 05:07:03,37.7,,ida,51 - SENTIDO RECREIO (PARADOR) [IDA],46933.6,224.0
E902000,,41,-22.854673,-43.251422,2023-07-26 05:07:05,0.0,,volta,41 - TERMINAL RECREIO X PAULO DA PORTELA (EXPRESSO) [VOLTA],10383.7,
901067,,52,-23.000776,-43.368525,2023-07-26 05:07:09,13.2,,volta,52 - SENTIDO V. MILITAR (PARADOR) [VOLTA],41767.8,209.0
E902004,,41,-22.854785,-43.252012,2023-07-26 05:07:00,0.0,,volta,41 - TERMINAL RECREIO X PAULO DA PORTELA (EXPRESSO) [VOLTA],13269.1,
12713,,18,-23.014261,-43.465748,2023-07-26 05:07:10,59.5,,ida,18 - RECREIO SHOPPING X JARDIM OCEÂNICO (EXPRESSO) [IDA],35252.5,75.0
902062,,46,-22.862119,-43.330985,2023-07-26 05:07:03,48.0,,volta,46 - ALVORADA X PENHA (EXPRESSO) [VOLTA],33289.4,39.0
902048,,46,-22.982876,-43.365606,2023-07-26 05:07:02,58.1,,volta,46 - ALVORADA X PENHA (EXPRESSO) [VOLTA],23961.9,1.0
902058,,46,-22.854174,-43.251917,2023-07-26 05:06:54,0.0,,ida,46 - PENHA X ALVORADA (EXPRESSO) [IDA],34575.2,
901068,,51,-23.008529,-43.43996,2023-07-26 05:07:11,0.0,,volta,51 - SENTIDO V. MILITAR (PARADOR) [VOLTA],50821.3,
902003,,41,-22.839334,-43.239903,2023-07-26 05:06:58,0.0,,volta,41 - TERMINAL RECREIO X PAULO DA PORTELA (EXPRESSO) [VOLTA],17397.0,
902102,,35,-22.879073,-43.336446,2023-07-26 05:07:01,0.0,,ida,35 - MADUREIRA X ALVORADA (PARADOR) [IDA],12380.5,
902061,,46,-22.854447,-43.251658,2023-07-26 05:07:00,0.0,,ida,46 - PENHA X ALVORADA (EXPRESSO) [IDA],28946.0,
902052,,46,-23.001325,-43.364876,2023-07-26 05:07:02,0.0,,volta,46 - ALVORADA X PENHA (EXPRESSO) [VOLTA],35617.1,
902050,,43,-22.918792,-43.365759,2023-07-26 05:06:56,40.9,,volta,43 - SANTA EFIGENIA X FUNDÃO (EXPRESSO) [VOLTA],31265.3,59.0
12716,,20,-22.916952,-43.683525,2023-07-26 05:07:03,0.0,,ida,20 - SANTA CRUZ X SALVADOR ALLENDE (EXPRESSO) [IDA],45562.5,
902060,,41,-22.854524,-43.251079,2023-07-26 05:06:57,0.0,,volta,41 - TERMINAL RECREIO X PAULO DA PORTELA (EXPRESSO) [VOLTA],30130.3,
902008,,46,-22.945764,-43.371939,2023-07-26 05:07:08,51.8,,ida,46 - PENHA X ALVORADA (EXPRESSO) [IDA],10528.6,348.0
902047,,46,-22.857345,-43.257078,2023-07-26 05:06:55,0.0,,ida,46 - PENHA X ALVORADA (EXPRESSO) [IDA],23963.0,220.0
902051,,46,-22.870542,-43.335735,2023-07-26 05:06:59,17.0,,ida,46 - PENHA X ALVORADA (EXPRESSO) [IDA],32994.699,196.0
902067,,46,-22.929533,-43.373488,2023-07-26 05:06:58,46.0,,ida,46 - PENHA X ALVORADA (EXPRESSO) [IDA],34093.0,174.0
901098,,51,-22.853365,-43.386024,2023-07-26 05:07:06,34.9,,ida,51 - SENTIDO RECREIO (PARADOR) [IDA],27293.1,105.0
901055,,51,-22.861757,-43.400036,2023-07-26 05:07:12,0.0,,ida,51 - SENTIDO RECREIO (PARADOR) [IDA],46658.4,
902054,,46,-22.854721,-43.251896,2023-07-26 05:07:00,0.0,,ida,46 - PENHA X ALVORADA (EXPRESSO) [IDA],35704.7,
901079,,53,-22.940196,-43.394817,2023-07-26 05:07:02,62.8,,ida,53 - SENTIDO ALVORADA (EXPRESSO) [IDA],44056.1,174.0
901084,,53,-22.973067,-43.387706,2023-07-26 05:06:57,0.1,,ida,53 - SENTIDO ALVORADA (EXPRESSO) [IDA],52299.5,271.0
902080,,46,-22.900219,-43.354072,2023-07-26 05:07:06,0.0,,ida,46 - PENHA X ALVORADA (EXPRESSO) [IDA],34353.3,210.0
901081,,53,-22.884002,-43.399676,2023-07-26 05:07:12,0.0,,ida,53 - SENTIDO ALVORADA (EXPRESSO) [IDA],41800.8,
902065,,43,-22.857177,-43.256983,2023-07-26 05:07:03,0.0,,ida,43 - FUNDÃO X SANTA EFIGENIA (EXPRESSO) [IDA],35361.7,218.0
901069,,52,-22.975646,-43.364424,2023-07-26 05:07:03,51.0,,ida,52 - SENTIDO ALVORADA (PARADOR) [IDA],37740.0,202.0
901074,,52,-22.861472,-43.399392,2023-07-26 05:06:59,0.0,,ida,52 - SENTIDO ALVORADA (PARADOR) [IDA],39513.8,
901085,,53,-22.883785,-43.399682,2023-07-26 05:07:02,0.0,,ida,53 - SENTIDO ALVORADA (EXPRESSO) [IDA],43544.6,144.0
902030,,31,-22.878907,-43.337219,2023-07-26 05:07:11,44.9,,ida,31 - VICENTE DE CARVALHO X ALVORADA (SEMIDIRETO) [IDA],11298.2,240.0
902071,,46,-23.00101,-43.367998,2023-07-26 05:07:01,0.0,,volta,46 - ALVORADA X PENHA (EXPRESSO) [VOLTA],35937.8,
902072,,43,-22.854774,-43.251908,2023-07-26 05:07:03,0.0,,volta,43 - SANTA EFIGENIA X FUNDÃO (EXPRESSO) [VOLTA],32687.8,
902064,,43,-22.861009,-43.330094,2023-07-26 05:07:06,41.4,,ida,43 - FUNDÃO X SANTA EFIGENIA (EXPRESSO) [IDA],0.0,224.0
902070,,46,-22.971335,-43.388065,2023-07-26 05:06:55,49.5,,ida,46 - PENHA X ALVORADA (EXPRESSO) [IDA],36292.8,127.0
901087,,53,-22.965371,-43.391584,2023-07-26 05:07:02,0.0,,ida,53 - SENTIDO ALVORADA (EXPRESSO) [IDA],47525.3,
902085,,46,-22.854537,-43.251701,2023-07-26 05:06:59,0.0,,ida,46 - PENHA X ALVORADA (EXPRESSO) [IDA],34050.9,
E902001,,41,-22.849665,-43.26446,2023-07-26 05:07:06,0.0,,volta,41 - TERMINAL RECREIO X PAULO DA PORTELA (EXPRESSO) [VOLTA],20871.7,
E902006,,40,-22.879073,-43.337497,2023-07-26 05:06:55,3.4,,ida,40 - PAULO DA PORTELA X ALVORADA (EXPRESSO) [IDA],19305.1,86.0
E902011,,40,-22.898537,-43.352857,2023-07-26 05:06:55,0.0,,ida,40 - PAULO DA PORTELA X ALVORADA (EXPRESSO) [IDA],8599.8,37.0
902002,,41,-22.851165,-43.310598,2023-07-26 05:07:09,35.5,,volta,41 - TERMINAL RECREIO X PAULO DA PORTELA (EXPRESSO) [VOLTA],19830.6,246.0
901095,,51,-22.965293,-43.391552,2023-07-26 05:07:06,0.0,,volta,51 - SENTIDO V. MILITAR (PARADOR) [VOLTA],35035.8,337.0
902069,,41,-22.910347,-43.360032,2023-07-26 05:07:05,59.8,,ida,41 - PAULO DA PORTELA X TERMINAL RECREIO (EXPRESSO) [IDA],32584.1,207.0
902094,,35,-22.916204,-43.361668,2023-07-26 05:07:11,25.0,,volta,35 - ALVORADA  X  MADUREIRA (PARADOR) [VOLTA],9088.9,31.0
902075,,31,-22.876388,-43.329894,2023-07-26 05:06:59,0.0,,ida,31 - VICENTE DE CARVALHO X ALVORADA (SEMIDIRETO) [IDA],14095.4,
902082,,35,-22.935521,-43.371714,2023-07-26 05:07:02,0.1,,ida,35 - MADUREIRA X ALVORADA (PARADOR) [IDA],10869.3,158.0
903062,,17,-22.919889,-43.642375,2023-07-26 05:06:58,40.4,,ida,17 - SANTA CRUZ X CAMPO GRANDE (PARADOR) [IDA],20188.4,63.0
902089,,35,-23.001238,-43.364259,2023-07-26 05:07:13,16.0,,volta,35 - ALVORADA  X  MADUREIRA (PARADOR) [VOLTA],9774.2,37.0
903041,,50,-22.876512,-43.329462,2023-07-26 05:07:10,0.0,,ida,50 - SENTIDO JD. OCEANICO (PARADOR) [IDA],27433.7,
903051,,50,-22.972017,-43.401046,2023-07-26 05:07:01,0.0,,ida,50 - SENTIDO JD. OCEANICO (PARADOR) [IDA],31059.3,113.0
902055,,46,-22.84013,-43.281746,2023-07-26 05:06:57,3.7,,ida,46 - PENHA X ALVORADA (EXPRESSO) [IDA],15.4,300.0
903044,,42,-22.83925,-43.240022,2023-07-26 04:50:39,0.0,,ida,42 - GALEÃO X MADUREIRA MANANCEIA (PARADOR) [IDA],29209.1,142.0
903036,,17,-22.918921,-43.607098,2023-07-26 05:06:57,16.4,,ida,17 - SANTA CRUZ X CAMPO GRANDE (PARADOR) [IDA],156820.0,22.0
902043,,46,-22.877958,-43.336271,2023-07-26 05:06:54,0.0,,ida,46 - PENHA X ALVORADA (EXPRESSO) [IDA],29100.6,
902036,,41,-22.877542,-43.336956,2023-07-26 05:06:54,0.0,,ida,41 - PAULO DA PORTELA X TERMINAL RECREIO (EXPRESSO) [IDA],32318.3,
903039,,17,-22.915608,-43.627512,2023-07-26 05:07:06,24.2,,ida,17 - SANTA CRUZ X CAMPO GRANDE (PARADOR) [IDA],18368.3,80.0
903047,,42,-22.876821,-43.329647,2023-07-26 05:07:05,0.1,,ida,42 - GALEÃO X MADUREIRA MANANCEIA (PARADOR) [IDA],23082.2,72.0
902074,,31,-22.871271,-43.335878,2023-07-26 05:06:59,36.3,,ida,31 - VICENTE DE CARVALHO X ALVORADA (SEMIDIRETO) [IDA],9767.4,22.0
902044,,43,-22.841707,-43.274747,2023-07-26 05:07:08,34.1,,ida,43 - FUNDÃO X SANTA EFIGENIA (EXPRESSO) [IDA],31227.0,289.0
902038,,46,-22.854443,-43.251312,2023-07-26 05:06:57,0.0,,ida,46 - PENHA X ALVORADA (EXPRESSO) [IDA],7575.2,
903064,,50,-22.97233,-43.401168,2023-07-26 05:07:10,0.0,,ida,50 - SENTIDO JD. OCEANICO (PARADOR) [IDA],22136.7,175.0
903069,,17,-22.917961,-43.684238,2023-07-26 05:06:57,0.0,,ida,17 - SANTA CRUZ X CAMPO GRANDE (PARADOR) [IDA],22412.5,168.0
902042,,46,-22.958846,-43.384145,2023-07-26 05:07:05,51.2,,volta,46 - ALVORADA X PENHA (EXPRESSO) [VOLTA],31921.7,75.0
902040,,46,-22.921059,-43.369869,2023-07-26 05:07:11,33.0,,volta,46 - ALVORADA X PENHA (EXPRESSO) [VOLTA],34110.7,58.0
903049,,17,-22.907815,-43.577073,2023-07-26 05:06:51,22.4,,ida,17 - SANTA CRUZ X CAMPO GRANDE (PARADOR) [IDA],23321.7,76.0
903038,,17,-22.91423,-43.602812,2023-07-26 05:06:57,44.4,,volta,17 - CAMPO GRANDE  X SANTA CRUZ (PARADOR) [VOLTA],26541.8,263.0
12732,,18,-23.008757,-43.54126,2023-07-26 05:06:54,57.9,,ida,18 - RECREIO SHOPPING X JARDIM OCEÂNICO (EXPRESSO) [IDA],25695.2,124.0
902096,,35,-23.000986,-43.367095,2023-07-26 05:06:53,0.0,,volta,35 - ALVORADA  X  MADUREIRA (PARADOR) [VOLTA],14221.2,
902084,,31,-22.876879,-43.329799,2023-07-26 05:07:03,0.0,,ida,31 - VICENTE DE CARVALHO X ALVORADA (SEMIDIRETO) [IDA],11709.4,
902100,,35,-22.879061,-43.336356,2023-07-26 05:07:09,0.0,,ida,35 - MADUREIRA X ALVORADA (PARADOR) [IDA],13435.3,
903059,,17,-22.916902,-43.63343,2023-07-26 05:07:04,15.3,,ida,17 - SANTA CRUZ X CAMPO GRANDE (PARADOR) [IDA],18743.7,255.0
902079,,46,-22.841415,-43.275745,2023-07-26 05:07:00,0.0,,ida,46 - PENHA X ALVORADA (EXPRESSO) [IDA],30822.0,
903066,,17,-22.917832,-43.683179,2023-07-26 05:07:03,0.0,,ida,17 - SANTA CRUZ X CAMPO GRANDE (PARADOR) [IDA],24875.1,329.0
902099,,35,-22.878298,-43.336321,2023-07-26 05:07:01,0.0,,ida,35 - MADUREIRA X ALVORADA (PARADOR) [IDA],11541.1,
902091,,35,-22.958692,-43.383626,2023-07-26 05:07:01,9.1,,ida,35 - MADUREIRA X ALVORADA (PARADOR) [IDA],14050.1,244.0
901099,,51,-22.899483,-43.397681,2023-07-26 05:05:07,63.7,,ida,51 - SENTIDO RECREIO (PARADOR) [IDA],29483.3,170.0
903046,,42,-22.878959,-43.337195,2023-07-26 05:07:10,7.2,,volta,42 - MADUREIRA MANANCEIA X GALEAO (PARADOR) [VOLTA],29785.2,266.0
903061,,17,-22.912879,-43.594721,2023-07-26 05:06:54,43.8,,ida,17 - SANTA CRUZ X CAMPO GRANDE (PARADOR) [IDA],21483.4,63.0
903070,,17,-22.919077,-43.607614,2023-07-26 05:07:01,0.0,,ida,17 - SANTA CRUZ X CAMPO GRANDE (PARADOR) [IDA],9256.1,88.0
44706,LRG8855,20,-22.918804,-43.682552,2023-07-26 05:06:55,0.0,,ida,20 - SANTA CRUZ X SALVADOR ALLENDE (EXPRESSO) [IDA],21875.2,
901008,,22,-23.000864,-43.366123,2023-07-26 05:08:11,0.0,,volta,,22783.1,229.0
901007,,22,-22.999982,-43.359597,2023-07-26 05:08:08,0.0,,ida,22 - ALVORADA X J. OCEÂNICO (PARADOR) [IDA],21819.1,90.0
901009,,22,-23.000936,-43.365156,2023-07-26 05:07:58,0.0,,volta,,20864.9,
901010,RJM8G30,22,-23.000886,-43.364925,2023-07-26 05:08:07,0.0,,ida,22 - ALVORADA X J. OCEÂNICO (PARADOR) [IDA],22869.5,271.0
901017,,22,-23.000711,-43.366058,2023-07-26 05:08:05,0.0,,ida,22 - ALVORADA X J. OCEÂNICO (PARADOR) [IDA],25122.4,
901006,RJA9F56,22,-23.000415,-43.339423,2023-07-26 05:08:03,22.9,,ida,22 - ALVORADA X J. OCEÂNICO (PARADOR) [IDA],19380.8,94.0
901005,RJB8E53,22,-23.00674,-43.312312,2023-07-26 05:08:06,0.0,,volta,22 - J. OCEÂNICO X ALVORADA (PARADOR) [VOLTA],21643.1,49.0
901004,RJQ8J80,22,-23.006502,-43.312969,2023-07-26 05:08:03,0.0,,volta,22 - J. OCEÂNICO X ALVORADA (PARADOR) [VOLTA],21432.6,251.0
30504,,25,-22.999887,-43.407074,2023-07-26 05:08:06,14.2,,volta,25 - ALVORADA X MATO ALTO (PARADOR) [VOLTA],53630.2,271.0
30533,KWO8120,13,-22.920757,-43.607929,2023-07-26 05:08:12,0.0,,ida,13 - MATO ALTO X ALVORADA (EXPRESSO) [IDA],52594.6,70.0
30538,KXE7719,20,-22.991296,-43.599695,2023-07-26 05:08:09,42.7,,volta,20 - SALVADOR ALLENDE X SANTA CRUZ (EXPRESSO) [VOLTA],55893.2,304.0
50309,KPN6B05,13,-23.003633,-43.425816,2023-07-26 05:08:08,59.6,,ida,13 - MATO ALTO X ALVORADA (EXPRESSO) [IDA],20085.4,70.0
30532,KYL8599,13,-23.017197,-43.513339,2023-07-26 05:07:35,51.3,,ida,13 - MATO ALTO X ALVORADA (EXPRESSO) [IDA],41761.8,107.0
13423,LSI5976,25,-23.020459,-43.491293,2023-07-26 05:08:11,59.4,,volta,25 - ALVORADA X MATO ALTO (PARADOR) [VOLTA],41114.7,260.0
30519,LRE9804,11,-22.920074,-43.608092,2023-07-26 05:08:00,0.0,,ida,11 - SANTA CRUZ X ALVORADA (PARADOR) [IDA],51494.8,
90005,KWK6A89,20,-22.918943,-43.682398,2023-07-26 05:07:54,0.0,,ida,20 - SANTA CRUZ X SALVADOR ALLENDE (EXPRESSO) [IDA],49835.5,329.0
86875,KQB4103,12,-22.916447,-43.620749,2023-07-26 05:08:08,36.3,,ida,12 - PINGO D'AGUA X ALVORADA (EXPRESSO) [IDA],13014.1,270.0
30518,KYL8597,25,-23.000681,-43.365008,2023-07-26 05:08:04,0.0,,volta,25 - ALVORADA X MATO ALTO (PARADOR) [VOLTA],37110.7,277.0
902090,,35,-22.915654,-43.361477,2023-07-26 05:08:10,43.1,,ida,35 - MADUREIRA X ALVORADA (PARADOR) [IDA],15080.1,206.0
47029,LSQ5267,20,-22.918551,-43.682692,2023-07-26 05:08:04,0.0,,ida,20 - SANTA CRUZ X SALVADOR ALLENDE (EXPRESSO) [IDA],56964.8,
47012,KPZ8364,20,-22.916646,-43.683515,2023-07-26 05:07:58,0.0,,ida,,54990.7,
86885,LTB5540,14,-22.916259,-43.607893,2023-07-26 05:08:09,3.6,,ida,14 - SANTA EUGÊNIA X SALVADOR ALLENDE (EXPRESSO) [IDA],514714.8,359.0
12738,KRR2404,25,-22.993108,-43.597317,2023-07-26 05:08:03,0.0,,ida,25 - MATO ALTO X ALVORADA (PARADOR) [IDA],37392.2,
86886,LTB5541,14,-22.925663,-43.650145,2023-07-26 05:08:08,16.3,,ida,14 - SANTA EUGÊNIA X SALVADOR ALLENDE (EXPRESSO) [IDA],13089.0,206.0
13428,KXE7712,11,-22.920229,-43.608192,2023-07-26 05:08:02,0.0,,ida,11 - SANTA CRUZ X ALVORADA (PARADOR) [IDA],57799.2,174.0
47006,KWZ8630,18,-23.0191,-43.505074,2023-07-26 05:08:04,0.0,,ida,18 - RECREIO SHOPPING X JARDIM OCEÂNICO (EXPRESSO) [IDA],50888.5,
47007,LSP6018,18,-22.920642,-43.607751,2023-07-26 05:08:00,0.0,,ida,18 - RECREIO SHOPPING X JARDIM OCEÂNICO (EXPRESSO) [IDA],42179.7,158.0
901057,,52,-22.96057,-43.391732,2023-07-26 05:08:12,56.3,,volta,52 - SENTIDO V. MILITAR (PARADOR) [VOLTA],51064.8,1.0
901003,RKM8C54,22,-23.001345,-43.32863,2023-07-26 05:08:07,26.8,,volta,22 - J. OCEÂNICO X ALVORADA (PARADOR) [VOLTA],22827.9,287.0
86874,KQB4102,20,-22.918875,-43.607541,2023-07-26 05:08:14,0.0,,ida,20 - SANTA CRUZ X SALVADOR ALLENDE (EXPRESSO) [IDA],512858.4,98.0
86879,LTN5696,18,-22.992855,-43.598159,2023-07-26 05:08:08,0.0,,ida,18 - RECREIO SHOPPING X JARDIM OCEÂNICO (EXPRESSO) [IDA],1812.9,
47011,LRH8889,0,-22.920676,-43.607895,2023-07-26 05:07:58,0.0,,,,39516.0,168.0
30537,KXE7720,12,-22.915646,-43.626137,2023-07-26 05:07:57,49.6,,ida,12 - PINGO D'AGUA X ALVORADA (EXPRESSO) [IDA],51507.2,287.0
50301,KPP5B70,25,-23.010313,-43.451303,2023-07-26 05:08:04,45.1,,volta,25 - ALVORADA X MATO ALTO (PARADOR) [VOLTA],3950.9,254.0
13401,KQO7822,19,-23.011366,-43.454449,2023-07-26 05:07:56,54.0,,ida,19 - PINGO D'AGUA X SALVADOR ALLENDE (EXPRESSO) [IDA],53646.3,74.0
13421,KWO8119,10,-22.920305,-43.608277,2023-07-26 05:07:57,0.0,,ida,10 - SANTA CRUZ X ALVORADA (EXPRESSO) [IDA],14957.8,
27174,KQP5437,13,-22.993983,-43.597175,2023-07-26 05:07:59,0.0,,ida,13 - MATO ALTO X ALVORADA (EXPRESSO) [IDA],18873.5,
47026,KYA7928,10,-22.920584,-43.608013,2023-07-26 05:08:10,0.0,,ida,10 - SANTA CRUZ X ALVORADA (EXPRESSO) [IDA],32900.199,
86889,KRQ6878,10,-23.000893,-43.367123,2023-07-26 05:07:57,0.0,,volta,10 - ALVORADA X SANTA CRUZ (EXPRESSO) [VOLTA],514962.4,
12724,LMJ1118,18,-23.019145,-43.505687,2023-07-26 05:07:58,0.0,,ida,18 - RECREIO SHOPPING X JARDIM OCEÂNICO (EXPRESSO) [IDA],9642.9,
27209,LSL9B07,25,-22.993898,-43.597382,2023-07-26 05:03:52,0.0,,ida,25 - MATO ALTO X ALVORADA (PARADOR) [IDA],10074.8,131.0
30511,KPV2250,13,-23.000936,-43.418112,2023-07-26 05:08:12,0.0,,volta,13 - ALVORADA X  MATO ALTO (EXPRESSO) [VOLTA],49441.7,255.0
12725,LMJ1327,25,-23.001249,-43.575129,2023-07-26 05:08:08,58.9,,volta,25 - ALVORADA X MATO ALTO (PARADOR) [VOLTA],39258.4,285.0
13404,KQO7823,20,-23.018755,-43.483326,2023-07-26 05:08:04,51.9,,ida,20 - SANTA CRUZ X SALVADOR ALLENDE (EXPRESSO) [IDA],56103.3,74.0
47022,KRM7701,10,-23.01991,-43.502568,2023-07-26 05:08:10,60.4,,volta,10 - ALVORADA X SANTA CRUZ (EXPRESSO) [VOLTA],12947.4,287.0
12736,LMJ4504,20,-22.920027,-43.608042,2023-07-26 05:08:10,0.0,,ida,20 - SANTA CRUZ X SALVADOR ALLENDE (EXPRESSO) [IDA],15484.1,
13422,LSI5978,20,-22.976649,-43.611867,2023-07-26 05:08:11,59.8,,ida,20 - SANTA CRUZ X SALVADOR ALLENDE (EXPRESSO) [IDA],40383.9,161.0
12730,LSO8993,19,-23.018454,-43.483101,2023-07-26 05:08:07,45.9,,volta,19 - SALVADOR ALLENDE X PINGO D'AGUA (EXPRESSO) [VOLTA],9253.7,255.0
86872,LSH7386,20,-22.992778,-43.598115,2023-07-26 05:08:09,0.0,,ida,20 - SANTA CRUZ X SALVADOR ALLENDE (EXPRESSO) [IDA],22416.5,
47017,LRS2841,20,-22.9406,-43.665088,2023-07-26 05:08:03,0.3,,ida,20 - SANTA CRUZ X SALVADOR ALLENDE (EXPRESSO) [IDA],47898.7,112.0
30509,KYM4574,13,-23.000759,-43.364822,2023-07-26 05:07:55,0.0,,volta,13 - ALVORADA X  MATO ALTO (EXPRESSO) [VOLTA],53043.9,262.0
12710,KRO9724,20,-22.992684,-43.598372,2023-07-26 05:07:58,0.0,,ida,20 - SANTA CRUZ X SALVADOR ALLENDE (EXPRESSO) [IDA],38381.0,
12720,KXD9430,20,-23.001418,-43.419897,2023-07-26 05:07:58,42.5,,volta,20 - SALVADOR ALLENDE X SANTA CRUZ (EXPRESSO) [VOLTA],21767.1,252.0
12712,LSN8501,19,-22.920149,-43.608103,2023-07-26 05:08:12,0.0,,ida,19 - PINGO D'AGUA X SALVADOR ALLENDE (EXPRESSO) [IDA],31093.7,173.0
30521,LRC6594,25,-22.933716,-43.663702,2023-07-26 05:08:14,45.9,,ida,25 - MATO ALTO X ALVORADA (PARADOR) [IDA],34822.0,265.0
47010,KPZ8363,25,-23.0126,-43.459363,2023-07-26 05:08:14,58.5,,ida,25 - MATO ALTO X ALVORADA (PARADOR) [IDA],42586.7,75.0
86884,LSP9604,20,-22.965615,-43.390784,2023-07-26 05:08:12,0.0,,ida,20 - SANTA CRUZ X SALVADOR ALLENDE (EXPRESSO) [IDA],15298.6,65.0
90006,LRH6D12,20,-22.924213,-43.679173,2023-07-26 05:08:14,15.6,,volta,20 - SALVADOR ALLENDE X SANTA CRUZ (EXPRESSO) [VOLTA],29708.8,356.0
30531,LRC6592,19,-22.982396,-43.609579,2023-07-26 05:08:05,60.0,,volta,19 - SALVADOR ALLENDE X PINGO D'AGUA (EXPRESSO) [VOLTA],40603.5,339.0
13415,KQK7905,25,-23.000449,-43.379176,2023-07-26 05:08:14,35.9,,ida,25 - MATO ALTO X ALVORADA (PARADOR) [IDA],45132.8,89.0
901002,,22,-23.000104,-43.346981,2023-07-26 05:08:04,10.6,,volta,22 - J. OCEÂNICO X ALVORADA (PARADOR) [VOLTA],17404.1,279.0
B13,KYM5979,14,-22.982986,-43.609279,2023-07-26 05:08:04,58.6,,volta,14 - SALVADOR ALLENDE x SANTA EUGÊNIA (EXPRESSO) [VOLTA],1174.0,332.0
B19,KZJ7238,14,-22.916566666666668,-43.631663333333336,2023-07-26 05:08:15,0.0,,ida,14 - SANTA EUGÊNIA X SALVADOR ALLENDE (EXPRESSO) [IDA],104993.2,225.0
B14,KRK9519,14,-23.007539,-43.543494,2023-07-26 05:07:57,63.6,,volta,14 - SALVADOR ALLENDE x SANTA EUGÊNIA (EXPRESSO) [VOLTA],1179.5,281.0
B11,KRK9516,14,-22.916208,-43.630591,2023-07-26 05:07:59,0.0,,ida,14 - SANTA EUGÊNIA X SALVADOR ALLENDE (EXPRESSO) [IDA],1219.9,240.0
B25,,14,-22.943797,-43.661055,2023-07-26 05:08:13,55.2,,ida,14 - SANTA EUGÊNIA X SALVADOR ALLENDE (EXPRESSO) [IDA],1107.6,140.0
B28,KQP5E29,14,-22.916319,-43.630789,2023-07-26 05:07:57,0.0,,ida,14 - SANTA EUGÊNIA X SALVADOR ALLENDE (EXPRESSO) [IDA],1141.6,238.0
B40,,14,-22.91897,-43.631767,2023-07-26 05:08:03,23.4,,ida,14 - SANTA EUGÊNIA X SALVADOR ALLENDE (EXPRESSO) [IDA],748.9,53.0
B41,,14,-22.944193,-43.63925,2023-07-26 05:07:55,59.1,,ida,14 - SANTA EUGÊNIA X SALVADOR ALLENDE (EXPRESSO) [IDA],1174.8,23.0
901001,RJD7J89,22,-23.000965,-43.365172,2023-07-26 05:08:06,0.0,,ida,22 - ALVORADA X J. OCEÂNICO (PARADOR) [IDA],17342.2,291.0
B47,,14,-22.918309,-43.639203,2023-07-26 05:08:06,0.0,,ida,14 - SANTA EUGÊNIA X SALVADOR ALLENDE (EXPRESSO) [IDA],1179.1,223.0
B048,,14,-22.916542,-43.631524,2023-07-26 05:08:09,0.0,,ida,14 - SANTA EUGÊNIA X SALVADOR ALLENDE (EXPRESSO) [IDA],1167.9,258.0
B49,,14,-22.938165,-43.666722,2023-07-26 05:07:53,24.9,,ida,14 - SANTA EUGÊNIA X SALVADOR ALLENDE (EXPRESSO) [IDA],1138.9,164.0
B55,,14,-23.016491,-43.474487,2023-07-26 05:07:58,58.4,,ida,14 - SANTA EUGÊNIA X SALVADOR ALLENDE (EXPRESSO) [IDA],1150.6,74.0
B53,,14,-22.916509,-43.63121,2023-07-26 05:08:08,4.3,,ida,14 - SANTA EUGÊNIA X SALVADOR ALLENDE (EXPRESSO) [IDA],1195.7,254.0
B51,,14,-23.009582,-43.448596,2023-07-26 05:08:00,58.0,,volta,14 - SALVADOR ALLENDE x SANTA EUGÊNIA (EXPRESSO) [VOLTA],1229.9,254.0
901077,,52,-22.928936,-43.395435,2023-07-26 05:07:56,50.5,,ida,52 - SENTIDO ALVORADA (PARADOR) [IDA],26513.2,338.0
902119,,35,-22.937389,-43.372015,2023-07-26 05:08:01,48.4,,volta,35 - ALVORADA  X  MADUREIRA (PARADOR) [VOLTA],7689.2,23.0
901058,,51,-22.958372,-43.393011,2023-07-26 05:08:05,58.3,,volta,51 - SENTIDO V. MILITAR (PARADOR) [VOLTA],44193.5,328.0
903027,,50,-22.972403,-43.401107,2023-07-26 05:07:58,0.0,,ida,50 - SENTIDO JD. OCEANICO (PARADOR) [IDA],49611.5,
901066,,52,-22.973309,-43.37259,2023-07-26 05:08:00,50.0,,volta,52 - SENTIDO V. MILITAR (PARADOR) [VOLTA],50008.0,270.0
903026,,50,-23.000097,-43.353866,2023-07-26 05:08:03,0.0,,ida,50 - SENTIDO JD. OCEANICO (PARADOR) [IDA],48957.0,88.0
903029,,50,-22.972072,-43.401098,2023-07-26 05:08:01,0.0,,ida,50 - SENTIDO JD. OCEANICO (PARADOR) [IDA],33512.4,176.0
902116,,35,-23.001029,-43.367744,2023-07-26 05:08:03,0.0,,volta,35 - ALVORADA  X  MADUREIRA (PARADOR) [VOLTA],11178.3,
902115,,35,-22.997505,-43.366337,2023-07-26 05:08:14,46.1,,volta,35 - ALVORADA  X  MADUREIRA (PARADOR) [VOLTA],14862.6,45.0
903030,,50,-22.952121,-43.374577,2023-07-26 05:08:07,58.6,,ida,50 - SENTIDO JD. OCEANICO (PARADOR) [IDA],40963.4,215.0
901073,,51,-22.86851,-43.413633,2023-07-26 05:08:11,27.0,,ida,51 - SENTIDO RECREIO (PARADOR) [IDA],41851.3,188.0
901048,,51,-22.963214,-43.393755,2023-07-26 05:08:12,27.9,,ida,51 - SENTIDO RECREIO (PARADOR) [IDA],26342.9,208.0
903031,,38,-22.876628,-43.329771,2023-07-26 05:08:14,0.0,,ida,38 - FUNDÃO X ALVORADA (PARADOR) [IDA],40603.1,87.0
903032,,42,-22.852623,-43.318975,2023-07-26 05:08:09,39.5,,volta,42 - MADUREIRA MANANCEIA X GALEAO (PARADOR) [VOLTA],42710.0,86.0
901075,,0,-22.861538,-43.399375,2023-07-26 05:07:57,0.0,,,,49005.8,243.0
903055,,17,-22.917966,-43.683106,2023-07-26 05:08:01,0.0,,ida,17 - SANTA CRUZ X CAMPO GRANDE (PARADOR) [IDA],18909.5,340.0
903002,,42,-22.87791,-43.336435,2023-07-26 05:07:55,0.0,,volta,42 - MADUREIRA MANANCEIA X GALEAO (PARADOR) [VOLTA],6973.4,29.0
901080,,53,-22.890124,-43.400815,2023-07-26 05:08:13,60.5,,ida,53 - SENTIDO ALVORADA (EXPRESSO) [IDA],31275.3,175.0
902110,,35,-22.973217,-43.381057,2023-07-26 05:08:10,47.7,,volta,35 - ALVORADA  X  MADUREIRA (PARADOR) [VOLTA],8834.7,271.0
902114,,35,-22.897891,-43.352315,2023-07-26 05:08:04,0.0,,volta,35 - ALVORADA  X  MADUREIRA (PARADOR) [VOLTA],8975.3,37.0
903054,,17,-22.917148,-43.635726,2023-07-26 05:08:00,49.8,,volta,17 - CAMPO GRANDE  X SANTA CRUZ (PARADOR) [VOLTA],17671.6,258.0
903021,,42,-22.848429,-43.265571,2023-07-26 05:08:08,0.0,,ida,42 - GALEÃO X MADUREIRA MANANCEIA (PARADOR) [IDA],34625.3,296.0
903056,,17,-22.921123,-43.680457,2023-07-26 05:07:58,26.0,,volta,17 - CAMPO GRANDE  X SANTA CRUZ (PARADOR) [VOLTA],14655.0,316.0
903000,,50,-23.001032,-43.329641,2023-07-26 05:08:03,13.0,,volta,50 - SENTIDO T. OLIMPICO (PARADOR) [VOLTA],31886.5,286.0
903058,,17,-22.93224,-43.658216,2023-07-26 05:08:14,38.1,,volta,17 - CAMPO GRANDE  X SANTA CRUZ (PARADOR) [VOLTA],9169.8,246.0
901072,,52,-22.936796,-43.395364,2023-07-26 05:07:57,59.1,,ida,52 - SENTIDO ALVORADA (PARADOR) [IDA],38626.6,170.0
902045,,31,-22.85229,-43.312458,2023-07-26 05:07:59,0.0,,ida,31 - VICENTE DE CARVALHO X ALVORADA (SEMIDIRETO) [IDA],6827.7,
903007,,50,-23.00138,-43.366801,2023-07-26 05:08:09,0.0,,volta,50 - SENTIDO T. OLIMPICO (PARADOR) [VOLTA],41360.7,88.0
903004,,42,-22.839283,-43.283005,2023-07-26 05:08:11,39.3,,ida,42 - GALEÃO X MADUREIRA MANANCEIA (PARADOR) [IDA],39201.3,307.0
903006,,50,-22.852669,-43.319294,2023-07-26 05:08:00,39.1,,ida,50 - SENTIDO JD. OCEANICO (PARADOR) [IDA],46385.4,84.0
903005,,42,-22.839957,-43.239386,2023-07-26 05:08:01,0.0,,ida,42 - GALEÃO X MADUREIRA MANANCEIA (PARADOR) [IDA],38822.7,139.0
903022,,50,-22.973423,-43.364122,2023-07-26 05:08:03,40.2,,volta,50 - SENTIDO T. OLIMPICO (PARADOR) [VOLTA],37738.3,289.0
903035,,17,-22.918346,-43.682798,2023-07-26 05:08:02,0.0,,ida,17 - SANTA CRUZ X CAMPO GRANDE (PARADOR) [IDA],19570.8,324.0
901059,,51,-22.983611,-43.41157,2023-07-26 05:07:55,59.2,,volta,51 - SENTIDO V. MILITAR (PARADOR) [VOLTA],48357.9,36.0
903003,,42,-22.872819,-43.336383,2023-07-26 05:08:07,8.3,,volta,42 - MADUREIRA MANANCEIA X GALEAO (PARADOR) [VOLTA],41708.5,344.0
901020,,22,-23.000722,-43.366306,2023-07-26 05:07:57,0.0,,ida,22 - ALVORADA X J. OCEÂNICO (PARADOR) [IDA],25521.5,
901021,,40,-23.00065,-43.365882,2023-07-26 05:07:59,0.0,,volta,40 - ALVORADA X PAULO DA PORTELA (EXPRESSO) [VOLTA],17611.0,
901025,,51,-22.862277,-43.400856,2023-07-26 05:07:55,0.0,,ida,51 - SENTIDO RECREIO (PARADOR) [IDA],40715.4,230.0
901027,,41,-22.863914,-43.404266,2023-07-26 05:08:11,48.4,,volta,41 - TERMINAL RECREIO X PAULO DA PORTELA (EXPRESSO) [VOLTA],25986.0,65.0
901028,,40,-22.916124,-43.361796,2023-07-26 05:08:11,33.4,,ida,40 - PAULO DA PORTELA X ALVORADA (EXPRESSO) [IDA],23779.3,209.0
901030,,40,-22.879135,-43.336413,2023-07-26 05:08:00,6.4,,ida,40 - PAULO DA PORTELA X ALVORADA (EXPRESSO) [IDA],21836.2,82.0
901032,,40,-22.878578,-43.336301,2023-07-26 05:07:59,0.0,,ida,40 - PAULO DA PORTELA X ALVORADA (EXPRESSO) [IDA],25296.0,354.0
901034,,0,-22.935684,-43.371564,2023-07-26 05:08:14,31.1,,,,27518.0,342.0
901036,,52,-22.965525,-43.390541,2023-07-26 05:08:13,0.0,,ida,52 - SENTIDO ALVORADA (PARADOR) [IDA],22805.8,102.0
901040,,41,-22.964396,-43.391666,2023-07-26 04:36:52,0.0,,volta,41 - TERMINAL RECREIO X PAULO DA PORTELA (EXPRESSO) [VOLTA],29561.8,
901041,,22,-22.965687,-43.391301,2023-07-26 05:08:05,0.0,,ida,22 - ALVORADA X J. OCEÂNICO (PARADOR) [IDA],26160.4,
903009,,42,-22.847072,-43.243841,2023-07-26 05:08:07,4.4,,ida,42 - GALEÃO X MADUREIRA MANANCEIA (PARADOR) [IDA],47190.5,248.0
903010,,42,-22.832624,-43.2372,2023-07-26 05:07:56,52.6,,ida,42 - GALEÃO X MADUREIRA MANANCEIA (PARADOR) [IDA],43701.2,219.0
903011,,42,-22.83835,-43.284561,2023-07-26 05:08:00,37.9,,volta,42 - MADUREIRA MANANCEIA X GALEAO (PARADOR) [VOLTA],45338.5,125.0
903012,,42,-22.856697,-43.329037,2023-07-26 05:08:13,14.2,,ida,42 - GALEÃO X MADUREIRA MANANCEIA (PARADOR) [IDA],47956.8,235.0
903015,,42,-22.811871,-43.247614,2023-07-26 05:07:56,51.8,,ida,42 - GALEÃO X MADUREIRA MANANCEIA (PARADOR) [IDA],47872.3,126.0
903016,,42,-22.857521,-43.257913,2023-07-26 05:08:05,0.0,,volta,42 - MADUREIRA MANANCEIA X GALEAO (PARADOR) [VOLTA],42533.7,107.0
903017,,50,-22.984117,-43.365749,2023-07-26 05:08:06,5.9,,ida,50 - SENTIDO JD. OCEANICO (PARADOR) [IDA],44908.1,185.0
903024,,38,-22.876829,-43.329887,2023-07-26 05:08:03,0.0,,ida,38 - FUNDÃO X ALVORADA (PARADOR) [IDA],38022.8,
903025,,50,-23.006539,-43.313533,2023-07-26 05:08:01,0.0,,volta,50 - SENTIDO T. OLIMPICO (PARADOR) [VOLTA],39460.3,273.0
903014,,38,-22.891564,-43.347891,2023-07-26 05:08:11,56.6,,ida,38 - FUNDÃO X ALVORADA (PARADOR) [IDA],51726.7,210.0
901060,,51,-23.008565,-43.440114,2023-07-26 05:07:55,0.0,,volta,51 - SENTIDO V. MILITAR (PARADOR) [VOLTA],24784.0,70.0
903052,,17,-22.914196,-43.601168,2023-07-26 05:08:04,32.2,,ida,17 - SANTA CRUZ X CAMPO GRANDE (PARADOR) [IDA],21798.4,80.0
903063,,17,-22.920239,-43.608174,2023-07-26 05:08:08,0.0,,ida,17 - SANTA CRUZ X CAMPO GRANDE (PARADOR) [IDA],21497.7,135.0
902113,,31,-22.853356,-43.313563,2023-07-26 05:08:12,29.2,,ida,31 - VICENTE DE CARVALHO X ALVORADA (SEMIDIRETO) [IDA],8852.7,76.0
902118,,31,-22.876437,-43.329607,2023-07-26 05:07:58,0.0,,ida,31 - VICENTE DE CARVALHO X ALVORADA (SEMIDIRETO) [IDA],7640.6,
902117,,31,-22.853207,-43.313967,2023-07-26 05:08:02,13.4,,ida,31 - VICENTE DE CARVALHO X ALVORADA (SEMIDIRETO) [IDA],10241.0,283.0
901044,,40,-22.880387,-43.341742,2023-07-26 05:07:59,37.2,,ida,40 - PAULO DA PORTELA X ALVORADA (EXPRESSO) [IDA],29595.7,168.0
903033,,42,-22.846651,-43.241434,2023-07-26 05:08:05,57.5,,ida,42 - GALEÃO X MADUREIRA MANANCEIA (PARADOR) [IDA],36568.0,264.0
902022,,46,-22.841304,-43.276228,2023-07-26 05:07:55,0.0,,ida,46 - PENHA X ALVORADA (EXPRESSO) [IDA],30782.4,288.0
901093,,22,-22.867389,-43.411754,2023-07-26 05:08:02,40.9,,ida,,27798.0,61.0
902059,,43,-22.940578,-43.372487,2023-07-26 05:08:09,0.0,,volta,43 - SANTA EFIGENIA X FUNDÃO (EXPRESSO) [VOLTA],35713.0,
902056,,46,-22.845311,-43.301724,2023-07-26 05:08:05,48.8,,volta,46 - ALVORADA X PENHA (EXPRESSO) [VOLTA],34641.9,35.0
901091,,51,-22.877938,-43.402288,2023-07-26 05:08:01,51.9,,ida,51 - SENTIDO RECREIO (PARADOR) [IDA],31123.0,107.0
901086,,53,-22.964524,-43.392178,2023-07-26 05:08:06,0.0,,ida,53 - SENTIDO ALVORADA (EXPRESSO) [IDA],48370.3,
902032,,46,-23.000933,-43.367638,2023-07-26 05:08:04,0.0,,volta,46 - ALVORADA X PENHA (EXPRESSO) [VOLTA],36295.6,
901094,,0,-22.965327,-43.391475,2023-07-26 05:07:56,0.0,,,,32745.0,154.0
902027,,43,-22.894394,-43.349475,2023-07-26 05:08:10,30.8,,ida,43 - FUNDÃO X SANTA EFIGENIA (EXPRESSO) [IDA],32874.4,205.0
902028,,46,-22.897264,-43.351814,2023-07-26 05:08:13,0.1,,volta,46 - ALVORADA X PENHA (EXPRESSO) [VOLTA],37592.4,32.0
902018,,40,-22.87793,-43.336279,2023-07-26 05:08:00,0.0,,ida,40 - PAULO DA PORTELA X ALVORADA (EXPRESSO) [IDA],23639.0,
902046,,46,-22.852909,-43.313169,2023-07-26 05:07:59,3.0,,ida,46 - PENHA X ALVORADA (EXPRESSO) [IDA],33371.699,238.0
12715,,10,-22.948854,-43.652697,2023-07-26 05:08:05,48.9,,volta,10 - ALVORADA X SANTA CRUZ (EXPRESSO) [VOLTA],42382.9,320.0
902010,,40,-22.965072,-43.392133,2023-07-26 05:08:00,0.0,,ida,40 - PAULO DA PORTELA X ALVORADA (EXPRESSO) [IDA],10957.6,
901062,,51,-22.992512,-43.421539,2023-07-26 05:08:04,59.7,,ida,51 - SENTIDO RECREIO (PARADOR) [IDA],46934.2,221.0
E902000,,41,-22.85467,-43.251423,2023-07-26 05:08:04,0.0,,volta,41 - TERMINAL RECREIO X PAULO DA PORTELA (EXPRESSO) [VOLTA],10383.7,
901067,,52,-23.001412,-43.367977,2023-07-26 05:08:08,19.5,,volta,52 - SENTIDO V. MILITAR (PARADOR) [VOLTA],41768.0,104.0
E902004,,41,-22.854785,-43.252012,2023-07-26 05:08:00,0.0,,volta,41 - TERMINAL RECREIO X PAULO DA PORTELA (EXPRESSO) [VOLTA],13269.1,
12713,,18,-23.012478,-43.459098,2023-07-26 05:08:10,0.0,,ida,18 - RECREIO SHOPPING X JARDIM OCEÂNICO (EXPRESSO) [IDA],35253.2,70.0
902062,,46,-22.857016,-43.329229,2023-07-26 05:08:03,0.0,,volta,46 - ALVORADA X PENHA (EXPRESSO) [VOLTA],33290.0,8.0
902048,,46,-22.973487,-43.363807,2023-07-26 05:08:14,42.1,,volta,46 - ALVORADA X PENHA (EXPRESSO) [VOLTA],23963.0,315.0
902058,,46,-22.854174,-43.251917,2023-07-26 05:07:54,0.0,,ida,46 - PENHA X ALVORADA (EXPRESSO) [IDA],34575.2,
901068,,51,-23.008529,-43.43996,2023-07-26 05:08:10,0.0,,volta,51 - SENTIDO V. MILITAR (PARADOR) [VOLTA],50821.3,
902003,,41,-22.839334,-43.239903,2023-07-26 05:07:57,0.0,,volta,41 - TERMINAL RECREIO X PAULO DA PORTELA (EXPRESSO) [VOLTA],17397.0,
902102,,35,-22.878672,-43.336292,2023-07-26 05:08:01,0.0,,ida,35 - MADUREIRA X ALVORADA (PARADOR) [IDA],12380.5,
902061,,46,-22.854447,-43.251658,2023-07-26 05:08:00,0.0,,ida,46 - PENHA X ALVORADA (EXPRESSO) [IDA],28946.0,
902052,,46,-23.001325,-43.364876,2023-07-26 05:08:02,0.0,,volta,46 - ALVORADA X PENHA (EXPRESSO) [VOLTA],35617.1,
902050,,43,-22.915311,-43.361185,2023-07-26 05:07:56,31.6,,volta,43 - SANTA EFIGENIA X FUNDÃO (EXPRESSO) [VOLTA],31265.9,31.0
12716,,20,-22.916952,-43.683525,2023-07-26 05:08:03,0.0,,ida,20 - SANTA CRUZ X SALVADOR ALLENDE (EXPRESSO) [IDA],45562.5,
902060,,41,-22.85358,-43.248194,2023-07-26 05:08:08,22.0,,volta,41 - TERMINAL RECREIO X PAULO DA PORTELA (EXPRESSO) [VOLTA],30130.6,20.0
902008,,46,-22.940266,-43.372481,2023-07-26 05:08:02,21.6,,ida,46 - PENHA X ALVORADA (EXPRESSO) [IDA],10529.2,9.0
902047,,46,-22.856852,-43.258711,2023-07-26 05:07:56,28.9,,ida,46 - PENHA X ALVORADA (EXPRESSO) [IDA],23963.2,345.0
902051,,46,-22.875141,-43.335205,2023-07-26 05:07:59,40.6,,ida,46 - PENHA X ALVORADA (EXPRESSO) [IDA],32995.199,169.0
902067,,46,-22.935557,-43.371804,2023-07-26 05:07:58,29.2,,ida,46 - PENHA X ALVORADA (EXPRESSO) [IDA],34093.7,156.0
901088,,31,-22.964489,-43.391792,2023-07-26 05:07:57,0.0,,ida,31 - VICENTE DE CARVALHO X ALVORADA (SEMIDIRETO) [IDA],41618.1,
901098,,51,-22.855528,-43.387809,2023-07-26 05:08:12,51.0,,ida,51 - SENTIDO RECREIO (PARADOR) [IDA],27293.7,236.0
901055,,51,-22.861757,-43.400036,2023-07-26 05:08:11,0.0,,ida,51 - SENTIDO RECREIO (PARADOR) [IDA],46658.4,
902054,,46,-22.854721,-43.251896,2023-07-26 05:08:00,0.0,,ida,46 - PENHA X ALVORADA (EXPRESSO) [IDA],35704.7,
901079,,53,-22.947973,-43.391717,2023-07-26 05:08:01,59.2,,ida,53 - SENTIDO ALVORADA (EXPRESSO) [IDA],44057.1,122.0
901084,,53,-22.973006,-43.393706,2023-07-26 05:07:57,59.8,,ida,53 - SENTIDO ALVORADA (EXPRESSO) [IDA],52300.1,271.0
901070,,52,-22.967347,-43.397752,2023-07-26 05:06:57,31.4,,ida,52 - SENTIDO ALVORADA (PARADOR) [IDA],40490.6,219.0
902080,,46,-22.905108,-43.357279,2023-07-26 05:08:05,51.5,,ida,46 - PENHA X ALVORADA (EXPRESSO) [IDA],34353.9,199.0
901081,,53,-22.885063,-43.399939,2023-07-26 05:08:13,4.0,,ida,53 - SENTIDO ALVORADA (EXPRESSO) [IDA],41800.9,72.0
902065,,43,-22.856686,-43.258737,2023-07-26 05:08:03,34.5,,ida,43 - FUNDÃO X SANTA EFIGENIA (EXPRESSO) [IDA],35362.0,343.0
901069,,52,-22.983763,-43.365764,2023-07-26 05:08:03,26.3,,ida,52 - SENTIDO ALVORADA (PARADOR) [IDA],37741.0,179.0
901074,,52,-22.861613,-43.399682,2023-07-26 05:07:59,0.0,,ida,52 - SENTIDO ALVORADA (PARADOR) [IDA],39513.8,240.0
902030,,31,-22.880721,-43.341736,2023-07-26 05:07:58,43.6,,ida,31 - VICENTE DE CARVALHO X ALVORADA (SEMIDIRETO) [IDA],11298.8,183.0
902071,,46,-23.00101,-43.367998,2023-07-26 05:08:01,0.0,,volta,46 - ALVORADA X PENHA (EXPRESSO) [VOLTA],35937.8,
902072,,43,-22.854774,-43.251908,2023-07-26 05:08:04,0.0,,volta,43 - SANTA EFIGENIA X FUNDÃO (EXPRESSO) [VOLTA],32687.8,
902064,,43,-22.866046,-43.334513,2023-07-26 05:08:04,46.8,,ida,43 - FUNDÃO X SANTA EFIGENIA (EXPRESSO) [IDA],0.0,196.0
902070,,46,-22.973271,-43.382301,2023-07-26 05:07:55,24.3,,ida,46 - PENHA X ALVORADA (EXPRESSO) [IDA],36293.4,87.0
901087,,53,-22.965371,-43.391584,2023-07-26 05:07:29,0.0,,ida,53 - SENTIDO ALVORADA (EXPRESSO) [IDA],47525.3,154.0
902085,,46,-22.854537,-43.251701,2023-07-26 05:07:59,0.0,,ida,46 - PENHA X ALVORADA (EXPRESSO) [IDA],34050.9,
E902001,,41,-22.847638,-43.266113,2023-07-26 05:08:06,40.9,,volta,41 - TERMINAL RECREIO X PAULO DA PORTELA (EXPRESSO) [VOLTA],20872.0,324.0
E902006,,40,-22.87841,-43.336296,2023-07-26 05:07:54,0.0,,ida,40 - PAULO DA PORTELA X ALVORADA (EXPRESSO) [IDA],19305.3,1.0
E902011,,40,-22.89545,-43.350197,2023-07-26 05:07:55,50.6,,ida,40 - PAULO DA PORTELA X ALVORADA (EXPRESSO) [IDA],8600.2,40.0
902002,,41,-22.8531,-43.314165,2023-07-26 05:08:14,28.1,,volta,41 - TERMINAL RECREIO X PAULO DA PORTELA (EXPRESSO) [VOLTA],19831.0,305.0
901095,,51,-22.965293,-43.391552,2023-07-26 05:08:06,0.0,,volta,51 - SENTIDO V. MILITAR (PARADOR) [VOLTA],35035.8,337.0
902069,,41,-22.915337,-43.361241,2023-07-26 05:08:10,15.6,,ida,41 - PAULO DA PORTELA X TERMINAL RECREIO (EXPRESSO) [IDA],32584.7,201.0
902094,,35,-22.915024,-43.361021,2023-07-26 05:07:55,30.4,,volta,35 - ALVORADA  X  MADUREIRA (PARADOR) [VOLTA],9089.0,29.0
902075,,31,-22.876388,-43.329894,2023-07-26 05:08:00,0.0,,ida,31 - VICENTE DE CARVALHO X ALVORADA (SEMIDIRETO) [IDA],14095.4,
902082,,35,-22.939113,-43.372281,2023-07-26 05:08:01,39.1,,ida,35 - MADUREIRA X ALVORADA (PARADOR) [IDA],10869.7,183.0
903062,,17,-22.917695,-43.638177,2023-07-26 05:08:09,37.4,,ida,17 - SANTA CRUZ X CAMPO GRANDE (PARADOR) [IDA],20188.9,61.0
902089,,35,-23.001053,-43.366888,2023-07-26 05:07:57,26.6,,volta,35 - ALVORADA  X  MADUREIRA (PARADOR) [VOLTA],9774.5,268.0
903041,,50,-22.876531,-43.329468,2023-07-26 05:08:10,0.0,,ida,50 - SENTIDO JD. OCEANICO (PARADOR) [IDA],27433.7,
903051,,50,-22.971966,-43.401158,2023-07-26 05:08:01,0.0,,ida,50 - SENTIDO JD. OCEANICO (PARADOR) [IDA],31059.3,113.0
902055,,46,-22.838326,-43.284607,2023-07-26 05:07:56,39.4,,ida,46 - PENHA X ALVORADA (EXPRESSO) [IDA],15.8,306.0
903044,,42,-22.839278,-43.239997,2023-07-26 05:08:04,0.0,,ida,42 - GALEÃO X MADUREIRA MANANCEIA (PARADOR) [IDA],29209.1,
903036,,17,-22.91654,-43.607136,2023-07-26 05:07:56,0.1,,ida,17 - SANTA CRUZ X CAMPO GRANDE (PARADOR) [IDA],156820.3,4.0
902043,,46,-22.877958,-43.336271,2023-07-26 05:07:54,0.0,,ida,46 - PENHA X ALVORADA (EXPRESSO) [IDA],29100.6,
902036,,41,-22.876533,-43.338221,2023-07-26 05:08:14,37.3,,ida,41 - PAULO DA PORTELA X TERMINAL RECREIO (EXPRESSO) [IDA],32318.4,303.0
903039,,17,-22.916287,-43.622214,2023-07-26 05:08:06,0.0,,ida,17 - SANTA CRUZ X CAMPO GRANDE (PARADOR) [IDA],18368.9,80.0
903047,,42,-22.876821,-43.329647,2023-07-26 05:08:04,0.0,,ida,42 - GALEÃO X MADUREIRA MANANCEIA (PARADOR) [IDA],23082.2,72.0
902074,,31,-22.865316,-43.33412,2023-07-26 05:07:58,34.3,,ida,31 - VICENTE DE CARVALHO X ALVORADA (SEMIDIRETO) [IDA],9768.1,18.0
902044,,43,-22.84046,-43.281106,2023-07-26 05:08:09,23.4,,ida,43 - FUNDÃO X SANTA EFIGENIA (EXPRESSO) [IDA],31227.8,303.0
902038,,46,-22.85445,-43.251301,2023-07-26 05:07:56,0.1,,ida,46 - PENHA X ALVORADA (EXPRESSO) [IDA],7575.2,
903064,,50,-22.972308,-43.401088,2023-07-26 05:08:10,0.0,,ida,50 - SENTIDO JD. OCEANICO (PARADOR) [IDA],22136.7,175.0
903069,,17,-22.919787,-43.682783,2023-07-26 05:07:57,31.6,,ida,17 - SANTA CRUZ X CAMPO GRANDE (PARADOR) [IDA],22412.8,98.0
902042,,46,-22.955114,-43.377052,2023-07-26 05:08:05,55.3,,volta,46 - ALVORADA X PENHA (EXPRESSO) [VOLTA],31922.5,51.0
902040,,46,-22.917407,-43.363213,2023-07-26 05:08:12,58.5,,volta,46 - ALVORADA X PENHA (EXPRESSO) [VOLTA],34111.5,59.0
903038,,17,-22.915169,-43.606211,2023-07-26 05:07:57,21.6,,volta,17 - CAMPO GRANDE  X SANTA CRUZ (PARADOR) [VOLTA],26542.2,247.0
902076,,46,-22.85482,-43.252054,2023-07-26 05:08:13,0.0,,ida,46 - PENHA X ALVORADA (EXPRESSO) [IDA],27510.5,
902096,,35,-23.000986,-43.367095,2023-07-26 05:08:13,0.0,,volta,35 - ALVORADA  X  MADUREIRA (PARADOR) [VOLTA],14221.2,
902084,,31,-22.876879,-43.329799,2023-07-26 05:08:04,0.0,,ida,31 - VICENTE DE CARVALHO X ALVORADA (SEMIDIRETO) [IDA],11709.4,
902100,,35,-22.878728,-43.336357,2023-07-26 05:08:09,0.0,,ida,35 - MADUREIRA X ALVORADA (PARADOR) [IDA],13435.3,355.0
903059,,17,-22.918267,-43.639097,2023-07-26 05:08:04,0.0,,ida,17 - SANTA CRUZ X CAMPO GRANDE (PARADOR) [IDA],18744.3,228.0
902079,,46,-22.841415,-43.275745,2023-07-26 05:08:01,0.0,,ida,46 - PENHA X ALVORADA (EXPRESSO) [IDA],30822.0,
903066,,17,-22.917408,-43.683411,2023-07-26 05:08:04,0.0,,ida,17 - SANTA CRUZ X CAMPO GRANDE (PARADOR) [IDA],24875.1,278.0
902099,,35,-22.878298,-43.336321,2023-07-26 05:08:01,0.0,,ida,35 - MADUREIRA X ALVORADA (PARADOR) [IDA],11541.1,
902091,,35,-22.959677,-43.388054,2023-07-26 05:08:01,47.4,,ida,35 - MADUREIRA X ALVORADA (PARADOR) [IDA],14050.5,257.0
901099,,51,-22.920127,-43.396684,2023-07-26 05:08:04,58.8,,ida,51 - SENTIDO RECREIO (PARADOR) [IDA],29485.8,193.0
903046,,42,-22.879034,-43.341102,2023-07-26 05:08:12,7.9,,volta,42 - MADUREIRA MANANCEIA X GALEAO (PARADOR) [VOLTA],29785.7,121.0
903061,,17,-22.910878,-43.587476,2023-07-26 05:07:55,47.8,,ida,17 - SANTA CRUZ X CAMPO GRANDE (PARADOR) [IDA],21484.2,89.0
903070,,17,-22.919077,-43.607614,2023-07-26 05:08:01,0.0,,ida,17 - SANTA CRUZ X CAMPO GRANDE (PARADOR) [IDA],9256.1,88.0
44706,LRG8855,20,-22.918836,-43.682519,2023-07-26 05:07:55,0.0,,ida,20 - SANTA CRUZ X SALVADOR ALLENDE (EXPRESSO) [IDA],21875.2,
903065,,17,-22.901702,-43.55489,2023-07-26 04:52:41,0.0,,volta,17 - CAMPO GRANDE  X SANTA CRUZ (PARADOR) [VOLTA],16960.6,240.0
901008,,22,-23.000877,-43.366157,2023-07-26 05:08:30,0.2,,volta,,22783.1,229.0
901007,,22,-23.000063,-43.358473,2023-07-26 05:08:29,45.0,,ida,22 - ALVORADA X J. OCEÂNICO (PARADOR) [IDA],21819.2,91.0
901009,,22,-23.000936,-43.365156,2023-07-26 05:08:37,0.0,,volta,,20864.9,
901010,RJM8G30,22,-23.000893,-43.364928,2023-07-26 05:08:26,0.0,,ida,22 - ALVORADA X J. OCEÂNICO (PARADOR) [IDA],22869.5,271.0
901017,,22,-23.000719,-43.366066,2023-07-26 05:08:26,0.0,,ida,22 - ALVORADA X J. OCEÂNICO (PARADOR) [IDA],25122.4,
901006,RJA9F56,22,-23.000603,-43.33522,2023-07-26 05:08:43,23.3,,ida,22 - ALVORADA X J. OCEÂNICO (PARADOR) [IDA],19381.2,88.0
901005,RJB8E53,22,-23.00674,-43.312312,2023-07-26 05:08:26,0.0,,volta,22 - J. OCEÂNICO X ALVORADA (PARADOR) [VOLTA],21643.1,49.0
901004,RJQ8J80,22,-23.006415,-43.312971,2023-07-26 05:08:43,0.3,,volta,22 - J. OCEÂNICO X ALVORADA (PARADOR) [VOLTA],21432.6,251.0
30504,,25,-22.999892,-43.407185,2023-07-26 05:08:26,9.0,,volta,25 - ALVORADA X MATO ALTO (PARADOR) [VOLTA],53630.2,277.0
30533,KWO8120,13,-22.920757,-43.607929,2023-07-26 05:08:33,0.0,,ida,13 - MATO ALTO X ALVORADA (EXPRESSO) [IDA],52594.6,70.0
30538,KXE7719,20,-22.989833,-43.601849,2023-07-26 05:08:30,50.2,,volta,20 - SALVADOR ALLENDE X SANTA CRUZ (EXPRESSO) [VOLTA],55893.5,313.0
50309,KPN6B05,13,-23.002626,-43.422779,2023-07-26 05:08:28,60.0,,ida,13 - MATO ALTO X ALVORADA (EXPRESSO) [IDA],20085.8,70.0
30532,KYL8599,13,-23.019602,-43.504594,2023-07-26 05:08:35,59.5,,ida,13 - MATO ALTO X ALVORADA (EXPRESSO) [IDA],41762.7,107.0
13423,LSI5976,25,-23.020854,-43.494331,2023-07-26 05:08:30,60.1,,volta,25 - ALVORADA X MATO ALTO (PARADOR) [VOLTA],41115.0,264.0
30519,LRE9804,11,-22.920074,-43.608092,2023-07-26 05:08:41,0.0,,ida,11 - SANTA CRUZ X ALVORADA (PARADOR) [IDA],51494.8,
90005,KWK6A89,20,-22.918945,-43.682405,2023-07-26 05:08:34,0.0,,ida,20 - SANTA CRUZ X SALVADOR ALLENDE (EXPRESSO) [IDA],49835.5,280.0
86875,KQB4103,12,-22.916256,-43.622383,2023-07-26 05:08:28,21.9,,ida,12 - PINGO D'AGUA X ALVORADA (EXPRESSO) [IDA],13014.3,273.0
30518,KYL8597,25,-23.00072,-43.365006,2023-07-26 05:08:25,0.0,,volta,25 - ALVORADA X MATO ALTO (PARADOR) [VOLTA],37110.7,277.0
902090,,35,-22.9161,-43.361731,2023-07-26 05:08:29,0.0,,ida,35 - MADUREIRA X ALVORADA (PARADOR) [IDA],15080.1,208.0
47029,LSQ5267,20,-22.918509,-43.682752,2023-07-26 05:08:38,0.0,,ida,20 - SANTA CRUZ X SALVADOR ALLENDE (EXPRESSO) [IDA],56964.9,
47012,KPZ8364,20,-22.916002,-43.68427,2023-07-26 05:08:38,22.2,,ida,,54990.8,243.0
86885,LTB5540,14,-22.916025,-43.607904,2023-07-26 05:08:29,6.0,,ida,14 - SANTA EUGÊNIA X SALVADOR ALLENDE (EXPRESSO) [IDA],514714.8,352.0
12738,KRR2404,25,-22.993108,-43.597348,2023-07-26 05:08:43,0.0,,ida,25 - MATO ALTO X ALVORADA (PARADOR) [IDA],37392.2,
86886,LTB5541,14,-22.926502,-43.651153,2023-07-26 05:08:28,31.4,,ida,14 - SANTA EUGÊNIA X SALVADOR ALLENDE (EXPRESSO) [IDA],13089.2,252.0
13428,KXE7712,11,-22.920229,-43.608192,2023-07-26 05:08:42,0.0,,ida,11 - SANTA CRUZ X ALVORADA (PARADOR) [IDA],57799.2,174.0
47006,KWZ8630,18,-23.0191,-43.505074,2023-07-26 05:08:44,0.0,,ida,18 - RECREIO SHOPPING X JARDIM OCEÂNICO (EXPRESSO) [IDA],50888.5,
47007,LSP6018,18,-22.920606,-43.607731,2023-07-26 05:08:41,0.0,,ida,18 - RECREIO SHOPPING X JARDIM OCEÂNICO (EXPRESSO) [IDA],42179.7,158.0
901057,,52,-22.957542,-43.393387,2023-07-26 05:08:35,59.0,,volta,52 - SENTIDO V. MILITAR (PARADOR) [VOLTA],51065.2,350.0
901003,RKM8C54,22,-23.000913,-43.329916,2023-07-26 05:08:28,34.3,,volta,22 - J. OCEÂNICO X ALVORADA (PARADOR) [VOLTA],22828.1,284.0
86874,KQB4102,20,-22.918875,-43.607541,2023-07-26 05:08:34,0.0,,ida,20 - SANTA CRUZ X SALVADOR ALLENDE (EXPRESSO) [IDA],512858.4,98.0
86879,LTN5696,18,-22.992855,-43.598159,2023-07-26 05:08:28,0.0,,ida,18 - RECREIO SHOPPING X JARDIM OCEÂNICO (EXPRESSO) [IDA],1812.9,
47011,LRH8889,0,-22.920648,-43.607915,2023-07-26 05:08:38,0.0,,,,39516.0,168.0
30537,KXE7720,12,-22.915942,-43.629915,2023-07-26 05:08:37,19.0,,ida,12 - PINGO D'AGUA X ALVORADA (EXPRESSO) [IDA],51507.6,258.0
50301,KPP5B70,25,-23.010785,-43.452675,2023-07-26 05:08:24,15.4,,volta,25 - ALVORADA X MATO ALTO (PARADOR) [VOLTA],3951.1,246.0
13401,KQO7822,19,-23.010361,-43.45036,2023-07-26 05:08:36,47.4,,ida,19 - PINGO D'AGUA X SALVADOR ALLENDE (EXPRESSO) [IDA],53646.8,75.0
13421,KWO8119,10,-22.920305,-43.608277,2023-07-26 05:08:37,0.0,,ida,10 - SANTA CRUZ X ALVORADA (EXPRESSO) [IDA],14957.8,
27174,KQP5437,13,-22.994401,-43.596333,2023-07-26 05:08:39,19.1,,ida,13 - MATO ALTO X ALVORADA (EXPRESSO) [IDA],18873.5,130.0
47026,KYA7928,10,-22.920584,-43.608013,2023-07-26 05:08:31,0.0,,ida,10 - SANTA CRUZ X ALVORADA (EXPRESSO) [IDA],32900.199,
86889,KRQ6878,10,-23.000893,-43.367123,2023-07-26 05:08:17,0.0,,volta,10 - ALVORADA X SANTA CRUZ (EXPRESSO) [VOLTA],514962.4,
12724,LMJ1118,18,-23.019145,-43.505687,2023-07-26 05:08:37,0.0,,ida,18 - RECREIO SHOPPING X JARDIM OCEÂNICO (EXPRESSO) [IDA],9642.9,
27209,LSL9B07,25,-22.993898,-43.597382,2023-07-26 05:07:31,0.0,,ida,25 - MATO ALTO X ALVORADA (PARADOR) [IDA],10074.8,
30511,KPV2250,13,-23.001356,-43.419581,2023-07-26 05:08:32,46.3,,volta,13 - ALVORADA X  MATO ALTO (EXPRESSO) [VOLTA],49441.9,252.0
12725,LMJ1327,25,-23.000522,-43.578284,2023-07-26 05:08:28,59.5,,volta,25 - ALVORADA X MATO ALTO (PARADOR) [VOLTA],39258.8,284.0
13404,KQO7823,20,-23.017234,-43.477369,2023-07-26 05:08:43,58.5,,ida,20 - SANTA CRUZ X SALVADOR ALLENDE (EXPRESSO) [IDA],56104.0,74.0
47022,KRM7701,10,-23.018912,-43.505365,2023-07-26 05:08:29,57.3,,volta,10 - ALVORADA X SANTA CRUZ (EXPRESSO) [VOLTA],12947.7,291.0
12736,LMJ4504,20,-22.920027,-43.608042,2023-07-26 05:08:31,0.0,,ida,20 - SANTA CRUZ X SALVADOR ALLENDE (EXPRESSO) [IDA],15484.1,
13422,LSI5978,20,-22.97947,-43.610821,2023-07-26 05:08:31,59.3,,ida,20 - SANTA CRUZ X SALVADOR ALLENDE (EXPRESSO) [IDA],40384.2,161.0
12730,LSO8993,19,-23.019166,-43.485903,2023-07-26 05:08:26,60.1,,volta,19 - SALVADOR ALLENDE X PINGO D'AGUA (EXPRESSO) [VOLTA],9254.0,255.0
86872,LSH7386,20,-22.992778,-43.598115,2023-07-26 05:08:29,0.0,,ida,20 - SANTA CRUZ X SALVADOR ALLENDE (EXPRESSO) [IDA],22416.5,
47017,LRS2841,20,-22.941124,-43.663755,2023-07-26 05:08:43,36.0,,ida,20 - SANTA CRUZ X SALVADOR ALLENDE (EXPRESSO) [IDA],47898.9,113.0
30509,KYM4574,13,-23.000775,-43.364862,2023-07-26 05:08:34,0.0,,volta,13 - ALVORADA X  MATO ALTO (EXPRESSO) [VOLTA],53043.9,262.0
12710,KRO9724,20,-22.992688,-43.598372,2023-07-26 05:08:37,0.0,,ida,20 - SANTA CRUZ X SALVADOR ALLENDE (EXPRESSO) [IDA],38381.0,
12720,KXD9430,20,-23.002938,-43.424311,2023-07-26 05:08:38,11.4,,ida,20 - SANTA CRUZ X SALVADOR ALLENDE (EXPRESSO) [IDA],21767.5,250.0
12712,LSN8501,19,-22.920132,-43.608073,2023-07-26 05:08:31,0.0,,ida,19 - PINGO D'AGUA X SALVADOR ALLENDE (EXPRESSO) [IDA],31093.7,
13407,KPY9732,20,-23.018994,-43.505995,2023-07-26 04:33:43,0.0,,ida,20 - SANTA CRUZ X SALVADOR ALLENDE (EXPRESSO) [IDA],45435.9,
30521,LRC6594,25,-22.93458,-43.665404,2023-07-26 05:08:34,29.6,,ida,25 - MATO ALTO X ALVORADA (PARADOR) [IDA],34822.2,215.0
47010,KPZ8363,25,-23.01222,-43.458252,2023-07-26 05:08:33,0.0,,ida,25 - MATO ALTO X ALVORADA (PARADOR) [IDA],42586.8,65.0
86884,LSP9604,20,-22.96561,-43.390503,2023-07-26 05:08:35,11.8,,ida,20 - SANTA CRUZ X SALVADOR ALLENDE (EXPRESSO) [IDA],15298.6,156.0
90006,LRH6D12,20,-22.923019,-43.679383,2023-07-26 05:08:34,26.9,,volta,20 - SALVADOR ALLENDE X SANTA CRUZ (EXPRESSO) [VOLTA],29709.0,345.0
30531,LRC6592,19,-22.979859,-43.610526,2023-07-26 05:08:23,59.6,,volta,19 - SALVADOR ALLENDE X PINGO D'AGUA (EXPRESSO) [VOLTA],40603.7,341.0
13415,KQK7905,25,-23.000382,-43.37751,2023-07-26 05:08:34,22.7,,ida,25 - MATO ALTO X ALVORADA (PARADOR) [IDA],45133.0,87.0
901002,,22,-23.000038,-43.348766,2023-07-26 05:08:23,49.8,,volta,22 - J. OCEÂNICO X ALVORADA (PARADOR) [VOLTA],17404.3,271.0
B13,KYM5979,14,-22.980202,-43.610374,2023-07-26 05:08:24,59.0,,volta,14 - SALVADOR ALLENDE x SANTA EUGÊNIA (EXPRESSO) [VOLTA],1174.3,341.0
B19,KZJ7238,14,-22.916566666666668,-43.631663333333336,2023-07-26 05:08:35,0.0,,ida,14 - SANTA EUGÊNIA X SALVADOR ALLENDE (EXPRESSO) [IDA],104993.2,225.0
B14,KRK9519,14,-23.007093,-43.550105,2023-07-26 05:08:38,58.5,,volta,14 - SALVADOR ALLENDE x SANTA EUGÊNIA (EXPRESSO) [VOLTA],1180.2,284.0
B11,KRK9516,14,-22.916196,-43.63062,2023-07-26 05:08:39,0.0,,ida,14 - SANTA EUGÊNIA X SALVADOR ALLENDE (EXPRESSO) [IDA],1219.9,240.0
B25,,14,-22.945188,-43.659012,2023-07-26 05:08:33,47.7,,ida,14 - SANTA EUGÊNIA X SALVADOR ALLENDE (EXPRESSO) [IDA],1107.8,105.0
B28,KQP5E29,14,-22.916347,-43.630809,2023-07-26 05:08:37,0.0,,ida,14 - SANTA EUGÊNIA X SALVADOR ALLENDE (EXPRESSO) [IDA],1141.6,238.0
B40,,14,-22.917724,-43.629416,2023-07-26 05:08:41,33.7,,ida,14 - SANTA EUGÊNIA X SALVADOR ALLENDE (EXPRESSO) [IDA],749.3,352.0
B41,,14,-22.938885,-43.636623,2023-07-26 05:08:36,58.1,,ida,14 - SANTA EUGÊNIA X SALVADOR ALLENDE (EXPRESSO) [IDA],1175.4,6.0
901001,RJD7J89,22,-23.000998,-43.365765,2023-07-26 05:08:27,19.2,,ida,22 - ALVORADA X J. OCEÂNICO (PARADOR) [IDA],17342.2,269.0
B47,,14,-22.918814,-43.640058,2023-07-26 05:08:26,25.9,,ida,14 - SANTA EUGÊNIA X SALVADOR ALLENDE (EXPRESSO) [IDA],1179.2,237.0
B048,,14,-22.916542,-43.631524,2023-07-26 05:08:29,0.0,,ida,14 - SANTA EUGÊNIA X SALVADOR ALLENDE (EXPRESSO) [IDA],1167.9,258.0
B49,,14,-22.940732,-43.664815,2023-07-26 05:08:33,24.3,,ida,14 - SANTA EUGÊNIA X SALVADOR ALLENDE (EXPRESSO) [IDA],1139.3,112.0
B55,,14,-23.015008,-43.468703,2023-07-26 05:08:38,57.3,,ida,14 - SANTA EUGÊNIA X SALVADOR ALLENDE (EXPRESSO) [IDA],1151.2,74.0
B53,,14,-22.916655,-43.632023,2023-07-26 05:08:27,32.9,,ida,14 - SANTA EUGÊNIA X SALVADOR ALLENDE (EXPRESSO) [IDA],1195.8,262.0
B51,,14,-23.011149,-43.454729,2023-07-26 05:08:40,58.8,,volta,14 - SALVADOR ALLENDE x SANTA EUGÊNIA (EXPRESSO) [VOLTA],1230.5,254.0
901077,,52,-22.924933,-43.397646,2023-07-26 05:08:36,44.3,,ida,52 - SENTIDO ALVORADA (PARADOR) [IDA],26513.8,335.0
902119,,35,-22.935496,-43.371686,2023-07-26 05:08:21,30.8,,volta,35 - ALVORADA  X  MADUREIRA (PARADOR) [VOLTA],7689.5,336.0
901058,,51,-22.955802,-43.392854,2023-07-26 05:08:24,59.7,,volta,51 - SENTIDO V. MILITAR (PARADOR) [VOLTA],44193.8,37.0
903027,,50,-22.972403,-43.401107,2023-07-26 05:08:38,0.0,,ida,50 - SENTIDO JD. OCEANICO (PARADOR) [IDA],49611.5,
901066,,52,-22.973277,-43.376879,2023-07-26 05:08:41,0.0,,volta,52 - SENTIDO V. MILITAR (PARADOR) [VOLTA],50008.4,266.0
903026,,50,-23.000101,-43.352224,2023-07-26 05:08:43,5.1,,ida,50 - SENTIDO JD. OCEANICO (PARADOR) [IDA],48957.2,101.0
903029,,50,-22.972102,-43.401155,2023-07-26 05:08:41,0.0,,ida,50 - SENTIDO JD. OCEANICO (PARADOR) [IDA],33512.4,176.0
902116,,35,-23.001029,-43.367744,2023-07-26 05:08:43,0.0,,volta,35 - ALVORADA  X  MADUREIRA (PARADOR) [VOLTA],11178.3,
902115,,35,-22.995251,-43.3658,2023-07-26 05:08:33,45.5,,volta,35 - ALVORADA  X  MADUREIRA (PARADOR) [VOLTA],14862.9,358.0
903030,,50,-22.954427,-43.37624,2023-07-26 05:08:27,54.3,,ida,50 - SENTIDO JD. OCEANICO (PARADOR) [IDA],40963.7,222.0
901073,,51,-22.869751,-43.411465,2023-07-26 05:08:39,51.2,,ida,51 - SENTIDO RECREIO (PARADOR) [IDA],41851.6,118.0
901048,,51,-22.963435,-43.3939,2023-07-26 05:08:33,0.0,,ida,51 - SENTIDO RECREIO (PARADOR) [IDA],26343.0,198.0
903031,,38,-22.876623,-43.32974,2023-07-26 05:08:35,0.0,,ida,38 - FUNDÃO X ALVORADA (PARADOR) [IDA],40603.1,87.0
903032,,42,-22.852512,-43.317025,2023-07-26 05:08:30,15.7,,volta,42 - MADUREIRA MANANCEIA X GALEAO (PARADOR) [VOLTA],42710.2,84.0
901075,,0,-22.861541,-43.3994,2023-07-26 05:08:37,0.0,,,,49005.8,243.0
903055,,17,-22.917968,-43.683096,2023-07-26 05:08:41,0.0,,ida,17 - SANTA CRUZ X CAMPO GRANDE (PARADOR) [IDA],18909.5,340.0
903002,,42,-22.877935,-43.336455,2023-07-26 05:08:35,0.0,,volta,42 - MADUREIRA MANANCEIA X GALEAO (PARADOR) [VOLTA],6973.4,29.0
901080,,53,-22.893007,-43.400051,2023-07-26 05:08:33,58.9,,ida,53 - SENTIDO ALVORADA (EXPRESSO) [IDA],31275.6,163.0
902110,,35,-22.973142,-43.383257,2023-07-26 05:08:31,16.4,,volta,35 - ALVORADA  X  MADUREIRA (PARADOR) [VOLTA],8834.9,271.0
902114,,35,-22.895506,-43.350288,2023-07-26 05:08:44,39.3,,volta,35 - ALVORADA  X  MADUREIRA (PARADOR) [VOLTA],8975.6,41.0
903054,,17,-22.918328,-43.639214,2023-07-26 05:08:40,0.0,,volta,17 - CAMPO GRANDE  X SANTA CRUZ (PARADOR) [VOLTA],17671.9,179.0
903021,,42,-22.847768,-43.266088,2023-07-26 05:08:27,39.0,,ida,42 - GALEÃO X MADUREIRA MANANCEIA (PARADOR) [IDA],34625.4,323.0
903056,,17,-22.919234,-43.682214,2023-07-26 05:08:38,27.2,,volta,17 - CAMPO GRANDE  X SANTA CRUZ (PARADOR) [VOLTA],14655.3,319.0
903000,,50,-23.000524,-43.334731,2023-07-26 05:08:42,45.3,,volta,50 - SENTIDO T. OLIMPICO (PARADOR) [VOLTA],31887.0,269.0
903058,,17,-22.933077,-43.660888,2023-07-26 05:08:34,54.3,,volta,17 - CAMPO GRANDE  X SANTA CRUZ (PARADOR) [VOLTA],9170.1,252.0
901072,,52,-22.941242,-43.394651,2023-07-26 05:08:38,0.0,,ida,52 - SENTIDO ALVORADA (PARADOR) [IDA],38627.1,173.0
902045,,31,-22.85229,-43.312458,2023-07-26 05:08:39,0.0,,ida,31 - VICENTE DE CARVALHO X ALVORADA (SEMIDIRETO) [IDA],6827.7,
903007,,50,-23.001375,-43.366799,2023-07-26 05:08:30,0.0,,volta,50 - SENTIDO T. OLIMPICO (PARADOR) [VOLTA],41360.7,88.0
903004,,42,-22.83899,-43.283487,2023-07-26 05:08:30,0.0,,ida,42 - GALEÃO X MADUREIRA MANANCEIA (PARADOR) [IDA],39201.4,297.0
903006,,50,-22.852398,-43.31609,2023-07-26 05:08:40,0.0,,ida,50 - SENTIDO JD. OCEANICO (PARADOR) [IDA],46385.7,81.0
903005,,42,-22.839954,-43.239382,2023-07-26 05:08:41,0.0,,ida,42 - GALEÃO X MADUREIRA MANANCEIA (PARADOR) [IDA],38822.7,139.0
903022,,50,-22.973373,-43.366078,2023-07-26 05:08:43,24.1,,volta,50 - SENTIDO T. OLIMPICO (PARADOR) [VOLTA],37738.5,269.0
903035,,17,-22.918346,-43.682798,2023-07-26 05:08:41,0.0,,ida,17 - SANTA CRUZ X CAMPO GRANDE (PARADOR) [IDA],19570.8,324.0
901059,,51,-22.981621,-43.410047,2023-07-26 05:08:35,0.0,,volta,51 - SENTIDO V. MILITAR (PARADOR) [VOLTA],48358.2,24.0
903003,,42,-22.872481,-43.336383,2023-07-26 05:08:26,24.5,,volta,42 - MADUREIRA MANANCEIA X GALEAO (PARADOR) [VOLTA],41708.5,13.0
901020,,22,-23.000658,-43.366199,2023-07-26 05:08:37,0.0,,ida,22 - ALVORADA X J. OCEÂNICO (PARADOR) [IDA],25521.5,79.0
901021,,40,-23.00065,-43.365882,2023-07-26 05:08:39,0.0,,volta,40 - ALVORADA X PAULO DA PORTELA (EXPRESSO) [VOLTA],17611.0,
901025,,51,-22.862234,-43.400925,2023-07-26 05:08:36,0.0,,ida,51 - SENTIDO RECREIO (PARADOR) [IDA],40715.4,230.0
901027,,41,-22.862797,-43.401915,2023-07-26 05:08:32,42.8,,volta,41 - TERMINAL RECREIO X PAULO DA PORTELA (EXPRESSO) [VOLTA],25986.2,61.0
901028,,40,-22.917263,-43.363195,2023-07-26 05:08:31,39.5,,ida,40 - PAULO DA PORTELA X ALVORADA (EXPRESSO) [IDA],23779.5,238.0
901030,,40,-22.879099,-43.336332,2023-07-26 05:08:42,7.5,,ida,40 - PAULO DA PORTELA X ALVORADA (EXPRESSO) [IDA],21836.2,51.0
901032,,40,-22.878535,-43.336258,2023-07-26 05:08:38,0.0,,ida,40 - PAULO DA PORTELA X ALVORADA (EXPRESSO) [IDA],25296.1,354.0
901034,,0,-22.934634,-43.3721,2023-07-26 05:08:44,18.3,,,,27518.2,334.0
901036,,52,-22.966079,-43.39052,2023-07-26 05:08:33,22.3,,ida,52 - SENTIDO ALVORADA (PARADOR) [IDA],22805.8,181.0
901040,,41,-22.964396,-43.391666,2023-07-26 05:08:41,0.0,,volta,41 - TERMINAL RECREIO X PAULO DA PORTELA (EXPRESSO) [VOLTA],29561.8,
901041,,22,-22.965678,-43.391279,2023-07-26 05:08:26,0.0,,ida,22 - ALVORADA X J. OCEÂNICO (PARADOR) [IDA],26160.4,
903009,,42,-22.847057,-43.243874,2023-07-26 05:08:28,0.0,,ida,42 - GALEÃO X MADUREIRA MANANCEIA (PARADOR) [IDA],47190.5,233.0
903010,,42,-22.836289,-43.24067,2023-07-26 05:08:36,43.1,,ida,42 - GALEÃO X MADUREIRA MANANCEIA (PARADOR) [IDA],43701.7,214.0
903011,,42,-22.839259,-43.28309,2023-07-26 05:08:40,13.1,,volta,42 - MADUREIRA MANANCEIA X GALEAO (PARADOR) [VOLTA],45338.7,125.0
903012,,42,-22.857525,-43.329263,2023-07-26 05:08:33,42.9,,ida,42 - GALEÃO X MADUREIRA MANANCEIA (PARADOR) [IDA],47956.9,184.0
903015,,42,-22.815094,-43.242692,2023-07-26 05:08:36,59.1,,ida,42 - GALEÃO X MADUREIRA MANANCEIA (PARADOR) [IDA],47873.0,129.0
903016,,42,-22.85753,-43.25794,2023-07-26 05:08:25,0.0,,volta,42 - MADUREIRA MANANCEIA X GALEAO (PARADOR) [VOLTA],42533.7,107.0
903017,,50,-22.98566,-43.36581,2023-07-26 05:08:27,42.7,,ida,50 - SENTIDO JD. OCEANICO (PARADOR) [IDA],44908.2,180.0
903024,,38,-22.876829,-43.329887,2023-07-26 05:08:43,0.0,,ida,38 - FUNDÃO X ALVORADA (PARADOR) [IDA],38022.8,
903025,,50,-23.00655,-43.313618,2023-07-26 05:08:41,0.0,,volta,50 - SENTIDO T. OLIMPICO (PARADOR) [VOLTA],39460.3,189.0
903014,,38,-22.893837,-43.349182,2023-07-26 05:08:30,47.7,,ida,38 - FUNDÃO X ALVORADA (PARADOR) [IDA],51727.0,205.0
901060,,51,-23.008602,-43.440123,2023-07-26 05:08:36,0.0,,volta,51 - SENTIDO V. MILITAR (PARADOR) [VOLTA],24784.0,70.0
903052,,17,-22.913942,-43.598578,2023-07-26 05:08:25,46.9,,ida,17 - SANTA CRUZ X CAMPO GRANDE (PARADOR) [IDA],21798.6,82.0
903063,,17,-22.920239,-43.608174,2023-07-26 05:08:27,0.0,,ida,17 - SANTA CRUZ X CAMPO GRANDE (PARADOR) [IDA],21497.7,135.0
902113,,31,-22.852524,-43.312351,2023-07-26 05:08:26,43.6,,ida,31 - VICENTE DE CARVALHO X ALVORADA (SEMIDIRETO) [IDA],8852.9,53.0
902118,,31,-22.876437,-43.329607,2023-07-26 05:08:38,0.0,,ida,31 - VICENTE DE CARVALHO X ALVORADA (SEMIDIRETO) [IDA],7640.6,
902117,,31,-22.852315,-43.315973,2023-07-26 05:08:37,0.0,,ida,31 - VICENTE DE CARVALHO X ALVORADA (SEMIDIRETO) [IDA],10241.2,263.0
901044,,40,-22.885398,-43.343349,2023-07-26 05:08:39,59.3,,ida,40 - PAULO DA PORTELA X ALVORADA (EXPRESSO) [IDA],29596.3,220.0
903033,,42,-22.846988,-43.243863,2023-07-26 05:08:43,3.9,,ida,42 - GALEÃO X MADUREIRA MANANCEIA (PARADOR) [IDA],36568.2,242.0
902022,,46,-22.841304,-43.276228,2023-07-26 05:08:35,0.0,,ida,46 - PENHA X ALVORADA (EXPRESSO) [IDA],30782.4,
901093,,22,-22.865245,-43.407361,2023-07-26 05:08:42,48.5,,ida,,27798.5,63.0
902059,,43,-22.940578,-43.372487,2023-07-26 05:08:29,0.0,,volta,43 - SANTA EFIGENIA X FUNDÃO (EXPRESSO) [VOLTA],35713.0,
902056,,46,-22.841354,-43.298562,2023-07-26 05:08:43,51.9,,volta,46 - ALVORADA X PENHA (EXPRESSO) [VOLTA],34642.4,56.0
901091,,51,-22.882467,-43.400114,2023-07-26 05:08:41,58.7,,ida,51 - SENTIDO RECREIO (PARADOR) [IDA],31123.6,193.0
901086,,53,-22.964545,-43.392197,2023-07-26 05:08:26,0.0,,ida,53 - SENTIDO ALVORADA (EXPRESSO) [IDA],48370.3,
902032,,46,-23.000933,-43.367638,2023-07-26 05:08:24,0.0,,volta,46 - ALVORADA X PENHA (EXPRESSO) [VOLTA],36295.6,
901094,,0,-22.9653,-43.391436,2023-07-26 05:08:35,0.0,,,,32745.0,154.0
902027,,43,-22.895835,-43.350616,2023-07-26 05:08:30,42.0,,ida,43 - FUNDÃO X SANTA EFIGENIA (EXPRESSO) [IDA],32874.6,224.0
902028,,46,-22.897102,-43.351676,2023-07-26 05:08:33,22.0,,volta,46 - ALVORADA X PENHA (EXPRESSO) [VOLTA],37592.5,37.0
902018,,40,-22.877802,-43.33653,2023-07-26 05:08:41,9.2,,ida,40 - PAULO DA PORTELA X ALVORADA (EXPRESSO) [IDA],23639.1,288.0
902046,,46,-22.852742,-43.314717,2023-07-26 05:08:39,41.8,,ida,46 - PENHA X ALVORADA (EXPRESSO) [IDA],33371.9,307.0
12715,,10,-22.946965,-43.654531,2023-07-26 05:08:24,55.1,,volta,10 - ALVORADA X SANTA CRUZ (EXPRESSO) [VOLTA],42383.2,318.0
902010,,40,-22.965072,-43.392133,2023-07-26 05:08:40,0.0,,ida,40 - PAULO DA PORTELA X ALVORADA (EXPRESSO) [IDA],10957.6,
901062,,51,-22.99707,-43.425367,2023-07-26 05:08:43,59.1,,ida,51 - SENTIDO RECREIO (PARADOR) [IDA],46934.8,233.0
E902000,,41,-22.854668,-43.251425,2023-07-26 05:08:25,0.0,,volta,41 - TERMINAL RECREIO X PAULO DA PORTELA (EXPRESSO) [VOLTA],10383.7,
901067,,52,-23.001352,-43.367094,2023-07-26 05:08:28,6.3,,volta,52 - SENTIDO V. MILITAR (PARADOR) [VOLTA],41768.1,80.0
E902004,,41,-22.854785,-43.252012,2023-07-26 05:08:40,0.0,,volta,41 - TERMINAL RECREIO X PAULO DA PORTELA (EXPRESSO) [VOLTA],13269.1,
12713,,18,-23.012384,-43.458397,2023-07-26 05:08:30,30.9,,ida,18 - RECREIO SHOPPING X JARDIM OCEÂNICO (EXPRESSO) [IDA],35253.3,74.0
902062,,46,-22.856282,-43.327088,2023-07-26 05:08:43,50.6,,volta,46 - ALVORADA X PENHA (EXPRESSO) [VOLTA],33290.3,77.0
902048,,46,-22.973351,-43.367243,2023-07-26 05:08:42,53.8,,volta,46 - ALVORADA X PENHA (EXPRESSO) [VOLTA],23963.3,270.0
902058,,46,-22.854174,-43.251917,2023-07-26 05:08:35,0.0,,ida,46 - PENHA X ALVORADA (EXPRESSO) [IDA],34575.2,
901068,,51,-23.008529,-43.43996,2023-07-26 05:08:31,0.0,,volta,51 - SENTIDO V. MILITAR (PARADOR) [VOLTA],50821.3,
902003,,41,-22.839334,-43.239903,2023-07-26 05:08:38,0.0,,volta,41 - TERMINAL RECREIO X PAULO DA PORTELA (EXPRESSO) [VOLTA],17397.0,
902102,,35,-22.878672,-43.336292,2023-07-26 05:08:41,0.0,,ida,35 - MADUREIRA X ALVORADA (PARADOR) [IDA],12380.5,
902061,,46,-22.854423,-43.25188,2023-07-26 05:08:40,0.0,,ida,46 - PENHA X ALVORADA (EXPRESSO) [IDA],28946.0,272.0
902052,,46,-23.001325,-43.364876,2023-07-26 05:08:42,0.0,,volta,46 - ALVORADA X PENHA (EXPRESSO) [VOLTA],35617.1,
902050,,43,-22.914811,-43.360896,2023-07-26 05:08:36,9.1,,volta,43 - SANTA EFIGENIA X FUNDÃO (EXPRESSO) [VOLTA],31265.9,28.0
12716,,20,-22.916724,-43.68361,2023-07-26 05:08:43,0.0,,ida,20 - SANTA CRUZ X SALVADOR ALLENDE (EXPRESSO) [IDA],45562.5,340.0
902060,,41,-22.851214,-43.248594,2023-07-26 05:08:38,27.6,,volta,41 - TERMINAL RECREIO X PAULO DA PORTELA (EXPRESSO) [VOLTA],30130.9,6.0
902008,,46,-22.936757,-43.371733,2023-07-26 05:08:42,36.6,,ida,46 - PENHA X ALVORADA (EXPRESSO) [IDA],10529.6,18.0
902047,,46,-22.854107,-43.261017,2023-07-26 05:08:35,44.5,,ida,46 - PENHA X ALVORADA (EXPRESSO) [IDA],23963.6,314.0
902051,,46,-22.87711,-43.336033,2023-07-26 05:08:39,0.0,,ida,46 - PENHA X ALVORADA (EXPRESSO) [IDA],32995.5,203.0
902067,,46,-22.936907,-43.371966,2023-07-26 05:08:38,4.6,,ida,46 - PENHA X ALVORADA (EXPRESSO) [IDA],34093.9,201.0
901088,,31,-22.964435,-43.391898,2023-07-26 05:08:37,0.0,,ida,31 - VICENTE DE CARVALHO X ALVORADA (SEMIDIRETO) [IDA],41618.1,
901098,,51,-22.857267,-43.391022,2023-07-26 05:08:41,36.5,,ida,51 - SENTIDO RECREIO (PARADOR) [IDA],27294.1,241.0
901055,,51,-22.861757,-43.400036,2023-07-26 05:08:31,0.0,,ida,51 - SENTIDO RECREIO (PARADOR) [IDA],46658.4,
902054,,46,-22.854721,-43.251896,2023-07-26 05:08:40,0.0,,ida,46 - PENHA X ALVORADA (EXPRESSO) [IDA],35704.7,
901079,,53,-22.95307,-43.390675,2023-07-26 05:08:41,58.8,,ida,53 - SENTIDO ALVORADA (EXPRESSO) [IDA],44057.7,213.0
901084,,53,-22.972964,-43.398256,2023-07-26 05:08:37,0.0,,ida,53 - SENTIDO ALVORADA (EXPRESSO) [IDA],52300.6,270.0
901070,,52,-22.972822,-43.401947,2023-07-26 05:08:37,31.1,,ida,52 - SENTIDO ALVORADA (PARADOR) [IDA],40491.4,79.0
902080,,46,-22.907838,-43.358185,2023-07-26 05:08:25,56.2,,ida,46 - PENHA X ALVORADA (EXPRESSO) [IDA],34354.2,197.0
901081,,53,-22.884771,-43.399626,2023-07-26 05:08:32,19.4,,ida,53 - SENTIDO ALVORADA (EXPRESSO) [IDA],41801.0,5.0
902065,,43,-22.853793,-43.261312,2023-07-26 05:08:43,49.4,,ida,43 - FUNDÃO X SANTA EFIGENIA (EXPRESSO) [IDA],35362.4,317.0
901069,,52,-22.984826,-43.365842,2023-07-26 05:08:43,35.8,,ida,52 - SENTIDO ALVORADA (PARADOR) [IDA],37741.1,183.0
901074,,52,-22.861613,-43.399682,2023-07-26 05:08:39,0.0,,ida,52 - SENTIDO ALVORADA (PARADOR) [IDA],39513.8,240.0
902030,,31,-22.883107,-43.342247,2023-07-26 05:08:17,53.2,,ida,31 - VICENTE DE CARVALHO X ALVORADA (SEMIDIRETO) [IDA],11299.1,213.0
902071,,46,-23.00101,-43.367998,2023-07-26 05:08:41,0.0,,volta,46 - ALVORADA X PENHA (EXPRESSO) [VOLTA],35937.8,
902072,,43,-22.854774,-43.251908,2023-07-26 05:08:44,0.0,,volta,43 - SANTA EFIGENIA X FUNDÃO (EXPRESSO) [VOLTA],32687.8,
902064,,43,-22.870993,-43.335834,2023-07-26 05:08:44,39.7,,ida,43 - FUNDÃO X SANTA EFIGENIA (EXPRESSO) [IDA],0.0,196.0
902070,,46,-22.973276,-43.381561,2023-07-26 05:08:35,30.5,,ida,46 - PENHA X ALVORADA (EXPRESSO) [IDA],36293.5,90.0
901087,,53,-22.96538,-43.391566,2023-07-26 05:08:43,0.0,,ida,53 - SENTIDO ALVORADA (EXPRESSO) [IDA],47525.3,
902085,,46,-22.854537,-43.251701,2023-07-26 05:08:39,0.0,,ida,46 - PENHA X ALVORADA (EXPRESSO) [IDA],34050.9,
E902001,,41,-22.845978,-43.267372,2023-07-26 05:08:25,40.4,,volta,41 - TERMINAL RECREIO X PAULO DA PORTELA (EXPRESSO) [VOLTA],20872.2,324.0
E902006,,40,-22.878402,-43.336288,2023-07-26 05:08:35,0.0,,ida,40 - PAULO DA PORTELA X ALVORADA (EXPRESSO) [IDA],19305.3,
E902011,,40,-22.891254,-43.347689,2023-07-26 05:08:35,51.8,,ida,40 - PAULO DA PORTELA X ALVORADA (EXPRESSO) [IDA],8600.7,30.0
902002,,41,-22.852267,-43.315639,2023-07-26 05:08:39,6.3,,volta,41 - TERMINAL RECREIO X PAULO DA PORTELA (EXPRESSO) [VOLTA],19831.2,262.0
901095,,51,-22.965286,-43.391503,2023-07-26 05:08:27,0.0,,volta,51 - SENTIDO V. MILITAR (PARADOR) [VOLTA],35035.8,337.0
902069,,41,-22.916241,-43.361823,2023-07-26 05:08:24,34.7,,ida,41 - PAULO DA PORTELA X TERMINAL RECREIO (EXPRESSO) [IDA],32584.8,215.0
902094,,35,-22.910822,-43.360187,2023-07-26 05:08:35,49.0,,volta,35 - ALVORADA  X  MADUREIRA (PARADOR) [VOLTA],9089.5,16.0
902075,,31,-22.876388,-43.329894,2023-07-26 05:08:39,0.0,,ida,31 - VICENTE DE CARVALHO X ALVORADA (SEMIDIRETO) [IDA],14095.4,
902082,,35,-22.940905,-43.372608,2023-07-26 05:08:41,0.0,,ida,35 - MADUREIRA X ALVORADA (PARADOR) [IDA],10869.9,186.0
903062,,17,-22.916975,-43.634469,2023-07-26 05:08:38,44.1,,ida,17 - SANTA CRUZ X CAMPO GRANDE (PARADOR) [IDA],20189.3,97.0
902089,,35,-23.000749,-43.367499,2023-07-26 05:08:36,16.6,,volta,35 - ALVORADA  X  MADUREIRA (PARADOR) [VOLTA],9774.7,104.0
903041,,50,-22.876531,-43.329468,2023-07-26 05:08:31,0.0,,ida,50 - SENTIDO JD. OCEANICO (PARADOR) [IDA],27433.7,
903051,,50,-22.971987,-43.401145,2023-07-26 05:08:41,0.0,,ida,50 - SENTIDO JD. OCEANICO (PARADOR) [IDA],31059.3,113.0
902055,,46,-22.837781,-43.288692,2023-07-26 05:08:36,59.3,,ida,46 - PENHA X ALVORADA (EXPRESSO) [IDA],16.2,276.0
903036,,17,-22.916533,-43.607145,2023-07-26 05:08:36,0.0,,ida,17 - SANTA CRUZ X CAMPO GRANDE (PARADOR) [IDA],156820.3,4.0
902043,,46,-22.877958,-43.336271,2023-07-26 05:08:34,0.0,,ida,46 - PENHA X ALVORADA (EXPRESSO) [IDA],29100.6,
902036,,41,-22.876479,-43.339399,2023-07-26 05:08:34,31.2,,ida,41 - PAULO DA PORTELA X TERMINAL RECREIO (EXPRESSO) [IDA],32318.6,224.0
903039,,17,-22.916362,-43.621838,2023-07-26 05:08:26,25.6,,ida,17 - SANTA CRUZ X CAMPO GRANDE (PARADOR) [IDA],18368.9,94.0
903047,,42,-22.876821,-43.329647,2023-07-26 05:08:25,0.0,,ida,42 - GALEÃO X MADUREIRA MANANCEIA (PARADOR) [IDA],23082.2,72.0
902074,,31,-22.862328,-43.331099,2023-07-26 05:08:39,38.8,,ida,31 - VICENTE DE CARVALHO X ALVORADA (SEMIDIRETO) [IDA],9768.6,40.0
902044,,43,-22.839447,-43.282653,2023-07-26 05:08:29,20.4,,ida,43 - FUNDÃO X SANTA EFIGENIA (EXPRESSO) [IDA],31228.0,310.0
902038,,46,-22.854449,-43.251303,2023-07-26 05:08:36,0.0,,ida,46 - PENHA X ALVORADA (EXPRESSO) [IDA],7575.2,
903064,,50,-22.972311,-43.401086,2023-07-26 05:08:31,0.0,,ida,50 - SENTIDO JD. OCEANICO (PARADOR) [IDA],22136.7,175.0
903069,,17,-22.919832,-43.681901,2023-07-26 05:08:45,6.2,,ida,17 - SANTA CRUZ X CAMPO GRANDE (PARADOR) [IDA],22412.9,41.0
902042,,46,-22.953169,-43.375246,2023-07-26 05:08:26,52.5,,volta,46 - ALVORADA X PENHA (EXPRESSO) [VOLTA],31922.8,34.0
902040,,46,-22.915902,-43.361502,2023-07-26 05:08:31,43.9,,volta,46 - ALVORADA X PENHA (EXPRESSO) [VOLTA],34111.8,27.0
903038,,17,-22.916046,-43.610749,2023-07-26 05:08:37,31.6,,volta,17 - CAMPO GRANDE  X SANTA CRUZ (PARADOR) [VOLTA],26542.7,268.0
903053,,17,-22.905689,-43.559314,2023-07-26 04:52:12,46.2,,ida,17 - SANTA CRUZ X CAMPO GRANDE (PARADOR) [IDA],21457.9,68.0
902076,,46,-22.85482,-43.252054,2023-07-26 05:08:33,0.0,,ida,46 - PENHA X ALVORADA (EXPRESSO) [IDA],27510.5,
902096,,35,-23.001004,-43.36706,2023-07-26 05:08:34,0.0,,volta,35 - ALVORADA  X  MADUREIRA (PARADOR) [VOLTA],14221.2,
902084,,31,-22.876879,-43.329799,2023-07-26 05:08:44,0.0,,ida,31 - VICENTE DE CARVALHO X ALVORADA (SEMIDIRETO) [IDA],11709.4,
902100,,35,-22.878709,-43.33635,2023-07-26 05:08:28,0.0,,ida,35 - MADUREIRA X ALVORADA (PARADOR) [IDA],13435.3,
903059,,17,-22.919828,-43.64224,2023-07-26 05:08:44,59.3,,ida,17 - SANTA CRUZ X CAMPO GRANDE (PARADOR) [IDA],18744.6,243.0
902079,,46,-22.841415,-43.275745,2023-07-26 05:08:40,0.0,,ida,46 - PENHA X ALVORADA (EXPRESSO) [IDA],30822.0,
903066,,17,-22.917211,-43.683432,2023-07-26 05:08:43,13.9,,ida,17 - SANTA CRUZ X CAMPO GRANDE (PARADOR) [IDA],24875.1,342.0
902099,,35,-22.878025,-43.33619,2023-07-26 05:08:42,19.2,,ida,35 - MADUREIRA X ALVORADA (PARADOR) [IDA],11541.1,338.0
902091,,35,-22.959954,-43.389104,2023-07-26 05:08:41,20.8,,ida,35 - MADUREIRA X ALVORADA (PARADOR) [IDA],14050.7,255.0
901099,,51,-22.922928,-43.397804,2023-07-26 05:08:24,58.1,,ida,51 - SENTIDO RECREIO (PARADOR) [IDA],29486.1,199.0
903046,,42,-22.879032,-43.340017,2023-07-26 05:08:30,32.4,,volta,42 - MADUREIRA MANANCEIA X GALEAO (PARADOR) [VOLTA],29785.8,103.0
903061,,17,-22.91034,-43.582977,2023-07-26 05:08:35,45.8,,ida,17 - SANTA CRUZ X CAMPO GRANDE (PARADOR) [IDA],21484.7,62.0
903070,,17,-22.919077,-43.607614,2023-07-26 05:08:41,0.0,,ida,17 - SANTA CRUZ X CAMPO GRANDE (PARADOR) [IDA],9256.1,88.0
44706,LRG8855,20,-22.918836,-43.682519,2023-07-26 05:08:35,0.0,,ida,20 - SANTA CRUZ X SALVADOR ALLENDE (EXPRESSO) [IDA],21875.2,
903065,,17,-22.901962,-43.555503,2023-07-26 04:57:40,15.5,,volta,17 - CAMPO GRANDE  X SANTA CRUZ (PARADOR) [VOLTA],16960.7,195.0
901008,,22,-23.00103,-43.368033,2023-07-26 05:10:11,20.6,,volta,,22783.3,279.0
901007,,22,-23.000207,-43.348821,2023-07-26 05:10:09,48.5,,ida,22 - ALVORADA X J. OCEÂNICO (PARADOR) [IDA],21820.2,92.0
901009,,22,-23.000936,-43.365156,2023-07-26 05:09:57,0.0,,volta,,20864.9,
901010,RJM8G30,22,-23.000909,-43.364914,2023-07-26 05:10:06,0.0,,ida,22 - ALVORADA X J. OCEÂNICO (PARADOR) [IDA],22869.5,271.0
901017,,22,-23.000739,-43.366011,2023-07-26 05:10:06,0.0,,ida,22 - ALVORADA X J. OCEÂNICO (PARADOR) [IDA],25122.4,
901006,RJA9F56,22,-23.001386,-43.328901,2023-07-26 05:10:03,4.4,,ida,22 - ALVORADA X J. OCEÂNICO (PARADOR) [IDA],19381.8,106.0
901005,RJB8E53,22,-23.006632,-43.311783,2023-07-26 05:10:06,9.9,,volta,22 - J. OCEÂNICO X ALVORADA (PARADOR) [VOLTA],21643.2,285.0
901004,RJQ8J80,22,-23.006398,-43.313042,2023-07-26 05:10:02,0.0,,volta,22 - J. OCEÂNICO X ALVORADA (PARADOR) [VOLTA],21432.6,251.0
30504,,25,-23.000118,-43.414117,2023-07-26 05:10:06,51.1,,volta,25 - ALVORADA X MATO ALTO (PARADOR) [VOLTA],53630.9,261.0
30533,KWO8120,13,-22.920741,-43.6079,2023-07-26 05:09:52,0.0,,ida,13 - MATO ALTO X ALVORADA (EXPRESSO) [IDA],52594.6,70.0
30538,KXE7719,20,-22.97954,-43.610626,2023-07-26 05:10:10,56.9,,volta,20 - SALVADOR ALLENDE X SANTA CRUZ (EXPRESSO) [VOLTA],55895.0,341.0
50309,KPN6B05,13,-23.000047,-43.40688,2023-07-26 05:10:08,60.2,,ida,13 - MATO ALTO X ALVORADA (EXPRESSO) [IDA],20087.4,92.0
30532,KYL8599,13,-23.020867,-43.491969,2023-07-26 05:09:55,58.5,,ida,13 - MATO ALTO X ALVORADA (EXPRESSO) [IDA],41764.1,81.0
13423,LSI5976,25,-23.017782,-43.510087,2023-07-26 05:10:10,59.6,,volta,25 - ALVORADA X MATO ALTO (PARADOR) [VOLTA],41116.6,287.0
90002,LMB2D92,11,-22.966152,-43.645259,2023-07-26 04:59:56,0.9,,ida,11 - SANTA CRUZ X ALVORADA (PARADOR) [IDA],55845.3,108.0
30519,LRE9804,11,-22.920074,-43.608092,2023-07-26 05:10:00,0.0,,ida,11 - SANTA CRUZ X ALVORADA (PARADOR) [IDA],51494.8,
90005,KWK6A89,20,-22.918889,-43.682387,2023-07-26 05:09:55,0.0,,ida,20 - SANTA CRUZ X SALVADOR ALLENDE (EXPRESSO) [IDA],49835.5,280.0
86875,KQB4103,12,-22.916516,-43.631197,2023-07-26 05:10:08,17.2,,ida,12 - PINGO D'AGUA X ALVORADA (EXPRESSO) [IDA],13015.2,260.0
30518,KYL8597,25,-23.000699,-43.364995,2023-07-26 05:10:05,0.0,,volta,25 - ALVORADA X MATO ALTO (PARADOR) [VOLTA],37110.7,277.0
902090,,35,-22.918963,-43.366116,2023-07-26 05:10:09,44.7,,ida,35 - MADUREIRA X ALVORADA (PARADOR) [IDA],15080.7,239.0
47029,LSQ5267,20,-22.918577,-43.682743,2023-07-26 05:09:59,0.0,,ida,20 - SANTA CRUZ X SALVADOR ALLENDE (EXPRESSO) [IDA],56964.9,277.0
47012,KPZ8364,20,-22.919525,-43.682073,2023-07-26 05:09:58,31.1,,ida,20 - SANTA CRUZ X SALVADOR ALLENDE (EXPRESSO) [IDA],54991.4,143.0
86885,LTB5540,14,-22.91621,-43.613703,2023-07-26 05:09:48,22.0,,ida,14 - SANTA EUGÊNIA X SALVADOR ALLENDE (EXPRESSO) [IDA],514715.4,287.0
12738,KRR2404,25,-22.993107,-43.597349,2023-07-26 05:10:03,0.0,,ida,25 - MATO ALTO X ALVORADA (PARADOR) [IDA],37392.2,
86886,LTB5541,14,-22.931296,-43.65653,2023-07-26 05:10:08,41.7,,ida,14 - SANTA EUGÊNIA X SALVADOR ALLENDE (EXPRESSO) [IDA],13090.0,238.0
13428,KXE7712,11,-22.920229,-43.608192,2023-07-26 05:10:01,0.0,,ida,11 - SANTA CRUZ X ALVORADA (PARADOR) [IDA],57799.2,174.0
47006,KWZ8630,18,-23.0191,-43.505074,2023-07-26 05:10:04,0.0,,ida,18 - RECREIO SHOPPING X JARDIM OCEÂNICO (EXPRESSO) [IDA],50888.5,
47007,LSP6018,18,-22.920617,-43.607717,2023-07-26 05:10:01,0.0,,ida,18 - RECREIO SHOPPING X JARDIM OCEÂNICO (EXPRESSO) [IDA],42179.7,158.0
13413,KWI9711,12,-22.993042,-43.597965,2023-07-26 05:10:09,0.0,,ida,12 - PINGO D'AGUA X ALVORADA (EXPRESSO) [IDA],43512.1,132.0
90001,KPZ5E15,19,-22.96625,-43.645082,2023-07-26 04:51:45,0.0,,ida,19 - PINGO D'AGUA X SALVADOR ALLENDE (EXPRESSO) [IDA],44132.6,106.0
901057,,52,-22.951241,-43.389762,2023-07-26 05:09:58,57.3,,volta,52 - SENTIDO V. MILITAR (PARADOR) [VOLTA],51066.1,358.0
901003,RKM8C54,22,-23.000277,-43.338664,2023-07-26 05:10:08,0.0,,volta,22 - J. OCEÂNICO X ALVORADA (PARADOR) [VOLTA],22829.0,272.0
86874,KQB4102,20,-22.918875,-43.607541,2023-07-26 05:09:54,0.0,,ida,20 - SANTA CRUZ X SALVADOR ALLENDE (EXPRESSO) [IDA],512858.4,98.0
86879,LTN5696,18,-22.992855,-43.598159,2023-07-26 05:10:08,0.0,,ida,18 - RECREIO SHOPPING X JARDIM OCEÂNICO (EXPRESSO) [IDA],1812.9,
47011,LRH8889,0,-22.920652,-43.607961,2023-07-26 05:09:59,0.1,,,,39516.0,168.0
30537,KXE7720,12,-22.916749,-43.632728,2023-07-26 05:09:58,0.0,,ida,12 - PINGO D'AGUA X ALVORADA (EXPRESSO) [IDA],51507.9,267.0
50301,KPP5B70,25,-23.01221,-43.458298,2023-07-26 05:10:04,25.1,,volta,25 - ALVORADA X MATO ALTO (PARADOR) [VOLTA],3951.7,250.0
13401,KQO7822,19,-23.008334,-43.442839,2023-07-26 05:09:56,0.0,,volta,19 - SALVADOR ALLENDE X PINGO D'AGUA (EXPRESSO) [VOLTA],53647.6,74.0
13421,KWO8119,10,-22.920305,-43.608277,2023-07-26 05:09:57,0.0,,ida,10 - SANTA CRUZ X ALVORADA (EXPRESSO) [IDA],14957.8,
27174,KQP5437,13,-22.998465,-43.587691,2023-07-26 05:10:00,61.1,,ida,13 - MATO ALTO X ALVORADA (EXPRESSO) [IDA],18874.6,104.0
47026,KYA7928,10,-22.920584,-43.608013,2023-07-26 05:10:10,0.0,,ida,10 - SANTA CRUZ X ALVORADA (EXPRESSO) [IDA],32900.199,
86889,KRQ6878,10,-23.000893,-43.367123,2023-07-26 05:09:57,0.0,,volta,10 - ALVORADA X SANTA CRUZ (EXPRESSO) [VOLTA],514962.4,
12724,LMJ1118,18,-23.019404,-43.505102,2023-07-26 05:09:57,26.4,,ida,18 - RECREIO SHOPPING X JARDIM OCEÂNICO (EXPRESSO) [IDA],9643.0,107.0
27209,LSL9B07,25,-22.997965,-43.589922,2023-07-26 05:09:51,59.2,,ida,25 - MATO ALTO X ALVORADA (PARADOR) [IDA],10075.7,104.0
30511,KPV2250,13,-23.005011,-43.430715,2023-07-26 05:09:52,57.0,,volta,13 - ALVORADA X  MATO ALTO (EXPRESSO) [VOLTA],49443.1,253.0
12725,LMJ1327,25,-22.996289,-43.593582,2023-07-26 05:10:08,56.9,,volta,25 - ALVORADA X MATO ALTO (PARADOR) [VOLTA],39260.4,312.0
13404,KQO7823,20,-23.014073,-43.464964,2023-07-26 05:10:04,59.6,,ida,20 - SANTA CRUZ X SALVADOR ALLENDE (EXPRESSO) [IDA],56105.3,75.0
47022,KRM7701,10,-23.015393,-43.520794,2023-07-26 05:10:09,57.7,,volta,10 - ALVORADA X SANTA CRUZ (EXPRESSO) [VOLTA],12949.3,277.0
12736,LMJ4504,20,-22.920027,-43.608042,2023-07-26 05:10:11,0.0,,ida,20 - SANTA CRUZ X SALVADOR ALLENDE (EXPRESSO) [IDA],15484.1,
13422,LSI5978,20,-22.98872,-43.603403,2023-07-26 05:09:51,58.8,,ida,20 - SANTA CRUZ X SALVADOR ALLENDE (EXPRESSO) [IDA],40385.5,133.0
12730,LSO8993,19,-23.020718,-43.493211,2023-07-26 05:09:47,59.3,,volta,19 - SALVADOR ALLENDE X PINGO D'AGUA (EXPRESSO) [VOLTA],9254.7,263.0
86872,LSH7386,20,-22.992778,-43.598115,2023-07-26 05:10:09,0.0,,ida,20 - SANTA CRUZ X SALVADOR ALLENDE (EXPRESSO) [IDA],22416.5,
30509,KYM4574,13,-23.000759,-43.364846,2023-07-26 05:09:55,0.0,,volta,13 - ALVORADA X  MATO ALTO (EXPRESSO) [VOLTA],53043.9,
12710,KRO9724,20,-22.992684,-43.598372,2023-07-26 05:09:58,0.0,,ida,20 - SANTA CRUZ X SALVADOR ALLENDE (EXPRESSO) [IDA],38381.0,
12720,KXD9430,20,-23.002959,-43.424334,2023-07-26 05:09:58,0.0,,ida,20 - SANTA CRUZ X SALVADOR ALLENDE (EXPRESSO) [IDA],21767.5,249.0
12712,LSN8501,19,-22.920129,-43.60801,2023-07-26 05:09:51,0.0,,ida,19 - PINGO D'AGUA X SALVADOR ALLENDE (EXPRESSO) [IDA],31093.7,173.0
13407,KPY9732,18,-23.018994,-43.505995,2023-07-26 05:09:54,0.0,,ida,18 - RECREIO SHOPPING X JARDIM OCEÂNICO (EXPRESSO) [IDA],45435.9,
30521,LRC6594,25,-22.937491,-43.666948,2023-07-26 05:09:34,27.0,,ida,25 - MATO ALTO X ALVORADA (PARADOR) [IDA],34822.7,168.0
47010,KPZ8363,25,-23.01078,-43.452321,2023-07-26 05:09:53,0.0,,ida,25 - MATO ALTO X ALVORADA (PARADOR) [IDA],42587.4,98.0
86884,LSP9604,20,-22.971638,-43.387627,2023-07-26 05:09:52,51.3,,ida,20 - SANTA CRUZ X SALVADOR ALLENDE (EXPRESSO) [IDA],15299.5,127.0
90006,LRH6D12,20,-22.919767,-43.681758,2023-07-26 05:09:54,7.2,,volta,20 - SALVADOR ALLENDE X SANTA CRUZ (EXPRESSO) [VOLTA],29709.4,326.0
30531,LRC6592,19,-22.96823,-43.619423,2023-07-26 05:10:03,59.8,,volta,19 - SALVADOR ALLENDE X PINGO D'AGUA (EXPRESSO) [VOLTA],40605.4,279.0
30524,LRC6601,25,-23.020636,-43.500373,2023-07-26 05:10:00,20.9,,ida,25 - MATO ALTO X ALVORADA (PARADOR) [IDA],29232.4,100.0
13415,KQK7905,25,-23.000227,-43.369605,2023-07-26 05:09:54,51.9,,ida,25 - MATO ALTO X ALVORADA (PARADOR) [IDA],45133.8,88.0
901002,,22,-22.999886,-43.358994,2023-07-26 05:10:03,44.8,,volta,22 - J. OCEÂNICO X ALVORADA (PARADOR) [VOLTA],17405.3,266.0
B13,KYM5979,14,-22.968368,-43.618891,2023-07-26 05:10:04,59.1,,volta,14 - SALVADOR ALLENDE x SANTA EUGÊNIA (EXPRESSO) [VOLTA],1176.0,286.0
B19,KZJ7238,14,-22.916566666666668,-43.631663333333336,2023-07-26 05:09:55,0.0,,ida,14 - SANTA EUGÊNIA X SALVADOR ALLENDE (EXPRESSO) [IDA],104993.2,225.0
B14,KRK9519,14,-23.004131,-43.562708,2023-07-26 05:09:58,60.3,,volta,14 - SALVADOR ALLENDE x SANTA EUGÊNIA (EXPRESSO) [VOLTA],1181.5,285.0
B11,KRK9516,14,-22.916684,-43.632282,2023-07-26 05:09:59,28.5,,ida,14 - SANTA EUGÊNIA X SALVADOR ALLENDE (EXPRESSO) [IDA],1220.1,259.0
B12,LMH5981,14,-22.916685,-43.631475,2023-07-26 05:08:26,0.0,,ida,14 - SANTA EUGÊNIA X SALVADOR ALLENDE (EXPRESSO) [IDA],1150.5,345.0
B24,LSO7028,14,-22.969462,-43.625658,2023-07-26 05:05:59,59.7,,ida,14 - SANTA EUGÊNIA X SALVADOR ALLENDE (EXPRESSO) [IDA],1193.4,77.0
B25,,14,-22.952775,-43.6495,2023-07-26 05:10:06,47.5,,ida,14 - SANTA EUGÊNIA X SALVADOR ALLENDE (EXPRESSO) [IDA],1109.2,168.0
B28,KQP5E29,14,-22.91647,-43.631117,2023-07-26 05:09:57,0.0,,ida,14 - SANTA EUGÊNIA X SALVADOR ALLENDE (EXPRESSO) [IDA],1141.7,258.0
B40,,14,-22.916504,-43.631309,2023-07-26 05:10:01,0.0,,ida,14 - SANTA EUGÊNIA X SALVADOR ALLENDE (EXPRESSO) [IDA],749.6,253.0
B41,,14,-22.928632,-43.635459,2023-07-26 05:09:56,39.1,,ida,14 - SANTA EUGÊNIA X SALVADOR ALLENDE (EXPRESSO) [IDA],1176.6,7.0
901001,RJD7J89,22,-23.000661,-43.365079,2023-07-26 05:10:07,17.2,,ida,22 - ALVORADA X J. OCEÂNICO (PARADOR) [IDA],17342.8,88.0
B47,,14,-22.924462,-43.649456,2023-07-26 05:10:08,56.8,,ida,14 - SANTA EUGÊNIA X SALVADOR ALLENDE (EXPRESSO) [IDA],1180.3,212.0
B048,,14,-22.916516,-43.631488,2023-07-26 05:10:09,0.0,,ida,14 - SANTA EUGÊNIA X SALVADOR ALLENDE (EXPRESSO) [IDA],1167.9,258.0
B49,,14,-22.945684,-43.657019,2023-07-26 05:09:53,58.5,,ida,14 - SANTA EUGÊNIA X SALVADOR ALLENDE (EXPRESSO) [IDA],1140.3,107.0
B55,,14,-23.012242,-43.458359,2023-07-26 05:10:05,7.4,,ida,14 - SANTA EUGÊNIA X SALVADOR ALLENDE (EXPRESSO) [IDA],1152.3,35.0
B53,,14,-22.916707,-43.633065,2023-07-26 05:10:07,0.0,,ida,14 - SANTA EUGÊNIA X SALVADOR ALLENDE (EXPRESSO) [IDA],1195.9,287.0
B51,,14,-23.013106,-43.462585,2023-07-26 05:10:00,43.2,,volta,14 - SALVADOR ALLENDE x SANTA EUGÊNIA (EXPRESSO) [VOLTA],1231.4,255.0
901077,,52,-22.91613,-43.397554,2023-07-26 05:09:55,46.1,,ida,52 - SENTIDO ALVORADA (PARADOR) [IDA],26514.8,321.0
902119,,35,-22.929301,-43.373435,2023-07-26 05:10:01,0.0,,volta,35 - ALVORADA  X  MADUREIRA (PARADOR) [VOLTA],7690.2,353.0
901058,,51,-22.947659,-43.391966,2023-07-26 05:10:05,0.0,,volta,51 - SENTIDO V. MILITAR (PARADOR) [VOLTA],44194.9,305.0
903027,,50,-22.972448,-43.401065,2023-07-26 05:09:59,0.0,,ida,50 - SENTIDO JD. OCEANICO (PARADOR) [IDA],49611.5,
901066,,52,-22.973146,-43.383866,2023-07-26 05:10:01,28.7,,volta,52 - SENTIDO V. MILITAR (PARADOR) [VOLTA],50009.1,272.0
903026,,50,-23.000185,-43.346299,2023-07-26 05:10:03,4.0,,ida,50 - SENTIDO JD. OCEANICO (PARADOR) [IDA],48957.8,92.0
903029,,50,-22.972112,-43.401169,2023-07-26 05:10:02,0.0,,ida,50 - SENTIDO JD. OCEANICO (PARADOR) [IDA],33512.4,176.0
902116,,35,-23.001029,-43.367744,2023-07-26 05:10:02,0.0,,volta,35 - ALVORADA  X  MADUREIRA (PARADOR) [VOLTA],11178.3,
902115,,35,-22.989177,-43.365757,2023-07-26 05:09:54,32.7,,volta,35 - ALVORADA  X  MADUREIRA (PARADOR) [VOLTA],14863.6,2.0
901061,,51,-22.895042,-43.399534,2023-07-26 05:09:58,51.3,,volta,51 - SENTIDO V. MILITAR (PARADOR) [VOLTA],43307.2,350.0
903030,,50,-22.95972,-43.38822,2023-07-26 05:10:07,43.4,,ida,50 - SENTIDO JD. OCEANICO (PARADOR) [IDA],40965.1,258.0
901073,,51,-22.876223,-43.405132,2023-07-26 05:09:59,8.9,,ida,51 - SENTIDO RECREIO (PARADOR) [IDA],41852.6,144.0
901048,,51,-22.966498,-43.396856,2023-07-26 05:09:52,41.3,,ida,51 - SENTIDO RECREIO (PARADOR) [IDA],26343.4,215.0
901065,,52,-22.857893,-43.39226,2023-07-26 04:43:54,9.2,,ida,52 - SENTIDO ALVORADA (PARADOR) [IDA],35397.2,237.0
903031,,38,-22.876599,-43.329767,2023-07-26 05:09:54,0.0,,ida,38 - FUNDÃO X ALVORADA (PARADOR) [IDA],40603.1,87.0
903032,,42,-22.852282,-43.312232,2023-07-26 05:10:10,0.0,,volta,42 - MADUREIRA MANANCEIA X GALEAO (PARADOR) [VOLTA],42710.7,63.0
901075,,0,-22.861585,-43.399411,2023-07-26 05:09:57,0.0,,,,49005.8,
903055,,17,-22.917968,-43.683096,2023-07-26 05:10:01,0.0,,ida,17 - SANTA CRUZ X CAMPO GRANDE (PARADOR) [IDA],18909.5,340.0
903037,,17,-22.930834,-43.673421,2023-07-26 05:07:08,6.9,,ida,17 - SANTA CRUZ X CAMPO GRANDE (PARADOR) [IDA],20705.1,106.0
903002,,42,-22.877914,-43.336431,2023-07-26 05:09:55,0.0,,volta,42 - MADUREIRA MANANCEIA X GALEAO (PARADOR) [VOLTA],6973.4,29.0
901080,,53,-22.899161,-43.397733,2023-07-26 05:09:28,57.7,,ida,53 - SENTIDO ALVORADA (EXPRESSO) [IDA],31276.3,170.0
902110,,35,-22.970933,-43.388534,2023-07-26 05:10:11,2.1,,volta,35 - ALVORADA  X  MADUREIRA (PARADOR) [VOLTA],8835.5,304.0
902114,,35,-22.892766,-43.348462,2023-07-26 05:10:03,0.0,,volta,35 - ALVORADA  X  MADUREIRA (PARADOR) [VOLTA],8976.0,30.0
903054,,17,-22.920556,-43.643671,2023-07-26 05:10:00,0.0,,volta,17 - CAMPO GRANDE  X SANTA CRUZ (PARADOR) [VOLTA],17672.5,148.0
903021,,42,-22.842012,-43.273762,2023-07-26 05:10:08,43.1,,ida,42 - GALEÃO X MADUREIRA MANANCEIA (PARADOR) [IDA],34626.5,288.0
903056,,17,-22.917323,-43.683492,2023-07-26 05:09:59,9.3,,ida,17 - SANTA CRUZ X CAMPO GRANDE (PARADOR) [IDA],14655.6,337.0
903000,,50,-23.000245,-43.342236,2023-07-26 05:10:03,0.2,,volta,50 - SENTIDO T. OLIMPICO (PARADOR) [VOLTA],31887.8,264.0
903058,,17,-22.934769,-43.665427,2023-07-26 05:09:54,1.7,,volta,17 - CAMPO GRANDE  X SANTA CRUZ (PARADOR) [VOLTA],9170.6,195.0
901072,,52,-22.94792,-43.391574,2023-07-26 05:09:58,0.0,,ida,52 - SENTIDO ALVORADA (PARADOR) [IDA],38627.9,86.0
902045,,31,-22.85229,-43.312458,2023-07-26 05:09:59,0.0,,ida,31 - VICENTE DE CARVALHO X ALVORADA (SEMIDIRETO) [IDA],6827.7,
903007,,50,-23.001075,-43.366913,2023-07-26 05:10:09,41.1,,volta,50 - SENTIDO T. OLIMPICO (PARADOR) [VOLTA],41361.3,268.0
903004,,42,-22.83781,-43.288667,2023-07-26 05:09:51,36.5,,ida,42 - GALEÃO X MADUREIRA MANANCEIA (PARADOR) [IDA],39201.9,276.0
903006,,50,-22.85113,-43.310312,2023-07-26 05:09:59,44.6,,ida,50 - SENTIDO JD. OCEANICO (PARADOR) [IDA],46386.4,66.0
903005,,42,-22.839954,-43.239369,2023-07-26 05:10:00,0.0,,ida,42 - GALEÃO X MADUREIRA MANANCEIA (PARADOR) [IDA],38822.7,139.0
903022,,50,-22.973331,-43.375946,2023-07-26 05:10:02,0.0,,volta,50 - SENTIDO T. OLIMPICO (PARADOR) [VOLTA],37739.5,273.0
903035,,17,-22.918368,-43.682787,2023-07-26 05:10:02,0.0,,ida,17 - SANTA CRUZ X CAMPO GRANDE (PARADOR) [IDA],19570.8,324.0
901059,,51,-22.976317,-43.405894,2023-07-26 05:09:55,35.1,,volta,51 - SENTIDO V. MILITAR (PARADOR) [VOLTA],48358.9,32.0
903003,,42,-22.865714,-43.334295,2023-07-26 05:10:06,22.9,,volta,42 - MADUREIRA MANANCEIA X GALEAO (PARADOR) [VOLTA],41709.3,17.0
901020,,22,-23.000719,-43.365294,2023-07-26 05:09:57,0.0,,ida,22 - ALVORADA X J. OCEÂNICO (PARADOR) [IDA],25521.6,88.0
901024,,22,-23.000982,-43.364673,2023-07-26 05:06:19,0.0,,ida,22 - ALVORADA X J. OCEÂNICO (PARADOR) [IDA],20662.8,257.0
901025,,51,-22.864267,-43.405241,2023-07-26 05:09:56,59.1,,ida,51 - SENTIDO RECREIO (PARADOR) [IDA],40715.9,248.0
901027,,41,-22.861729,-43.399871,2023-07-26 05:09:51,17.7,,volta,41 - TERMINAL RECREIO X PAULO DA PORTELA (EXPRESSO) [VOLTA],25986.5,61.0
901028,,40,-22.922467,-43.372434,2023-07-26 05:10:11,41.6,,ida,40 - PAULO DA PORTELA X ALVORADA (EXPRESSO) [IDA],23780.7,239.0
901030,,40,-22.87859,-43.336294,2023-07-26 05:10:01,0.0,,ida,40 - PAULO DA PORTELA X ALVORADA (EXPRESSO) [IDA],21836.3,358.0
901032,,40,-22.878355,-43.336298,2023-07-26 05:09:58,0.0,,ida,40 - PAULO DA PORTELA X ALVORADA (EXPRESSO) [IDA],25296.1,1.0
901034,,0,-22.928828,-43.373431,2023-07-26 05:10:04,19.7,,,,27518.8,356.0
901036,,52,-22.960124,-43.389583,2023-07-26 05:10:05,29.7,,ida,52 - SENTIDO ALVORADA (PARADOR) [IDA],22806.8,51.0
901039,,35,-22.964948,-43.391564,2023-07-26 04:09:31,0.0,,ida,35 - MADUREIRA X ALVORADA (PARADOR) [IDA],24670.8,
901040,,41,-22.964396,-43.391666,2023-07-26 05:10:00,0.0,,volta,41 - TERMINAL RECREIO X PAULO DA PORTELA (EXPRESSO) [VOLTA],29561.8,
901041,,22,-22.965709,-43.391262,2023-07-26 05:10:06,0.0,,ida,22 - ALVORADA X J. OCEÂNICO (PARADOR) [IDA],26160.4,
903009,,42,-22.85397,-43.249166,2023-07-26 05:10:08,39.9,,ida,42 - GALEÃO X MADUREIRA MANANCEIA (PARADOR) [IDA],47191.5,243.0
903010,,42,-22.838888,-43.241442,2023-07-26 05:09:56,0.0,,ida,42 - GALEÃO X MADUREIRA MANANCEIA (PARADOR) [IDA],43702.1,143.0
903011,,42,-22.842097,-43.277242,2023-07-26 05:09:59,33.6,,volta,42 - MADUREIRA MANANCEIA X GALEAO (PARADOR) [VOLTA],45339.4,72.0
903012,,42,-22.86342,-43.332543,2023-07-26 05:09:53,61.6,,ida,42 - GALEÃO X MADUREIRA MANANCEIA (PARADOR) [IDA],47957.7,231.0
903015,,42,-22.820547,-43.234459,2023-07-26 05:09:56,58.7,,ida,42 - GALEÃO X MADUREIRA MANANCEIA (PARADOR) [IDA],47874.0,127.0
903016,,42,-22.854853,-43.253483,2023-07-26 05:10:05,0.0,,volta,42 - MADUREIRA MANANCEIA X GALEAO (PARADOR) [VOLTA],42534.3,124.0
903017,,50,-22.994084,-43.365926,2023-07-26 05:10:07,38.2,,ida,50 - SENTIDO JD. OCEANICO (PARADOR) [IDA],44909.2,172.0
903020,,50,-22.973272,-43.394177,2023-07-26 05:10:10,46.6,,ida,50 - SENTIDO JD. OCEANICO (PARADOR) [IDA],43842.9,90.0
903024,,38,-22.876829,-43.329887,2023-07-26 05:10:04,0.0,,ida,38 - FUNDÃO X ALVORADA (PARADOR) [IDA],38022.8,
903025,,50,-23.006533,-43.313616,2023-07-26 05:10:02,0.0,,volta,50 - SENTIDO T. OLIMPICO (PARADOR) [VOLTA],39460.3,189.0
903014,,38,-22.898747,-43.353042,2023-07-26 05:10:10,42.9,,ida,38 - FUNDÃO X ALVORADA (PARADOR) [IDA],51727.7,211.0
901060,,51,-23.008521,-43.439957,2023-07-26 05:09:55,12.0,,volta,51 - SENTIDO V. MILITAR (PARADOR) [VOLTA],24784.0,72.0
903052,,17,-22.911993,-43.592304,2023-07-26 05:10:05,55.0,,ida,17 - SANTA CRUZ X CAMPO GRANDE (PARADOR) [IDA],21799.3,70.0
903063,,17,-22.920249,-43.608152,2023-07-26 05:10:07,0.0,,ida,17 - SANTA CRUZ X CAMPO GRANDE (PARADOR) [IDA],21497.7,135.0
902113,,31,-22.852356,-43.312487,2023-07-26 05:10:06,20.2,,ida,31 - VICENTE DE CARVALHO X ALVORADA (SEMIDIRETO) [IDA],8853.8,231.0
902118,,31,-22.876437,-43.329607,2023-07-26 05:09:58,0.0,,ida,31 - VICENTE DE CARVALHO X ALVORADA (SEMIDIRETO) [IDA],7640.6,
902117,,31,-22.854301,-43.322518,2023-07-26 05:09:57,58.5,,ida,31 - VICENTE DE CARVALHO X ALVORADA (SEMIDIRETO) [IDA],10242.0,237.0
901044,,40,-22.888714,-43.346197,2023-07-26 05:09:59,48.9,,ida,40 - PAULO DA PORTELA X ALVORADA (EXPRESSO) [IDA],29596.7,209.0
903033,,42,-22.853701,-43.248638,2023-07-26 05:10:05,32.9,,ida,42 - GALEÃO X MADUREIRA MANANCEIA (PARADOR) [IDA],36569.2,246.0
902022,,46,-22.841304,-43.276228,2023-07-26 05:09:56,0.0,,ida,46 - PENHA X ALVORADA (EXPRESSO) [IDA],30782.4,
901093,,22,-22.862193,-43.400559,2023-07-26 05:10:03,28.6,,ida,,27799.3,58.0
902059,,43,-22.940578,-43.372487,2023-07-26 05:10:09,0.0,,volta,43 - SANTA EFIGENIA X FUNDÃO (EXPRESSO) [VOLTA],35713.0,
902056,,46,-22.837782,-43.290894,2023-07-26 05:10:04,0.0,,volta,46 - ALVORADA X PENHA (EXPRESSO) [VOLTA],34643.3,79.0
901091,,51,-22.888743,-43.40094,2023-07-26 05:10:00,54.3,,ida,51 - SENTIDO RECREIO (PARADOR) [IDA],31124.3,175.0
901086,,53,-22.964525,-43.392197,2023-07-26 05:10:06,0.0,,ida,53 - SENTIDO ALVORADA (EXPRESSO) [IDA],48370.3,
902032,,46,-23.000933,-43.367638,2023-07-26 05:10:04,0.0,,volta,46 - ALVORADA X PENHA (EXPRESSO) [VOLTA],36295.6,
901094,,0,-22.965524,-43.390606,2023-07-26 05:09:55,12.7,,,,32745.1,74.0
902027,,43,-22.902569,-43.355627,2023-07-26 05:10:10,45.1,,ida,43 - FUNDÃO X SANTA EFIGENIA (EXPRESSO) [IDA],32875.5,211.0
902028,,46,-22.893269,-43.348774,2023-07-26 05:09:53,40.0,,volta,46 - ALVORADA X PENHA (EXPRESSO) [VOLTA],37593.0,33.0
902018,,40,-22.877655,-43.336762,2023-07-26 05:10:00,0.0,,ida,40 - PAULO DA PORTELA X ALVORADA (EXPRESSO) [IDA],23639.1,
902046,,46,-22.85363,-43.32131,2023-07-26 05:10:00,51.5,,ida,46 - PENHA X ALVORADA (EXPRESSO) [IDA],33372.6,240.0
12715,,10,-22.94041,-43.665427,2023-07-26 05:10:04,2.6,,volta,10 - ALVORADA X SANTA CRUZ (EXPRESSO) [VOLTA],42384.6,222.0
902010,,40,-22.965072,-43.392133,2023-07-26 05:10:00,0.0,,ida,40 - PAULO DA PORTELA X ALVORADA (EXPRESSO) [IDA],10957.6,
901062,,51,-23.00072,-43.430589,2023-07-26 05:10:03,30.3,,ida,51 - SENTIDO RECREIO (PARADOR) [IDA],46935.5,223.0
E902000,,41,-22.854627,-43.251413,2023-07-26 05:10:05,0.0,,volta,41 - TERMINAL RECREIO X PAULO DA PORTELA (EXPRESSO) [VOLTA],10383.7,
901067,,52,-23.001359,-43.366856,2023-07-26 05:10:08,0.0,,volta,52 - SENTIDO V. MILITAR (PARADOR) [VOLTA],41768.2,86.0
E902004,,41,-22.854785,-43.252012,2023-07-26 05:10:00,0.0,,volta,41 - TERMINAL RECREIO X PAULO DA PORTELA (EXPRESSO) [VOLTA],13269.1,
12713,,18,-23.009926,-43.448601,2023-07-26 05:09:50,58.7,,ida,18 - RECREIO SHOPPING X JARDIM OCEÂNICO (EXPRESSO) [IDA],35254.3,75.0
902062,,46,-22.852549,-43.31831,2023-07-26 05:10:03,44.0,,volta,46 - ALVORADA X PENHA (EXPRESSO) [VOLTA],33291.3,87.0
902048,,46,-22.973279,-43.376555,2023-07-26 05:09:42,43.6,,volta,46 - ALVORADA X PENHA (EXPRESSO) [VOLTA],23964.3,271.0
902058,,46,-22.854174,-43.251917,2023-07-26 05:09:54,0.0,,ida,46 - PENHA X ALVORADA (EXPRESSO) [IDA],34575.2,
901068,,51,-23.007871,-43.43864,2023-07-26 05:10:11,20.7,,volta,51 - SENTIDO V. MILITAR (PARADOR) [VOLTA],50821.4,19.0
902003,,41,-22.839334,-43.239903,2023-07-26 05:09:57,0.0,,volta,41 - TERMINAL RECREIO X PAULO DA PORTELA (EXPRESSO) [VOLTA],17397.0,
902102,,35,-22.878517,-43.336287,2023-07-26 05:10:01,0.0,,ida,35 - MADUREIRA X ALVORADA (PARADOR) [IDA],12380.5,
902066,,46,-22.854315,-43.251954,2023-07-26 05:09:51,0.0,,ida,46 - PENHA X ALVORADA (EXPRESSO) [IDA],31314.0,
902052,,46,-23.001325,-43.364876,2023-07-26 05:10:02,0.0,,volta,46 - ALVORADA X PENHA (EXPRESSO) [VOLTA],35617.1,
902050,,43,-22.905048,-43.357223,2023-07-26 05:09:57,40.2,,volta,43 - SANTA EFIGENIA X FUNDÃO (EXPRESSO) [VOLTA],31267.1,30.0
12716,,20,-22.916724,-43.68361,2023-07-26 05:10:03,0.0,,ida,20 - SANTA CRUZ X SALVADOR ALLENDE (EXPRESSO) [IDA],45562.5,
902060,,41,-22.847037,-43.24363,2023-07-26 05:09:57,36.3,,volta,41 - TERMINAL RECREIO X PAULO DA PORTELA (EXPRESSO) [VOLTA],30131.6,72.0
902008,,46,-22.936346,-43.371602,2023-07-26 05:10:03,0.0,,ida,46 - PENHA X ALVORADA (EXPRESSO) [IDA],10529.6,20.0
902047,,46,-22.84788,-43.265995,2023-07-26 05:09:56,44.7,,ida,46 - PENHA X ALVORADA (EXPRESSO) [IDA],23964.4,322.0
902051,,46,-22.879961,-43.341793,2023-07-26 05:09:59,41.4,,ida,46 - PENHA X ALVORADA (EXPRESSO) [IDA],32996.199,185.0
902067,,46,-22.946949,-43.371995,2023-07-26 05:09:59,58.3,,ida,46 - PENHA X ALVORADA (EXPRESSO) [IDA],34095.0,192.0
901088,,31,-22.96447,-43.391861,2023-07-26 05:09:57,0.0,,ida,31 - VICENTE DE CARVALHO X ALVORADA (SEMIDIRETO) [IDA],41618.1,
901098,,51,-22.861287,-43.399125,2023-07-26 05:10:01,4.6,,ida,51 - SENTIDO RECREIO (PARADOR) [IDA],27295.0,241.0
901055,,51,-22.861776,-43.400042,2023-07-26 05:09:51,0.0,,ida,51 - SENTIDO RECREIO (PARADOR) [IDA],46658.4,
902054,,46,-22.854603,-43.251787,2023-07-26 05:10:00,7.1,,ida,46 - PENHA X ALVORADA (EXPRESSO) [IDA],35704.7,79.0
901079,,53,-22.963085,-43.393727,2023-07-26 05:10:02,59.7,,ida,53 - SENTIDO ALVORADA (EXPRESSO) [IDA],44059.0,221.0
901084,,53,-22.965752,-43.396003,2023-07-26 05:09:57,59.8,,ida,53 - SENTIDO ALVORADA (EXPRESSO) [IDA],52301.7,39.0
901070,,52,-22.972658,-43.401161,2023-07-26 05:10:10,17.5,,ida,52 - SENTIDO ALVORADA (PARADOR) [IDA],40491.9,175.0
902080,,46,-22.915916,-43.3616,2023-07-26 05:10:05,29.7,,ida,46 - PENHA X ALVORADA (EXPRESSO) [IDA],34355.2,206.0
901081,,53,-22.884457,-43.399346,2023-07-26 05:09:51,0.0,,ida,53 - SENTIDO ALVORADA (EXPRESSO) [IDA],41801.0,12.0
902065,,43,-22.847884,-43.265953,2023-07-26 05:10:02,41.3,,ida,43 - FUNDÃO X SANTA EFIGENIA (EXPRESSO) [IDA],35363.2,321.0
901069,,52,-22.991376,-43.365945,2023-07-26 05:10:03,53.0,,ida,52 - SENTIDO ALVORADA (PARADOR) [IDA],37741.8,180.0
901074,,52,-22.861592,-43.399699,2023-07-26 05:09:59,0.0,,ida,52 - SENTIDO ALVORADA (PARADOR) [IDA],39513.8,240.0
902030,,31,-22.888907,-43.346298,2023-07-26 05:09:57,50.2,,ida,31 - VICENTE DE CARVALHO X ALVORADA (SEMIDIRETO) [IDA],11299.8,203.0
902071,,46,-23.00101,-43.367998,2023-07-26 05:10:00,0.0,,volta,46 - ALVORADA X PENHA (EXPRESSO) [VOLTA],35937.8,
902072,,43,-22.854774,-43.251908,2023-07-26 05:10:04,0.0,,volta,43 - SANTA EFIGENIA X FUNDÃO (EXPRESSO) [VOLTA],32687.8,
902064,,43,-22.875773,-43.335171,2023-07-26 05:10:09,38.9,,ida,43 - FUNDÃO X SANTA EFIGENIA (EXPRESSO) [IDA],0.0,196.0
902070,,46,-22.973387,-43.371701,2023-07-26 05:09:54,1.9,,ida,46 - PENHA X ALVORADA (EXPRESSO) [IDA],36294.5,93.0
901087,,53,-22.965386,-43.39161,2023-07-26 05:09:59,0.0,,ida,53 - SENTIDO ALVORADA (EXPRESSO) [IDA],47525.3,
902085,,46,-22.854537,-43.251701,2023-07-26 05:09:59,0.0,,ida,46 - PENHA X ALVORADA (EXPRESSO) [IDA],34050.9,
E902001,,41,-22.842215,-43.273036,2023-07-26 05:10:05,25.1,,volta,41 - TERMINAL RECREIO X PAULO DA PORTELA (EXPRESSO) [VOLTA],20873.0,288.0
E902006,,40,-22.878402,-43.336288,2023-07-26 05:09:55,0.0,,ida,40 - PAULO DA PORTELA X ALVORADA (EXPRESSO) [IDA],19305.3,
E902011,,40,-22.887763,-43.34537,2023-07-26 05:09:56,42.0,,ida,40 - PAULO DA PORTELA X ALVORADA (EXPRESSO) [IDA],8601.2,34.0
902002,,41,-22.85449,-43.322823,2023-07-26 05:10:08,52.6,,volta,41 - TERMINAL RECREIO X PAULO DA PORTELA (EXPRESSO) [VOLTA],19832.0,233.0
901095,,51,-22.965288,-43.391502,2023-07-26 05:10:07,0.0,,volta,51 - SENTIDO V. MILITAR (PARADOR) [VOLTA],35035.8,337.0
902069,,41,-22.919101,-43.36634,2023-07-26 05:10:04,49.9,,ida,41 - PAULO DA PORTELA X TERMINAL RECREIO (EXPRESSO) [IDA],32585.4,239.0
902094,,35,-22.904537,-43.356869,2023-07-26 05:09:55,1.4,,volta,35 - ALVORADA  X  MADUREIRA (PARADOR) [VOLTA],9090.3,38.0
902075,,31,-22.876667,-43.329723,2023-07-26 05:10:00,8.8,,ida,31 - VICENTE DE CARVALHO X ALVORADA (SEMIDIRETO) [IDA],14095.4,124.0
902082,,35,-22.948458,-43.372513,2023-07-26 05:10:02,0.0,,ida,35 - MADUREIRA X ALVORADA (PARADOR) [IDA],10870.8,191.0
903062,,17,-22.916688,-43.632219,2023-07-26 05:09:57,0.0,,ida,17 - SANTA CRUZ X CAMPO GRANDE (PARADOR) [IDA],20189.5,75.0
902089,,35,-23.000913,-43.367243,2023-07-26 05:09:56,0.0,,volta,35 - ALVORADA  X  MADUREIRA (PARADOR) [VOLTA],9774.7,
903041,,50,-22.876515,-43.329481,2023-07-26 05:10:10,0.0,,ida,50 - SENTIDO JD. OCEANICO (PARADOR) [IDA],27433.7,
903051,,50,-22.971965,-43.401204,2023-07-26 05:10:01,0.0,,ida,50 - SENTIDO JD. OCEANICO (PARADOR) [IDA],31059.3,113.0
902055,,46,-22.83954,-43.296263,2023-07-26 05:09:56,28.6,,ida,46 - PENHA X ALVORADA (EXPRESSO) [IDA],17.0,229.0
903036,,17,-22.916522,-43.607147,2023-07-26 05:09:57,0.0,,ida,17 - SANTA CRUZ X CAMPO GRANDE (PARADOR) [IDA],156820.3,4.0
902043,,46,-22.877958,-43.336271,2023-07-26 05:09:54,0.0,,ida,46 - PENHA X ALVORADA (EXPRESSO) [IDA],29100.6,
902036,,41,-22.882361,-43.341994,2023-07-26 05:09:54,0.0,,ida,41 - PAULO DA PORTELA X TERMINAL RECREIO (EXPRESSO) [IDA],32319.3,187.0
903039,,17,-22.916464,-43.620689,2023-07-26 05:09:07,18.8,,ida,17 - SANTA CRUZ X CAMPO GRANDE (PARADOR) [IDA],18369.0,89.0
903047,,42,-22.876828,-43.329632,2023-07-26 05:10:05,0.0,,ida,42 - GALEÃO X MADUREIRA MANANCEIA (PARADOR) [IDA],23082.2,72.0
902074,,31,-22.856731,-43.328951,2023-07-26 05:10:01,31.2,,ida,31 - VICENTE DE CARVALHO X ALVORADA (SEMIDIRETO) [IDA],9769.3,58.0
902044,,43,-22.838251,-43.293201,2023-07-26 05:10:09,59.3,,ida,43 - FUNDÃO X SANTA EFIGENIA (EXPRESSO) [IDA],31229.1,259.0
902038,,46,-22.854461,-43.251368,2023-07-26 05:09:56,0.0,,ida,46 - PENHA X ALVORADA (EXPRESSO) [IDA],7575.2,
903064,,50,-22.972339,-43.401092,2023-07-26 05:10:11,0.0,,ida,50 - SENTIDO JD. OCEANICO (PARADOR) [IDA],22136.7,175.0
903069,,17,-22.918117,-43.683075,2023-07-26 05:09:57,0.0,,ida,17 - SANTA CRUZ X CAMPO GRANDE (PARADOR) [IDA],22413.1,330.0
902042,,46,-22.941425,-43.372511,2023-07-26 05:10:06,47.5,,volta,46 - ALVORADA X PENHA (EXPRESSO) [VOLTA],31924.2,347.0
902040,,46,-22.910783,-43.360164,2023-07-26 05:09:52,55.3,,volta,46 - ALVORADA X PENHA (EXPRESSO) [VOLTA],34112.4,17.0
903038,,17,-22.915574,-43.616558,2023-07-26 05:09:56,22.4,,volta,17 - CAMPO GRANDE  X SANTA CRUZ (PARADOR) [VOLTA],26543.3,282.0
903053,,17,-22.903294,-43.556602,2023-07-26 04:52:53,18.8,,ida,17 - SANTA CRUZ X CAMPO GRANDE (PARADOR) [IDA],21458.4,6.0
902076,,46,-22.85482,-43.252054,2023-07-26 05:09:54,0.0,,ida,46 - PENHA X ALVORADA (EXPRESSO) [IDA],27510.5,
902096,,35,-23.001391,-43.367336,2023-07-26 05:09:53,15.7,,volta,35 - ALVORADA  X  MADUREIRA (PARADOR) [VOLTA],14221.6,90.0
902084,,31,-22.876879,-43.329799,2023-07-26 05:10:03,0.0,,ida,31 - VICENTE DE CARVALHO X ALVORADA (SEMIDIRETO) [IDA],11709.4,
902100,,35,-22.878522,-43.336347,2023-07-26 05:10:08,0.0,,ida,35 - MADUREIRA X ALVORADA (PARADOR) [IDA],13435.3,
903059,,17,-22.926543,-43.65116,2023-07-26 05:10:04,54.9,,ida,17 - SANTA CRUZ X CAMPO GRANDE (PARADOR) [IDA],18745.8,253.0
902079,,46,-22.841415,-43.275745,2023-07-26 05:10:00,0.0,,ida,46 - PENHA X ALVORADA (EXPRESSO) [IDA],30822.0,
903066,,17,-22.918012,-43.684115,2023-07-26 05:10:06,11.4,,ida,17 - SANTA CRUZ X CAMPO GRANDE (PARADOR) [IDA],24875.6,82.0
902099,,35,-22.878638,-43.341127,2023-07-26 05:10:01,43.2,,ida,35 - MADUREIRA X ALVORADA (PARADOR) [IDA],11541.8,210.0
902091,,35,-22.964797,-43.390428,2023-07-26 05:10:02,59.9,,ida,35 - MADUREIRA X ALVORADA (PARADOR) [IDA],14051.2,181.0
901099,,51,-22.93182,-43.395262,2023-07-26 05:10:04,49.9,,ida,51 - SENTIDO RECREIO (PARADOR) [IDA],29487.2,191.0
903046,,42,-22.878038,-43.336497,2023-07-26 05:10:10,0.0,,volta,42 - MADUREIRA MANANCEIA X GALEAO (PARADOR) [VOLTA],29786.2,30.0
903061,,17,-22.907828,-43.577104,2023-07-26 05:09:54,15.8,,ida,17 - SANTA CRUZ X CAMPO GRANDE (PARADOR) [IDA],21485.3,74.0
903070,,17,-22.918853,-43.607068,2023-07-26 05:10:01,18.6,,ida,17 - SANTA CRUZ X CAMPO GRANDE (PARADOR) [IDA],9256.1,11.0
44706,LRG8855,20,-22.918836,-43.682519,2023-07-26 05:09:56,0.0,,ida,20 - SANTA CRUZ X SALVADOR ALLENDE (EXPRESSO) [IDA],21875.2,
903065,,17,-22.90743,-43.575533,2023-07-26 05:08:41,32.8,,volta,17 - CAMPO GRANDE  X SANTA CRUZ (PARADOR) [VOLTA],16963.3,254.0
901008,,22,-23.000173,-43.366389,2023-07-26 05:11:11,24.7,,ida,22 - ALVORADA X J. OCEÂNICO (PARADOR) [IDA],22783.6,93.0
901011,RIV8A74,22,-23.000935,-43.364445,2023-07-26 05:11:18,11.6,,ida,22 - ALVORADA X J. OCEÂNICO (PARADOR) [IDA],23500.0,266.0
901007,,22,-23.000204,-43.346295,2023-07-26 05:11:09,0.0,,ida,22 - ALVORADA X J. OCEÂNICO (PARADOR) [IDA],21820.5,92.0
901009,,22,-23.000907,-43.36614,2023-07-26 05:11:18,0.0,,volta,,20865.0,264.0
901010,RJM8G30,22,-23.000948,-43.365659,2023-07-26 05:11:27,0.0,,ida,22 - ALVORADA X J. OCEÂNICO (PARADOR) [IDA],22869.6,260.0
901017,,22,-23.000725,-43.366034,2023-07-26 05:11:25,0.0,,ida,22 - ALVORADA X J. OCEÂNICO (PARADOR) [IDA],25122.4,
901006,RJA9F56,22,-23.003343,-43.324003,2023-07-26 05:11:24,25.3,,ida,22 - ALVORADA X J. OCEÂNICO (PARADOR) [IDA],19382.4,102.0
901005,RJB8E53,22,-23.006566,-43.312902,2023-07-26 05:11:26,0.0,,volta,22 - J. OCEÂNICO X ALVORADA (PARADOR) [VOLTA],21643.3,268.0
901004,RJQ8J80,22,-23.006491,-43.314325,2023-07-26 05:11:23,36.4,,volta,22 - J. OCEÂNICO X ALVORADA (PARADOR) [VOLTA],21432.8,271.0
30504,,25,-23.002336,-43.42273,2023-07-26 05:11:26,59.6,,volta,25 - ALVORADA X MATO ALTO (PARADOR) [VOLTA],53631.8,251.0
30533,KWO8120,13,-22.92071,-43.607862,2023-07-26 05:11:13,0.0,,ida,13 - MATO ALTO X ALVORADA (EXPRESSO) [IDA],52594.6,70.0
30538,KXE7719,20,-22.971831,-43.614318,2023-07-26 05:11:09,58.4,,volta,20 - SALVADOR ALLENDE X SANTA CRUZ (EXPRESSO) [VOLTA],55895.9,315.0
50309,KPN6B05,13,-23.000298,-43.396934,2023-07-26 05:11:09,60.2,,ida,13 - MATO ALTO X ALVORADA (EXPRESSO) [IDA],20088.4,91.0
30532,KYL8599,13,-23.019559,-43.486501,2023-07-26 05:11:15,35.5,,ida,13 - MATO ALTO X ALVORADA (EXPRESSO) [IDA],41764.6,84.0
13423,LSI5976,25,-23.015557,-43.519602,2023-07-26 05:11:11,60.0,,volta,25 - ALVORADA X MATO ALTO (PARADOR) [VOLTA],41117.6,278.0
30519,LRE9804,11,-22.920074,-43.608092,2023-07-26 05:11:20,0.0,,ida,11 - SANTA CRUZ X ALVORADA (PARADOR) [IDA],51494.8,
90005,KWK6A89,20,-22.918956,-43.682348,2023-07-26 05:11:14,0.0,,ida,20 - SANTA CRUZ X SALVADOR ALLENDE (EXPRESSO) [IDA],49835.5,253.0
86875,KQB4103,12,-22.91668,-43.632389,2023-07-26 05:11:08,0.0,,ida,12 - PINGO D'AGUA X ALVORADA (EXPRESSO) [IDA],13015.3,257.0
30518,KYL8597,25,-23.00104,-43.366192,2023-07-26 05:11:25,24.4,,volta,25 - ALVORADA X MATO ALTO (PARADOR) [VOLTA],37110.9,268.0
902090,,35,-22.920889,-43.369676,2023-07-26 05:11:09,38.2,,ida,35 - MADUREIRA X ALVORADA (PARADOR) [IDA],15081.1,239.0
47029,LSQ5267,20,-22.916964,-43.683549,2023-07-26 05:11:18,0.0,,ida,20 - SANTA CRUZ X SALVADOR ALLENDE (EXPRESSO) [IDA],56965.0,333.0
47012,KPZ8364,20,-22.923737,-43.679305,2023-07-26 05:11:18,31.8,,ida,20 - SANTA CRUZ X SALVADOR ALLENDE (EXPRESSO) [IDA],54991.9,174.0
86885,LTB5540,14,-22.915578,-43.616221,2023-07-26 05:11:08,8.0,,ida,14 - SANTA EUGÊNIA X SALVADOR ALLENDE (EXPRESSO) [IDA],514715.7,279.0
12738,KRR2404,25,-22.993107,-43.597351,2023-07-26 05:11:23,0.0,,ida,25 - MATO ALTO X ALVORADA (PARADOR) [IDA],37392.2,
86886,LTB5541,14,-22.933108,-43.66102,2023-07-26 05:11:28,43.3,,ida,14 - SANTA EUGÊNIA X SALVADOR ALLENDE (EXPRESSO) [IDA],13090.5,251.0
13428,KXE7712,11,-22.920225,-43.608198,2023-07-26 05:11:21,0.0,,ida,11 - SANTA CRUZ X ALVORADA (PARADOR) [IDA],57799.2,174.0
47006,KWZ8630,18,-23.0191,-43.505074,2023-07-26 05:11:24,0.0,,ida,18 - RECREIO SHOPPING X JARDIM OCEÂNICO (EXPRESSO) [IDA],50888.5,
47007,LSP6018,18,-22.920628,-43.607735,2023-07-26 05:11:21,0.0,,ida,18 - RECREIO SHOPPING X JARDIM OCEÂNICO (EXPRESSO) [IDA],42179.7,158.0
13413,KWI9711,12,-22.993041,-43.597964,2023-07-26 05:11:09,0.0,,ida,12 - PINGO D'AGUA X ALVORADA (EXPRESSO) [IDA],43512.1,132.0
90001,KPZ5E15,19,-22.966278,-43.644916,2023-07-26 05:04:05,0.0,,ida,19 - PINGO D'AGUA X SALVADOR ALLENDE (EXPRESSO) [IDA],44132.6,105.0
901057,,52,-22.945384,-43.394112,2023-07-26 05:11:16,59.7,,volta,52 - SENTIDO V. MILITAR (PARADOR) [VOLTA],51066.9,345.0
901003,RKM8C54,22,-23.000168,-43.343667,2023-07-26 05:11:28,49.3,,volta,22 - J. OCEÂNICO X ALVORADA (PARADOR) [VOLTA],22829.5,271.0
86874,KQB4102,20,-22.918874,-43.607518,2023-07-26 05:11:14,0.0,,ida,20 - SANTA CRUZ X SALVADOR ALLENDE (EXPRESSO) [IDA],512858.4,98.0
86879,LTN5696,18,-22.992855,-43.598159,2023-07-26 05:11:07,0.0,,ida,18 - RECREIO SHOPPING X JARDIM OCEÂNICO (EXPRESSO) [IDA],1812.9,
47011,LRH8889,0,-22.920625,-43.607906,2023-07-26 05:11:18,0.3,,,,39516.0,168.0
30537,KXE7720,12,-22.916675,-43.63275,2023-07-26 05:11:17,0.0,,ida,12 - PINGO D'AGUA X ALVORADA (EXPRESSO) [IDA],51507.9,267.0
50301,KPP5B70,25,-23.013196,-43.462445,2023-07-26 05:11:24,0.1,,volta,25 - ALVORADA X MATO ALTO (PARADOR) [VOLTA],3952.1,254.0
13401,KQO7822,19,-23.00727,-43.438338,2023-07-26 05:11:16,46.9,,volta,19 - SALVADOR ALLENDE X PINGO D'AGUA (EXPRESSO) [VOLTA],53648.1,75.0
13421,KWO8119,10,-22.920305,-43.608277,2023-07-26 05:11:17,0.0,,ida,10 - SANTA CRUZ X ALVORADA (EXPRESSO) [IDA],14957.8,
27174,KQP5437,13,-23.00142,-43.575134,2023-07-26 05:11:19,62.3,,ida,13 - MATO ALTO X ALVORADA (EXPRESSO) [IDA],18875.9,104.0
47026,KYA7928,10,-22.920584,-43.608013,2023-07-26 05:11:11,0.0,,ida,10 - SANTA CRUZ X ALVORADA (EXPRESSO) [IDA],32900.199,
86889,KRQ6878,10,-23.000893,-43.367123,2023-07-26 05:11:17,0.0,,volta,10 - ALVORADA X SANTA CRUZ (EXPRESSO) [VOLTA],514962.4,
12724,LMJ1118,18,-23.020646,-43.499891,2023-07-26 05:11:18,0.0,,ida,18 - RECREIO SHOPPING X JARDIM OCEÂNICO (EXPRESSO) [IDA],9643.5,96.0
27209,LSL9B07,25,-23.001009,-43.576941,2023-07-26 05:11:12,61.4,,ida,25 - MATO ALTO X ALVORADA (PARADOR) [IDA],10077.1,104.0
27176,LRK9563,18,-22.999919,-43.581714,2023-07-26 05:11:09,62.0,,ida,18 - RECREIO SHOPPING X JARDIM OCEÂNICO (EXPRESSO) [IDA],13502.2,105.0
30511,KPV2250,13,-23.008235,-43.442866,2023-07-26 05:11:11,41.6,,volta,13 - ALVORADA X  MATO ALTO (EXPRESSO) [VOLTA],49444.4,241.0
12725,LMJ1327,25,-22.994377,-43.595855,2023-07-26 05:11:08,21.2,,volta,25 - ALVORADA X MATO ALTO (PARADOR) [VOLTA],39260.7,313.0
13404,KQO7823,20,-23.012366,-43.458341,2023-07-26 05:11:24,33.4,,ida,20 - SANTA CRUZ X SALVADOR ALLENDE (EXPRESSO) [IDA],56106.0,75.0
47022,KRM7701,10,-23.015339,-43.522566,2023-07-26 05:10:22,59.4,,volta,10 - ALVORADA X SANTA CRUZ (EXPRESSO) [VOLTA],12949.5,269.0
12736,LMJ4504,20,-22.920027,-43.608042,2023-07-26 05:11:10,0.0,,ida,20 - SANTA CRUZ X SALVADOR ALLENDE (EXPRESSO) [IDA],15484.1,
13422,LSI5978,20,-22.993405,-43.597671,2023-07-26 05:11:11,0.2,,ida,20 - SANTA CRUZ X SALVADOR ALLENDE (EXPRESSO) [IDA],40386.3,180.0
12730,LSO8993,19,-23.018035,-43.509199,2023-07-26 05:11:27,60.4,,volta,19 - SALVADOR ALLENDE X PINGO D'AGUA (EXPRESSO) [VOLTA],9256.4,287.0
86872,LSH7386,20,-22.99278,-43.598122,2023-07-26 05:11:10,0.0,,ida,20 - SANTA CRUZ X SALVADOR ALLENDE (EXPRESSO) [IDA],22416.5,
30509,KYM4574,13,-23.000741,-43.364859,2023-07-26 05:11:15,0.0,,volta,13 - ALVORADA X  MATO ALTO (EXPRESSO) [VOLTA],53043.9,262.0
12710,KRO9724,20,-22.992636,-43.59842,2023-07-26 05:11:18,0.0,,ida,20 - SANTA CRUZ X SALVADOR ALLENDE (EXPRESSO) [IDA],38381.0,
12720,KXD9430,20,-23.003689,-43.426614,2023-07-26 05:11:18,51.4,,ida,20 - SANTA CRUZ X SALVADOR ALLENDE (EXPRESSO) [IDA],21767.8,250.0
12712,LSN8501,19,-22.920141,-43.608,2023-07-26 05:11:12,0.0,,ida,19 - PINGO D'AGUA X SALVADOR ALLENDE (EXPRESSO) [IDA],31093.7,
13407,KPY9732,18,-23.019022,-43.505978,2023-07-26 05:10:52,0.0,,ida,18 - RECREIO SHOPPING X JARDIM OCEÂNICO (EXPRESSO) [IDA],45435.9,
30521,LRC6594,25,-22.945202,-43.65908,2023-07-26 05:11:15,57.3,,ida,25 - MATO ALTO X ALVORADA (PARADOR) [IDA],34823.9,105.0
47010,KPZ8363,25,-23.008911,-43.44462,2023-07-26 05:11:14,58.7,,ida,25 - MATO ALTO X ALVORADA (PARADOR) [IDA],42588.2,75.0
86884,LSP9604,20,-22.972933,-43.385875,2023-07-26 05:11:12,0.0,,ida,20 - SANTA CRUZ X SALVADOR ALLENDE (EXPRESSO) [IDA],15299.7,140.0
90006,LRH6D12,20,-22.917416,-43.683416,2023-07-26 05:11:13,0.0,,ida,20 - SANTA CRUZ X SALVADOR ALLENDE (EXPRESSO) [IDA],29709.7,8.0
30531,LRC6592,19,-22.969874,-43.628383,2023-07-26 05:11:23,39.0,,volta,19 - SALVADOR ALLENDE X PINGO D'AGUA (EXPRESSO) [VOLTA],40606.3,258.0
30524,LRC6601,25,-23.021123,-43.496061,2023-07-26 05:11:20,20.4,,ida,25 - MATO ALTO X ALVORADA (PARADOR) [IDA],29232.8,103.0
13415,KQK7905,25,-23.000883,-43.364352,2023-07-26 05:11:24,8.4,,volta,25 - ALVORADA X MATO ALTO (PARADOR) [VOLTA],45134.4,188.0
901002,,22,-23.00012,-43.365965,2023-07-26 05:11:24,39.0,,volta,22 - J. OCEÂNICO X ALVORADA (PARADOR) [VOLTA],17406.1,269.0
B13,KYM5979,14,-22.969656,-43.627265,2023-07-26 05:11:04,58.7,,volta,14 - SALVADOR ALLENDE x SANTA EUGÊNIA (EXPRESSO) [VOLTA],1176.8,257.0
B19,KZJ7238,14,-22.916566666666668,-43.631663333333336,2023-07-26 05:11:15,0.0,,ida,14 - SANTA EUGÊNIA X SALVADOR ALLENDE (EXPRESSO) [IDA],104993.2,225.0
B14,KRK9519,14,-23.001145,-43.575353,2023-07-26 05:11:18,59.6,,volta,14 - SALVADOR ALLENDE x SANTA EUGÊNIA (EXPRESSO) [VOLTA],1182.8,284.0
B11,KRK9516,14,-22.916729,-43.632561,2023-07-26 05:11:19,0.0,,ida,14 - SANTA EUGÊNIA X SALVADOR ALLENDE (EXPRESSO) [IDA],1220.1,248.0
B24,LSO7028,14,-22.969861,-43.616674,2023-07-26 05:07:00,58.8,,ida,14 - SANTA EUGÊNIA X SALVADOR ALLENDE (EXPRESSO) [IDA],1194.4,135.0
B25,,14,-22.961877,-43.648744,2023-07-26 05:11:13,55.8,,ida,14 - SANTA EUGÊNIA X SALVADOR ALLENDE (EXPRESSO) [IDA],1110.2,148.0
B28,KQP5E29,14,-22.916463,-43.631121,2023-07-26 05:11:17,0.0,,ida,14 - SANTA EUGÊNIA X SALVADOR ALLENDE (EXPRESSO) [IDA],1141.7,258.0
B40,,14,-22.916504,-43.631309,2023-07-26 05:11:21,0.0,,ida,14 - SANTA EUGÊNIA X SALVADOR ALLENDE (EXPRESSO) [IDA],749.6,253.0
B41,,14,-22.922702,-43.634521,2023-07-26 05:11:15,14.7,,ida,14 - SANTA EUGÊNIA X SALVADOR ALLENDE (EXPRESSO) [IDA],1177.3,13.0
B47,,14,-22.928031,-43.653397,2023-07-26 05:11:26,36.3,,ida,14 - SANTA EUGÊNIA X SALVADOR ALLENDE (EXPRESSO) [IDA],1180.9,225.0
B048,,14,-22.916497,-43.631492,2023-07-26 05:11:09,0.0,,ida,14 - SANTA EUGÊNIA X SALVADOR ALLENDE (EXPRESSO) [IDA],1167.9,258.0
B49,,14,-22.953928,-43.649435,2023-07-26 05:11:12,58.6,,ida,14 - SANTA EUGÊNIA X SALVADOR ALLENDE (EXPRESSO) [IDA],1141.6,186.0
B55,,14,-23.010731,-43.451849,2023-07-26 05:11:18,27.0,,ida,14 - SANTA EUGÊNIA X SALVADOR ALLENDE (EXPRESSO) [IDA],1153.0,87.0
B53,,14,-22.916676,-43.633075,2023-07-26 05:11:28,0.0,,ida,14 - SANTA EUGÊNIA X SALVADOR ALLENDE (EXPRESSO) [IDA],1195.9,287.0
B51,,14,-23.016081,-43.474107,2023-07-26 05:11:19,58.7,,volta,14 - SALVADOR ALLENDE x SANTA EUGÊNIA (EXPRESSO) [VOLTA],1232.6,254.0
902119,,35,-22.926455,-43.3737,2023-07-26 05:11:21,38.2,,volta,35 - ALVORADA  X  MADUREIRA (PARADOR) [VOLTA],7690.5,355.0
901058,,51,-22.940757,-43.394657,2023-07-26 05:11:24,0.0,,volta,51 - SENTIDO V. MILITAR (PARADOR) [VOLTA],44195.8,350.0
901071,,22,-22.965663,-43.391364,2023-07-26 05:11:25,0.0,,ida,22 - ALVORADA X J. OCEÂNICO (PARADOR) [IDA],43438.0,
903027,,50,-22.96977,-43.399624,2023-07-26 05:11:19,43.8,,ida,50 - SENTIDO JD. OCEANICO (PARADOR) [IDA],49612.0,38.0
901066,,52,-22.973181,-43.393772,2023-07-26 05:11:20,0.0,,volta,52 - SENTIDO V. MILITAR (PARADOR) [VOLTA],50010.1,270.0
903026,,50,-23.000327,-43.340968,2023-07-26 05:11:23,37.5,,ida,50 - SENTIDO JD. OCEANICO (PARADOR) [IDA],48958.4,91.0
903029,,50,-22.972091,-43.401165,2023-07-26 05:11:21,0.0,,ida,50 - SENTIDO JD. OCEANICO (PARADOR) [IDA],33512.4,176.0
902116,,35,-23.001029,-43.367744,2023-07-26 05:11:23,0.0,,volta,35 - ALVORADA  X  MADUREIRA (PARADOR) [VOLTA],11178.3,
902115,,35,-22.983688,-43.365698,2023-07-26 05:11:14,2.9,,volta,35 - ALVORADA  X  MADUREIRA (PARADOR) [VOLTA],14864.2,356.0
903028,,50,-22.876208,-43.3295,2023-07-26 04:11:21,0.0,,ida,50 - SENTIDO JD. OCEANICO (PARADOR) [IDA],31655.2,
901061,,51,-22.885964,-43.400692,2023-07-26 05:11:18,0.0,,volta,51 - SENTIDO V. MILITAR (PARADOR) [VOLTA],43308.2,9.0
903030,,50,-22.965371,-43.395835,2023-07-26 05:11:27,49.4,,ida,50 - SENTIDO JD. OCEANICO (PARADOR) [IDA],40966.1,221.0
901073,,51,-22.883146,-43.400283,2023-07-26 05:11:19,65.1,,ida,51 - SENTIDO RECREIO (PARADOR) [IDA],41853.6,191.0
901048,,51,-22.970591,-43.400527,2023-07-26 05:11:13,0.0,,ida,51 - SENTIDO RECREIO (PARADOR) [IDA],26344.0,268.0
901065,,52,-22.858773,-43.393874,2023-07-26 05:11:08,55.1,,ida,52 - SENTIDO ALVORADA (PARADOR) [IDA],35397.4,242.0
903031,,38,-22.876625,-43.32981,2023-07-26 05:11:14,0.0,,ida,38 - FUNDÃO X ALVORADA (PARADOR) [IDA],40603.1,87.0
903032,,42,-22.850026,-43.308362,2023-07-26 05:11:10,40.1,,volta,42 - MADUREIRA MANANCEIA X GALEAO (PARADOR) [VOLTA],42711.2,55.0
901075,,0,-22.861718,-43.399731,2023-07-26 05:11:17,0.0,,,,49005.9,242.0
903055,,17,-22.917981,-43.683102,2023-07-26 05:11:21,0.0,,ida,17 - SANTA CRUZ X CAMPO GRANDE (PARADOR) [IDA],18909.5,340.0
903037,,17,-22.932442,-43.658765,2023-07-26 05:11:28,47.1,,ida,17 - SANTA CRUZ X CAMPO GRANDE (PARADOR) [IDA],20706.9,72.0
903002,,42,-22.877914,-43.336431,2023-07-26 05:11:15,0.0,,volta,42 - MADUREIRA MANANCEIA X GALEAO (PARADOR) [VOLTA],6973.4,29.0
901080,,53,-22.913617,-43.400058,2023-07-26 05:11:10,60.5,,ida,53 - SENTIDO ALVORADA (EXPRESSO) [IDA],31278.0,140.0
902110,,35,-22.967472,-43.390495,2023-07-26 05:11:10,2.3,,volta,35 - ALVORADA  X  MADUREIRA (PARADOR) [VOLTA],8836.0,10.0
902114,,35,-22.88809,-43.345679,2023-07-26 05:11:24,21.8,,volta,35 - ALVORADA  X  MADUREIRA (PARADOR) [VOLTA],8976.6,38.0
903054,,17,-22.925612,-43.649975,2023-07-26 05:11:19,2.4,,volta,17 - CAMPO GRANDE  X SANTA CRUZ (PARADOR) [VOLTA],17673.4,180.0
903021,,42,-22.842097,-43.278714,2023-07-26 05:11:28,35.7,,ida,42 - GALEÃO X MADUREIRA MANANCEIA (PARADOR) [IDA],34627.1,340.0
903056,,17,-22.917401,-43.684388,2023-07-26 05:11:18,31.2,,ida,17 - SANTA CRUZ X CAMPO GRANDE (PARADOR) [IDA],14655.9,166.0
903000,,50,-23.000139,-43.346796,2023-07-26 05:11:23,0.0,,volta,50 - SENTIDO T. OLIMPICO (PARADOR) [VOLTA],31888.2,265.0
903058,,17,-22.932414,-43.671367,2023-07-26 05:11:13,45.9,,volta,17 - CAMPO GRANDE  X SANTA CRUZ (PARADOR) [VOLTA],9171.4,309.0
901072,,52,-22.953192,-43.390712,2023-07-26 05:11:17,0.0,,ida,52 - SENTIDO ALVORADA (PARADOR) [IDA],38628.6,206.0
902045,,31,-22.85229,-43.312458,2023-07-26 05:11:18,0.0,,ida,31 - VICENTE DE CARVALHO X ALVORADA (SEMIDIRETO) [IDA],6827.7,
903007,,50,-22.995699,-43.365791,2023-07-26 05:11:24,50.9,,volta,50 - SENTIDO T. OLIMPICO (PARADOR) [VOLTA],41362.1,
903004,,42,-22.838297,-43.293502,2023-07-26 05:11:11,37.3,,ida,42 - GALEÃO X MADUREIRA MANANCEIA (PARADOR) [IDA],39202.4,260.0
903006,,50,-22.846241,-43.302998,2023-07-26 05:11:20,47.9,,ida,50 - SENTIDO JD. OCEANICO (PARADOR) [IDA],46387.4,61.0
903005,,42,-22.839954,-43.239369,2023-07-26 05:11:21,0.0,,ida,42 - GALEÃO X MADUREIRA MANANCEIA (PARADOR) [IDA],38822.7,139.0
903022,,50,-22.973272,-43.381468,2023-07-26 05:11:22,59.1,,volta,50 - SENTIDO T. OLIMPICO (PARADOR) [VOLTA],37740.1,272.0
903035,,17,-22.918375,-43.68275,2023-07-26 05:11:22,0.0,,ida,17 - SANTA CRUZ X CAMPO GRANDE (PARADOR) [IDA],19570.8,324.0
901059,,51,-22.970199,-43.400187,2023-07-26 05:11:14,6.6,,volta,51 - SENTIDO V. MILITAR (PARADOR) [VOLTA],48359.8,40.0
903003,,42,-22.863961,-43.333191,2023-07-26 05:11:27,38.5,,volta,42 - MADUREIRA MANANCEIA X GALEAO (PARADOR) [VOLTA],41709.5,46.0
901020,,22,-23.000719,-43.365294,2023-07-26 05:11:17,0.0,,ida,22 - ALVORADA X J. OCEÂNICO (PARADOR) [IDA],25521.6,
901025,,51,-22.868281,-43.413418,2023-07-26 05:11:16,0.1,,ida,51 - SENTIDO RECREIO (PARADOR) [IDA],40716.9,233.0
901027,,41,-22.859266,-43.394818,2023-07-26 05:11:12,42.0,,volta,41 - TERMINAL RECREIO X PAULO DA PORTELA (EXPRESSO) [VOLTA],25987.1,63.0
901028,,40,-22.924053,-43.373957,2023-07-26 05:11:10,0.0,,ida,40 - PAULO DA PORTELA X ALVORADA (EXPRESSO) [IDA],23780.9,173.0
901030,,40,-22.878575,-43.336273,2023-07-26 05:11:20,0.0,,ida,40 - PAULO DA PORTELA X ALVORADA (EXPRESSO) [IDA],21836.3,358.0
901032,,40,-22.878345,-43.336318,2023-07-26 05:11:19,0.0,,ida,40 - PAULO DA PORTELA X ALVORADA (EXPRESSO) [IDA],25296.1,1.0
901034,,0,-22.925809,-43.373715,2023-07-26 05:11:24,34.3,,,,27519.2,355.0
901036,,52,-22.958861,-43.384206,2023-07-26 05:11:13,0.0,,ida,52 - SENTIDO ALVORADA (PARADOR) [IDA],22807.3,75.0
901038,,22,-22.965043,-43.391467,2023-07-26 04:52:49,0.0,,ida,22 - ALVORADA X J. OCEÂNICO (PARADOR) [IDA],27356.9,
901040,,41,-22.964396,-43.391666,2023-07-26 05:11:20,0.0,,volta,41 - TERMINAL RECREIO X PAULO DA PORTELA (EXPRESSO) [VOLTA],29561.8,
901041,,22,-22.965709,-43.391262,2023-07-26 05:11:26,0.0,,ida,22 - ALVORADA X J. OCEÂNICO (PARADOR) [IDA],26160.4,
903009,,42,-22.854703,-43.253873,2023-07-26 05:11:27,10.8,,ida,42 - GALEÃO X MADUREIRA MANANCEIA (PARADOR) [IDA],47192.0,287.0
903010,,42,-22.838735,-43.240436,2023-07-26 05:11:26,18.7,,ida,42 - GALEÃO X MADUREIRA MANANCEIA (PARADOR) [IDA],43702.2,96.0
903011,,42,-22.842161,-43.273293,2023-07-26 05:11:19,37.5,,volta,42 - MADUREIRA MANANCEIA X GALEAO (PARADOR) [VOLTA],45339.8,116.0
903012,,42,-22.869616,-43.335364,2023-07-26 05:11:12,52.5,,ida,42 - GALEÃO X MADUREIRA MANANCEIA (PARADOR) [IDA],47958.5,200.0
903015,,42,-22.82928,-43.235466,2023-07-26 05:11:16,56.9,,ida,42 - GALEÃO X MADUREIRA MANANCEIA (PARADOR) [IDA],47875.3,211.0
903016,,42,-22.853412,-43.248172,2023-07-26 05:11:25,35.0,,volta,42 - MADUREIRA MANANCEIA X GALEAO (PARADOR) [VOLTA],42534.9,355.0
903017,,50,-22.999273,-43.368382,2023-07-26 05:11:26,48.3,,ida,50 - SENTIDO JD. OCEANICO (PARADOR) [IDA],44909.9,227.0
903020,,50,-22.973308,-43.39034,2023-07-26 05:11:10,58.9,,ida,50 - SENTIDO JD. OCEANICO (PARADOR) [IDA],43843.3,90.0
903024,,38,-22.876829,-43.329887,2023-07-26 05:11:23,0.0,,ida,38 - FUNDÃO X ALVORADA (PARADOR) [IDA],38022.8,
903025,,50,-23.006539,-43.313571,2023-07-26 05:11:21,0.0,,volta,50 - SENTIDO T. OLIMPICO (PARADOR) [VOLTA],39460.3,189.0
903014,,38,-22.905944,-43.357558,2023-07-26 05:11:11,55.5,,ida,38 - FUNDÃO X ALVORADA (PARADOR) [IDA],51728.6,197.0
901060,,51,-23.008512,-43.439958,2023-07-26 05:11:15,0.0,,volta,51 - SENTIDO V. MILITAR (PARADOR) [VOLTA],24784.0,75.0
903052,,17,-22.910526,-43.583295,2023-07-26 05:11:25,34.2,,ida,17 - SANTA CRUZ X CAMPO GRANDE (PARADOR) [IDA],21800.3,62.0
903063,,17,-22.920231,-43.608161,2023-07-26 05:11:28,0.0,,ida,17 - SANTA CRUZ X CAMPO GRANDE (PARADOR) [IDA],21497.7,135.0
902113,,31,-22.852464,-43.312608,2023-07-26 05:11:27,0.0,,ida,31 - VICENTE DE CARVALHO X ALVORADA (SEMIDIRETO) [IDA],8853.8,228.0
902118,,31,-22.876437,-43.329607,2023-07-26 05:11:18,0.0,,ida,31 - VICENTE DE CARVALHO X ALVORADA (SEMIDIRETO) [IDA],7640.6,
902117,,31,-22.859862,-43.329712,2023-07-26 05:11:17,55.8,,ida,31 - VICENTE DE CARVALHO X ALVORADA (SEMIDIRETO) [IDA],10243.1,189.0
901044,,40,-22.896681,-43.351438,2023-07-26 05:11:19,0.0,,ida,40 - PAULO DA PORTELA X ALVORADA (EXPRESSO) [IDA],29597.8,218.0
903033,,42,-22.854751,-43.253738,2023-07-26 05:11:25,5.3,,ida,42 - GALEÃO X MADUREIRA MANANCEIA (PARADOR) [IDA],36569.8,244.0
902022,,46,-22.841305,-43.276657,2023-07-26 05:11:16,22.0,,ida,46 - PENHA X ALVORADA (EXPRESSO) [IDA],30782.4,239.0
901093,,22,-22.859371,-43.39507,2023-07-26 05:11:23,37.6,,ida,,27800.0,62.0
902059,,43,-22.940578,-43.372487,2023-07-26 05:11:08,0.0,,volta,43 - SANTA EFIGENIA X FUNDÃO (EXPRESSO) [VOLTA],35713.0,
902056,,46,-22.837997,-43.28557,2023-07-26 05:11:24,0.0,,volta,46 - ALVORADA X PENHA (EXPRESSO) [VOLTA],34643.9,85.0
901091,,51,-22.898445,-43.397897,2023-07-26 05:11:20,53.2,,ida,51 - SENTIDO RECREIO (PARADOR) [IDA],31125.4,165.0
901096,,51,-22.964922,-43.391828,2023-07-26 05:11:03,0.0,,volta,51 - SENTIDO V. MILITAR (PARADOR) [VOLTA],34298.1,
901086,,53,-22.965318,-43.391568,2023-07-26 05:11:26,0.0,,ida,53 - SENTIDO ALVORADA (EXPRESSO) [IDA],48370.4,155.0
902032,,46,-23.000933,-43.367638,2023-07-26 05:11:25,0.0,,volta,46 - ALVORADA X PENHA (EXPRESSO) [VOLTA],36295.6,
901094,,0,-22.971316,-43.388161,2023-07-26 05:11:16,59.2,,,,32745.9,127.0
902027,,43,-22.908872,-43.358884,2023-07-26 05:11:10,49.1,,ida,43 - FUNDÃO X SANTA EFIGENIA (EXPRESSO) [IDA],32876.3,221.0
902028,,46,-22.885025,-43.343029,2023-07-26 05:11:13,50.7,,volta,46 - ALVORADA X PENHA (EXPRESSO) [VOLTA],37594.1,33.0
902018,,40,-22.877655,-43.336762,2023-07-26 05:11:20,0.0,,ida,40 - PAULO DA PORTELA X ALVORADA (EXPRESSO) [IDA],23639.1,
902046,,46,-22.857745,-43.329319,2023-07-26 05:11:19,40.9,,ida,46 - PENHA X ALVORADA (EXPRESSO) [IDA],33373.6,188.0
12715,,10,-22.936388,-43.666902,2023-07-26 05:11:25,0.0,,volta,10 - ALVORADA X SANTA CRUZ (EXPRESSO) [VOLTA],42385.1,357.0
902010,,40,-22.965072,-43.392133,2023-07-26 05:11:20,0.0,,ida,40 - PAULO DA PORTELA X ALVORADA (EXPRESSO) [IDA],10957.6,
901089,,0,-22.964365,-43.391781,2023-07-26 05:11:23,0.0,,,,45838.8,
901062,,51,-23.00551,-43.435955,2023-07-26 05:11:23,52.7,,ida,51 - SENTIDO RECREIO (PARADOR) [IDA],46936.2,224.0
902033,,43,-22.854346,-43.251284,2023-07-26 04:35:33,0.0,,volta,43 - SANTA EFIGENIA X FUNDÃO (EXPRESSO) [VOLTA],33362.1,
902053,,46,-22.854224,-43.251367,2023-07-26 05:11:19,0.0,,ida,46 - PENHA X ALVORADA (EXPRESSO) [IDA],33488.9,
E902000,,41,-22.854627,-43.251413,2023-07-26 05:11:24,0.0,,volta,41 - TERMINAL RECREIO X PAULO DA PORTELA (EXPRESSO) [VOLTA],10383.7,
901067,,52,-23.000972,-43.364361,2023-07-26 05:11:26,15.7,,volta,52 - SENTIDO V. MILITAR (PARADOR) [VOLTA],41768.4,317.0
E902004,,41,-22.854785,-43.252012,2023-07-26 05:11:20,0.0,,volta,41 - TERMINAL RECREIO X PAULO DA PORTELA (EXPRESSO) [VOLTA],13269.1,
12713,,18,-23.008619,-43.443679,2023-07-26 05:11:10,31.7,,ida,18 - RECREIO SHOPPING X JARDIM OCEÂNICO (EXPRESSO) [IDA],35254.8,70.0
902062,,46,-22.852806,-43.312835,2023-07-26 05:11:23,3.4,,volta,46 - ALVORADA X PENHA (EXPRESSO) [VOLTA],33291.9,78.0
902048,,46,-22.973274,-43.383318,2023-07-26 05:11:22,22.2,,volta,46 - ALVORADA X PENHA (EXPRESSO) [VOLTA],23965.0,262.0
902058,,46,-22.854174,-43.251917,2023-07-26 05:11:14,0.0,,ida,46 - PENHA X ALVORADA (EXPRESSO) [IDA],34575.2,
901068,,51,-23.003644,-43.433766,2023-07-26 05:11:11,0.0,,volta,51 - SENTIDO V. MILITAR (PARADOR) [VOLTA],50822.1,44.0
902003,,41,-22.839334,-43.239903,2023-07-26 05:11:17,0.0,,volta,41 - TERMINAL RECREIO X PAULO DA PORTELA (EXPRESSO) [VOLTA],17397.0,
902102,,35,-22.878517,-43.336287,2023-07-26 05:11:21,0.0,,ida,35 - MADUREIRA X ALVORADA (PARADOR) [IDA],12380.5,
902066,,46,-22.854315,-43.251954,2023-07-26 05:11:12,0.0,,ida,46 - PENHA X ALVORADA (EXPRESSO) [IDA],31314.0,
902052,,46,-23.001325,-43.364876,2023-07-26 05:11:23,0.0,,volta,46 - ALVORADA X PENHA (EXPRESSO) [VOLTA],35617.1,
902050,,43,-22.897378,-43.351852,2023-07-26 05:11:16,2.4,,volta,43 - SANTA EFIGENIA X FUNDÃO (EXPRESSO) [VOLTA],31268.1,35.0
12716,,20,-22.916724,-43.68361,2023-07-26 05:11:22,0.0,,ida,20 - SANTA CRUZ X SALVADOR ALLENDE (EXPRESSO) [IDA],45562.5,
902060,,41,-22.845358,-43.238937,2023-07-26 05:11:18,0.0,,volta,41 - TERMINAL RECREIO X PAULO DA PORTELA (EXPRESSO) [VOLTA],30132.1,41.0
902008,,46,-22.932791,-43.372928,2023-07-26 05:11:22,52.2,,ida,46 - PENHA X ALVORADA (EXPRESSO) [IDA],10530.1,337.0
902047,,46,-22.842146,-43.273264,2023-07-26 05:11:16,52.2,,ida,46 - PENHA X ALVORADA (EXPRESSO) [IDA],23965.5,288.0
902051,,46,-22.885091,-43.343096,2023-07-26 05:11:24,39.4,,ida,46 - PENHA X ALVORADA (EXPRESSO) [IDA],32996.8,214.0
902067,,46,-22.956199,-43.378636,2023-07-26 05:11:19,59.5,,ida,46 - PENHA X ALVORADA (EXPRESSO) [IDA],34096.3,231.0
901088,,31,-22.964432,-43.391878,2023-07-26 05:11:17,0.0,,ida,31 - VICENTE DE CARVALHO X ALVORADA (SEMIDIRETO) [IDA],41618.1,
901098,,51,-22.861285,-43.399152,2023-07-26 05:11:22,0.0,,ida,51 - SENTIDO RECREIO (PARADOR) [IDA],27295.0,241.0
901055,,51,-22.861756,-43.400034,2023-07-26 05:11:12,0.0,,ida,51 - SENTIDO RECREIO (PARADOR) [IDA],46658.4,240.0
902054,,46,-22.854502,-43.251072,2023-07-26 05:11:20,0.0,,ida,46 - PENHA X ALVORADA (EXPRESSO) [IDA],35704.8,
901079,,53,-22.969573,-43.399761,2023-07-26 05:11:02,44.7,,ida,53 - SENTIDO ALVORADA (EXPRESSO) [IDA],44060.0,218.0
901084,,53,-22.955804,-43.392859,2023-07-26 05:11:17,59.5,,ida,53 - SENTIDO ALVORADA (EXPRESSO) [IDA],52303.0,38.0
901070,,52,-22.973267,-43.398705,2023-07-26 05:11:17,0.0,,ida,52 - SENTIDO ALVORADA (PARADOR) [IDA],40492.2,91.0
902080,,46,-22.918738,-43.365691,2023-07-26 05:11:25,32.5,,ida,46 - PENHA X ALVORADA (EXPRESSO) [IDA],34355.8,240.0
901081,,53,-22.884443,-43.399256,2023-07-26 05:11:12,0.0,,ida,53 - SENTIDO ALVORADA (EXPRESSO) [IDA],41801.0,12.0
902065,,43,-22.842558,-43.271884,2023-07-26 05:11:23,45.5,,ida,43 - FUNDÃO X SANTA EFIGENIA (EXPRESSO) [IDA],35364.1,287.0
901069,,52,-22.99741,-43.366289,2023-07-26 05:11:22,40.9,,ida,52 - SENTIDO ALVORADA (PARADOR) [IDA],37742.5,222.0
901074,,52,-22.861883,-43.400201,2023-07-26 05:11:19,7.4,,ida,52 - SENTIDO ALVORADA (PARADOR) [IDA],39513.9,235.0
902030,,31,-22.896868,-43.351598,2023-07-26 05:11:18,0.0,,ida,31 - VICENTE DE CARVALHO X ALVORADA (SEMIDIRETO) [IDA],11300.9,219.0
902071,,46,-23.00101,-43.367998,2023-07-26 05:11:21,0.0,,volta,46 - ALVORADA X PENHA (EXPRESSO) [VOLTA],35937.8,
902072,,43,-22.854579,-43.251305,2023-07-26 05:11:24,0.0,,volta,43 - SANTA EFIGENIA X FUNDÃO (EXPRESSO) [VOLTA],32687.8,76.0
902064,,43,-22.878955,-43.341177,2023-07-26 05:11:24,8.1,,ida,43 - FUNDÃO X SANTA EFIGENIA (EXPRESSO) [IDA],0.0,196.0
902070,,46,-22.97408,-43.363707,2023-07-26 05:11:27,34.9,,ida,46 - PENHA X ALVORADA (EXPRESSO) [IDA],36295.4,192.0
901087,,53,-22.965357,-43.39164,2023-07-26 05:11:19,0.0,,ida,53 - SENTIDO ALVORADA (EXPRESSO) [IDA],47525.3,
902085,,46,-22.854537,-43.251701,2023-07-26 05:11:20,0.0,,ida,46 - PENHA X ALVORADA (EXPRESSO) [IDA],34050.9,
E902001,,41,-22.84148,-43.277108,2023-07-26 05:11:26,0.0,,volta,41 - TERMINAL RECREIO X PAULO DA PORTELA (EXPRESSO) [VOLTA],20873.4,241.0
E902006,,40,-22.878402,-43.336288,2023-07-26 05:11:14,0.0,,ida,40 - PAULO DA PORTELA X ALVORADA (EXPRESSO) [IDA],19305.3,
E902011,,40,-22.87904,-43.340937,2023-07-26 05:11:28,28.2,,ida,40 - PAULO DA PORTELA X ALVORADA (EXPRESSO) [IDA],8602.3,73.0
902002,,41,-22.857081,-43.32926,2023-07-26 05:11:09,35.8,,volta,41 - TERMINAL RECREIO X PAULO DA PORTELA (EXPRESSO) [VOLTA],19832.8,186.0
901095,,51,-22.965288,-43.391502,2023-07-26 05:11:26,0.0,,volta,51 - SENTIDO V. MILITAR (PARADOR) [VOLTA],35035.8,337.0
902069,,41,-22.922808,-43.373367,2023-07-26 05:11:25,21.4,,ida,41 - PAULO DA PORTELA X TERMINAL RECREIO (EXPRESSO) [IDA],32586.2,253.0
902094,,35,-22.89869,-43.353007,2023-07-26 05:11:15,20.4,,volta,35 - ALVORADA  X  MADUREIRA (PARADOR) [VOLTA],9091.1,34.0
902075,,31,-22.878635,-43.329098,2023-07-26 05:11:19,0.0,,ida,31 - VICENTE DE CARVALHO X ALVORADA (SEMIDIRETO) [IDA],14095.7,177.0
902082,,35,-22.952382,-43.374759,2023-07-26 05:11:22,0.0,,ida,35 - MADUREIRA X ALVORADA (PARADOR) [IDA],10871.3,208.0
903062,,17,-22.915814,-43.62903,2023-07-26 05:11:17,37.5,,ida,17 - SANTA CRUZ X CAMPO GRANDE (PARADOR) [IDA],20189.9,76.0
902089,,35,-23.000913,-43.367243,2023-07-26 05:11:17,0.0,,volta,35 - ALVORADA  X  MADUREIRA (PARADOR) [VOLTA],9774.7,
903041,,50,-22.876515,-43.329481,2023-07-26 05:11:10,0.0,,ida,50 - SENTIDO JD. OCEANICO (PARADOR) [IDA],27433.7,
903051,,50,-22.972008,-43.401156,2023-07-26 05:11:21,0.0,,ida,50 - SENTIDO JD. OCEANICO (PARADOR) [IDA],31059.3,113.0
902055,,46,-22.845797,-43.3023,2023-07-26 05:11:16,38.6,,ida,46 - PENHA X ALVORADA (EXPRESSO) [IDA],18.0,237.0
903036,,17,-22.91653,-43.607158,2023-07-26 05:11:17,0.0,,ida,17 - SANTA CRUZ X CAMPO GRANDE (PARADOR) [IDA],156820.3,4.0
902043,,46,-22.877958,-43.336271,2023-07-26 05:11:14,0.0,,ida,46 - PENHA X ALVORADA (EXPRESSO) [IDA],29100.6,
902036,,41,-22.888202,-43.345885,2023-07-26 05:11:14,43.1,,ida,41 - PAULO DA PORTELA X TERMINAL RECREIO (EXPRESSO) [IDA],32320.1,216.0
903039,,17,-22.915999,-43.609245,2023-07-26 05:11:27,45.4,,ida,17 - SANTA CRUZ X CAMPO GRANDE (PARADOR) [IDA],18370.3,88.0
903047,,42,-22.878193,-43.329176,2023-07-26 05:11:24,11.8,,ida,42 - GALEÃO X MADUREIRA MANANCEIA (PARADOR) [IDA],23082.4,176.0
902074,,31,-22.853697,-43.321337,2023-07-26 05:11:19,43.2,,ida,31 - VICENTE DE CARVALHO X ALVORADA (SEMIDIRETO) [IDA],9770.1,61.0
903040,,17,-22.90162,-43.554377,2023-07-26 04:47:58,16.2,,volta,17 - CAMPO GRANDE  X SANTA CRUZ (PARADOR) [VOLTA],18462.9,215.0
902044,,43,-22.842607,-43.300143,2023-07-26 05:11:11,60.5,,ida,43 - FUNDÃO X SANTA EFIGENIA (EXPRESSO) [IDA],31230.0,218.0
902038,,46,-22.8545,-43.251349,2023-07-26 05:11:16,0.0,,ida,46 - PENHA X ALVORADA (EXPRESSO) [IDA],7575.2,
903064,,50,-22.972304,-43.40105,2023-07-26 05:11:10,0.0,,ida,50 - SENTIDO JD. OCEANICO (PARADOR) [IDA],22136.7,175.0
903069,,17,-22.918089,-43.683061,2023-07-26 05:11:17,0.0,,ida,17 - SANTA CRUZ X CAMPO GRANDE (PARADOR) [IDA],22413.1,330.0
902042,,46,-22.936401,-43.371629,2023-07-26 05:11:26,0.0,,volta,46 - ALVORADA X PENHA (EXPRESSO) [VOLTA],31924.8,16.0
902040,,46,-22.901271,-43.354722,2023-07-26 05:11:11,48.6,,volta,46 - ALVORADA X PENHA (EXPRESSO) [VOLTA],34113.6,32.0
903038,,17,-22.916227,-43.622519,2023-07-26 05:11:17,0.0,,volta,17 - CAMPO GRANDE  X SANTA CRUZ (PARADOR) [VOLTA],26544.0,287.0
902076,,46,-22.85482,-43.252054,2023-07-26 05:11:13,0.0,,ida,46 - PENHA X ALVORADA (EXPRESSO) [IDA],27510.5,
902096,,35,-23.00135,-43.366062,2023-07-26 05:11:13,0.0,,volta,35 - ALVORADA  X  MADUREIRA (PARADOR) [VOLTA],14221.7,
902084,,31,-22.876879,-43.329799,2023-07-26 05:11:24,0.0,,ida,31 - VICENTE DE CARVALHO X ALVORADA (SEMIDIRETO) [IDA],11709.4,
902100,,35,-22.878522,-43.336347,2023-07-26 05:11:09,0.0,,ida,35 - MADUREIRA X ALVORADA (PARADOR) [IDA],13435.3,
903059,,17,-22.932329,-43.658482,2023-07-26 05:11:26,50.0,,ida,17 - SANTA CRUZ X CAMPO GRANDE (PARADOR) [IDA],18746.9,250.0
902079,,46,-22.841415,-43.275745,2023-07-26 05:11:21,0.0,,ida,46 - PENHA X ALVORADA (EXPRESSO) [IDA],30822.0,
903066,,17,-22.919586,-43.681997,2023-07-26 05:11:23,12.7,,ida,17 - SANTA CRUZ X CAMPO GRANDE (PARADOR) [IDA],24875.9,147.0
902099,,35,-22.883573,-43.342504,2023-07-26 05:11:20,41.1,,ida,35 - MADUREIRA X ALVORADA (PARADOR) [IDA],11542.4,197.0
902091,,35,-22.970286,-43.389547,2023-07-26 05:11:21,52.7,,ida,35 - MADUREIRA X ALVORADA (PARADOR) [IDA],14051.9,127.0
901099,,51,-22.941247,-43.394677,2023-07-26 05:11:25,0.0,,ida,51 - SENTIDO RECREIO (PARADOR) [IDA],29488.2,174.0
903046,,42,-22.878038,-43.336497,2023-07-26 05:11:10,0.0,,volta,42 - MADUREIRA MANANCEIA X GALEAO (PARADOR) [VOLTA],29786.2,30.0
903061,,17,-22.907141,-43.570562,2023-07-26 05:11:15,0.0,,ida,17 - SANTA CRUZ X CAMPO GRANDE (PARADOR) [IDA],21486.1,92.0
903070,,17,-22.916329,-43.607139,2023-07-26 05:11:21,0.0,,ida,17 - SANTA CRUZ X CAMPO GRANDE (PARADOR) [IDA],9256.4,250.0
44706,LRG8855,20,-22.918797,-43.682569,2023-07-26 05:11:16,0.0,,ida,20 - SANTA CRUZ X SALVADOR ALLENDE (EXPRESSO) [IDA],21875.2,
903065,,17,-22.910512,-43.583347,2023-07-26 05:11:22,16.4,,volta,17 - CAMPO GRANDE  X SANTA CRUZ (PARADOR) [VOLTA],16964.2,242.0
901008,,22,-23.000035,-43.360328,2023-07-26 05:12:11,26.3,,ida,22 - ALVORADA X J. OCEÂNICO (PARADOR) [IDA],22784.2,83.0
901011,RIV8A74,22,-23.000941,-43.364666,2023-07-26 05:12:09,0.0,,ida,22 - ALVORADA X J. OCEÂNICO (PARADOR) [IDA],23500.0,253.0
901007,,22,-23.000303,-43.341747,2023-07-26 05:12:08,0.0,,ida,22 - ALVORADA X J. OCEÂNICO (PARADOR) [IDA],21820.9,90.0
901009,,22,-23.000845,-43.36609,2023-07-26 05:12:18,0.0,,volta,,20865.0,264.0
901010,RJM8G30,22,-23.000984,-43.365861,2023-07-26 05:12:27,0.0,,ida,22 - ALVORADA X J. OCEÂNICO (PARADOR) [IDA],22869.6,230.0
901017,,22,-23.000715,-43.366003,2023-07-26 05:12:26,0.0,,ida,22 - ALVORADA X J. OCEÂNICO (PARADOR) [IDA],25122.4,
901006,RJA9F56,22,-23.00496,-43.32008,2023-07-26 05:12:23,57.1,,ida,22 - ALVORADA X J. OCEÂNICO (PARADOR) [IDA],19382.8,113.0
901005,RJB8E53,22,-23.006559,-43.313065,2023-07-26 05:12:26,0.0,,volta,22 - J. OCEÂNICO X ALVORADA (PARADOR) [VOLTA],21643.4,268.0
901004,RJQ8J80,22,-23.00464,-43.320514,2023-07-26 05:12:22,51.1,,volta,22 - J. OCEÂNICO X ALVORADA (PARADOR) [VOLTA],21433.4,293.0
30504,,25,-23.004215,-43.428326,2023-07-26 05:12:26,59.4,,volta,25 - ALVORADA X MATO ALTO (PARADOR) [VOLTA],53632.4,250.0
30533,KWO8120,13,-22.920706,-43.607787,2023-07-26 05:12:12,0.0,,ida,13 - MATO ALTO X ALVORADA (EXPRESSO) [IDA],52594.6,76.0
30538,KXE7719,20,-22.968309,-43.621084,2023-07-26 05:12:09,11.1,,volta,20 - SALVADOR ALLENDE X SANTA CRUZ (EXPRESSO) [VOLTA],55896.8,259.0
50309,KPN6B05,13,-23.000507,-43.388864,2023-07-26 05:12:08,11.4,,ida,13 - MATO ALTO X ALVORADA (EXPRESSO) [IDA],20089.3,91.0
30532,KYL8599,13,-23.017395,-43.477884,2023-07-26 05:12:15,59.6,,ida,13 - MATO ALTO X ALVORADA (EXPRESSO) [IDA],41765.6,75.0
47030,LSQ5263,20,-23.007571,-43.549087,2023-07-26 05:09:29,59.3,,ida,20 - SANTA CRUZ X SALVADOR ALLENDE (EXPRESSO) [IDA],53783.0,104.0
30519,LRE9804,11,-22.920074,-43.608092,2023-07-26 05:12:21,0.0,,ida,11 - SANTA CRUZ X ALVORADA (PARADOR) [IDA],51494.8,
90005,KWK6A89,20,-22.918921,-43.682386,2023-07-26 05:12:14,0.0,,ida,20 - SANTA CRUZ X SALVADOR ALLENDE (EXPRESSO) [IDA],49835.5,253.0
86875,KQB4103,12,-22.916749,-43.632758,2023-07-26 05:12:08,0.0,,ida,12 - PINGO D'AGUA X ALVORADA (EXPRESSO) [IDA],13015.3,248.0
30518,KYL8597,25,-23.001054,-43.367341,2023-07-26 05:12:25,0.0,,volta,25 - ALVORADA X MATO ALTO (PARADOR) [VOLTA],37111.0,269.0
902090,,35,-22.923374,-43.374036,2023-07-26 05:12:10,34.9,,ida,35 - MADUREIRA X ALVORADA (PARADOR) [IDA],15081.7,181.0
47029,LSQ5267,20,-22.916992,-43.6836,2023-07-26 05:12:19,0.0,,ida,20 - SANTA CRUZ X SALVADOR ALLENDE (EXPRESSO) [IDA],56965.0,333.0
47012,KPZ8364,20,-22.927669,-43.67745,2023-07-26 05:12:18,0.0,,ida,20 - SANTA CRUZ X SALVADOR ALLENDE (EXPRESSO) [IDA],54992.4,124.0
86885,LTB5540,14,-22.916433,-43.621036,2023-07-26 05:12:08,31.0,,ida,14 - SANTA EUGÊNIA X SALVADOR ALLENDE (EXPRESSO) [IDA],514716.2,278.0
13425,KRL4070,20,-22.988294,-43.60363,2023-07-26 05:07:47,53.5,,volta,20 - SALVADOR ALLENDE X SANTA CRUZ (EXPRESSO) [VOLTA],1201.6,312.0
12738,KRR2404,25,-22.993108,-43.597352,2023-07-26 05:12:23,0.0,,ida,25 - MATO ALTO X ALVORADA (PARADOR) [IDA],37392.2,
86886,LTB5541,14,-22.93366,-43.662771,2023-07-26 05:12:07,19.9,,ida,14 - SANTA EUGÊNIA X SALVADOR ALLENDE (EXPRESSO) [IDA],13090.7,261.0
13428,KXE7712,11,-22.920241,-43.608217,2023-07-26 05:12:21,0.0,,ida,11 - SANTA CRUZ X ALVORADA (PARADOR) [IDA],57799.2,174.0
47006,KWZ8630,18,-23.0191,-43.505074,2023-07-26 05:12:24,0.0,,ida,18 - RECREIO SHOPPING X JARDIM OCEÂNICO (EXPRESSO) [IDA],50888.5,
47007,LSP6018,18,-22.92067,-43.607748,2023-07-26 05:12:21,0.1,,ida,18 - RECREIO SHOPPING X JARDIM OCEÂNICO (EXPRESSO) [IDA],42179.7,158.0
13413,KWI9711,12,-22.993041,-43.597964,2023-07-26 05:12:09,0.0,,ida,12 - PINGO D'AGUA X ALVORADA (EXPRESSO) [IDA],43512.1,132.0
90001,KPZ5E15,19,-22.968915,-43.623218,2023-07-26 05:12:25,8.2,,ida,19 - PINGO D'AGUA X SALVADOR ALLENDE (EXPRESSO) [IDA],44134.9,78.0
901057,,52,-22.940196,-43.39467,2023-07-26 05:12:14,33.7,,volta,52 - SENTIDO V. MILITAR (PARADOR) [VOLTA],51067.5,355.0
901003,RKM8C54,22,-23.000121,-43.346963,2023-07-26 05:12:07,22.1,,volta,22 - J. OCEÂNICO X ALVORADA (PARADOR) [VOLTA],22829.8,284.0
86874,KQB4102,20,-22.918855,-43.607559,2023-07-26 05:12:13,0.0,,ida,20 - SANTA CRUZ X SALVADOR ALLENDE (EXPRESSO) [IDA],512858.4,98.0
86879,LTN5696,18,-22.992855,-43.598159,2023-07-26 05:12:08,0.0,,ida,18 - RECREIO SHOPPING X JARDIM OCEÂNICO (EXPRESSO) [IDA],1812.9,
47011,LRH8889,0,-22.920637,-43.607917,2023-07-26 05:12:19,0.0,,,,39516.0,168.0
30537,KXE7720,12,-22.916997,-43.634562,2023-07-26 05:12:17,37.8,,ida,12 - PINGO D'AGUA X ALVORADA (EXPRESSO) [IDA],51508.1,273.0
50301,KPP5B70,25,-23.013479,-43.463618,2023-07-26 05:12:24,34.1,,volta,25 - ALVORADA X MATO ALTO (PARADOR) [VOLTA],3952.2,255.0
13401,KQO7822,19,-23.005416,-43.431157,2023-07-26 05:12:16,0.4,,volta,19 - SALVADOR ALLENDE X PINGO D'AGUA (EXPRESSO) [VOLTA],53648.8,73.0
13421,KWO8119,10,-22.920282,-43.60819,2023-07-26 05:12:17,0.0,,ida,10 - SANTA CRUZ X ALVORADA (EXPRESSO) [IDA],14957.8,
27174,KQP5437,13,-23.003665,-43.565608,2023-07-26 05:12:19,58.4,,ida,13 - MATO ALTO X ALVORADA (EXPRESSO) [IDA],18876.9,105.0
47026,KYA7928,10,-22.920584,-43.608013,2023-07-26 05:12:10,0.0,,ida,10 - SANTA CRUZ X ALVORADA (EXPRESSO) [IDA],32900.199,
86889,KRQ6878,10,-23.000893,-43.367123,2023-07-26 05:12:17,0.0,,volta,10 - ALVORADA X SANTA CRUZ (EXPRESSO) [VOLTA],514962.4,
12724,LMJ1118,18,-23.021,-43.49363,2023-07-26 05:12:17,52.6,,ida,18 - RECREIO SHOPPING X JARDIM OCEÂNICO (EXPRESSO) [IDA],9644.2,84.0
27209,LSL9B07,25,-23.003197,-43.567667,2023-07-26 05:12:11,58.2,,ida,25 - MATO ALTO X ALVORADA (PARADOR) [IDA],10078.1,105.0
30511,KPV2250,13,-23.009285,-43.447363,2023-07-26 05:12:12,58.5,,volta,13 - ALVORADA X  MATO ALTO (EXPRESSO) [VOLTA],49444.8,255.0
13427,KXE7711,0,-22.920604,-43.608241,2023-07-26 04:54:48,4.1,,,,51855.6,80.0
12725,LMJ1327,25,-22.993387,-43.596947,2023-07-26 05:12:09,0.0,,ida,25 - MATO ALTO X ALVORADA (PARADOR) [IDA],39260.9,309.0
13404,KQO7823,20,-23.010261,-43.449894,2023-07-26 05:12:24,59.0,,ida,20 - SANTA CRUZ X SALVADOR ALLENDE (EXPRESSO) [IDA],56106.9,75.0
47022,KRM7701,10,-23.00977,-43.539145,2023-07-26 05:12:15,54.6,,volta,10 - ALVORADA X SANTA CRUZ (EXPRESSO) [VOLTA],12951.3,304.0
12736,LMJ4504,20,-22.920027,-43.608042,2023-07-26 05:12:10,0.0,,ida,20 - SANTA CRUZ X SALVADOR ALLENDE (EXPRESSO) [IDA],15484.1,
13422,LSI5978,20,-22.993658,-43.597648,2023-07-26 05:11:31,5.0,,ida,20 - SANTA CRUZ X SALVADOR ALLENDE (EXPRESSO) [IDA],40386.3,130.0
12730,LSO8993,19,-23.015671,-43.518588,2023-07-26 05:12:27,57.4,,volta,19 - SALVADOR ALLENDE X PINGO D'AGUA (EXPRESSO) [VOLTA],9257.4,278.0
86872,LSH7386,20,-22.992779,-43.598123,2023-07-26 05:12:10,0.0,,ida,20 - SANTA CRUZ X SALVADOR ALLENDE (EXPRESSO) [IDA],22416.5,
47017,LRS2841,20,-22.95462,-43.649507,2023-07-26 05:12:23,59.7,,ida,20 - SANTA CRUZ X SALVADOR ALLENDE (EXPRESSO) [IDA],47901.1,183.0
86859,KWJ9250,19,-23.016629,-43.515279,2023-07-26 05:09:51,59.8,,ida,19 - PINGO D'AGUA X SALVADOR ALLENDE (EXPRESSO) [IDA],18696.5,107.0
30509,KYM4574,13,-23.000741,-43.364859,2023-07-26 05:12:15,0.0,,volta,13 - ALVORADA X  MATO ALTO (EXPRESSO) [VOLTA],53043.9,262.0
12710,KRO9724,20,-22.992636,-43.59842,2023-07-26 05:12:18,0.0,,ida,20 - SANTA CRUZ X SALVADOR ALLENDE (EXPRESSO) [IDA],38381.0,
12720,KXD9430,20,-23.005029,-43.430607,2023-07-26 05:12:18,0.0,,ida,20 - SANTA CRUZ X SALVADOR ALLENDE (EXPRESSO) [IDA],21768.2,252.0
12712,LSN8501,19,-22.920162,-43.60799,2023-07-26 05:12:12,0.0,,ida,19 - PINGO D'AGUA X SALVADOR ALLENDE (EXPRESSO) [IDA],31093.7,173.0
13407,KPY9732,18,-23.019022,-43.505978,2023-07-26 05:12:13,0.0,,ida,18 - RECREIO SHOPPING X JARDIM OCEÂNICO (EXPRESSO) [IDA],45435.9,
30521,LRC6594,25,-22.949988,-43.651707,2023-07-26 05:12:14,59.8,,ida,25 - MATO ALTO X ALVORADA (PARADOR) [IDA],34824.8,139.0
47010,KPZ8363,25,-23.008105,-43.441668,2023-07-26 05:12:14,22.1,,ida,25 - MATO ALTO X ALVORADA (PARADOR) [IDA],42588.5,82.0
86884,LSP9604,20,-22.973306,-43.380623,2023-07-26 05:12:12,40.4,,ida,20 - SANTA CRUZ X SALVADOR ALLENDE (EXPRESSO) [IDA],15300.2,90.0
90006,LRH6D12,20,-22.916311,-43.684695,2023-07-26 05:12:28,11.5,,ida,20 - SANTA CRUZ X SALVADOR ALLENDE (EXPRESSO) [IDA],29710.0,145.0
30531,LRC6592,19,-22.968625,-43.636229,2023-07-26 05:12:23,60.0,,volta,19 - SALVADOR ALLENDE X PINGO D'AGUA (EXPRESSO) [VOLTA],40607.2,288.0
30524,LRC6601,25,-23.019742,-43.487317,2023-07-26 05:12:25,40.4,,ida,25 - MATO ALTO X ALVORADA (PARADOR) [IDA],29233.7,67.0
13415,KQK7905,25,-23.001016,-43.365386,2023-07-26 05:12:14,0.0,,volta,25 - ALVORADA X MATO ALTO (PARADOR) [VOLTA],45134.5,341.0
901002,,22,-23.000681,-43.36519,2023-07-26 05:12:23,22.8,,ida,22 - ALVORADA X J. OCEÂNICO (PARADOR) [IDA],17406.4,90.0
B13,KYM5979,14,-22.967579,-43.639775,2023-07-26 05:12:25,58.7,,volta,14 - SALVADOR ALLENDE x SANTA EUGÊNIA (EXPRESSO) [VOLTA],1178.2,287.0
B16,LSI3468,14,-22.961243,-43.648394,2023-07-26 05:12:09,0.0,,ida,14 - SANTA EUGÊNIA X SALVADOR ALLENDE (EXPRESSO) [IDA],1124.0,
B19,KZJ7238,14,-22.916566666666668,-43.631663333333336,2023-07-26 05:12:15,0.0,,ida,14 - SANTA EUGÊNIA X SALVADOR ALLENDE (EXPRESSO) [IDA],104993.2,225.0
B14,KRK9519,14,-22.998905,-43.584841,2023-07-26 05:12:18,60.4,,volta,14 - SALVADOR ALLENDE x SANTA EUGÊNIA (EXPRESSO) [VOLTA],1183.8,283.0
B11,KRK9516,14,-22.916704,-43.632969,2023-07-26 05:12:19,0.0,,ida,14 - SANTA EUGÊNIA X SALVADOR ALLENDE (EXPRESSO) [IDA],1220.1,234.0
B25,,14,-22.964665,-43.647789,2023-07-26 05:12:13,16.9,,ida,14 - SANTA EUGÊNIA X SALVADOR ALLENDE (EXPRESSO) [IDA],1110.5,184.0
B28,KQP5E29,14,-22.91648,-43.631113,2023-07-26 05:12:17,0.1,,ida,14 - SANTA EUGÊNIA X SALVADOR ALLENDE (EXPRESSO) [IDA],1141.7,258.0
B40,,14,-22.916539,-43.631336,2023-07-26 05:12:21,0.0,,ida,14 - SANTA EUGÊNIA X SALVADOR ALLENDE (EXPRESSO) [IDA],749.6,253.0
B41,,14,-22.920162,-43.633114,2023-07-26 05:12:16,24.1,,ida,14 - SANTA EUGÊNIA X SALVADOR ALLENDE (EXPRESSO) [IDA],1177.6,93.0
B47,,14,-22.931431,-43.656772,2023-07-26 05:12:26,42.3,,ida,14 - SANTA EUGÊNIA X SALVADOR ALLENDE (EXPRESSO) [IDA],1181.4,241.0
B048,,14,-22.916476,-43.631505,2023-07-26 05:12:09,0.0,,ida,14 - SANTA EUGÊNIA X SALVADOR ALLENDE (EXPRESSO) [IDA],1167.9,258.0
B49,,14,-22.962311,-43.648387,2023-07-26 05:12:13,54.8,,ida,14 - SANTA EUGÊNIA X SALVADOR ALLENDE (EXPRESSO) [IDA],1142.5,146.0
B55,,14,-23.008575,-43.443498,2023-07-26 05:12:19,54.6,,volta,14 - SALVADOR ALLENDE x SANTA EUGÊNIA (EXPRESSO) [VOLTA],1153.9,74.0
B53,,14,-22.917007,-43.634043,2023-07-26 05:12:08,16.9,,ida,14 - SANTA EUGÊNIA X SALVADOR ALLENDE (EXPRESSO) [IDA],1196.0,266.0
B51,,14,-23.018399,-43.483023,2023-07-26 05:12:20,19.0,,volta,14 - SALVADOR ALLENDE x SANTA EUGÊNIA (EXPRESSO) [VOLTA],1233.5,255.0
902119,,35,-22.924363,-43.373814,2023-07-26 05:12:21,6.9,,volta,35 - ALVORADA  X  MADUREIRA (PARADOR) [VOLTA],7690.7,351.0
901058,,51,-22.934991,-43.395624,2023-07-26 05:12:24,58.9,,volta,51 - SENTIDO V. MILITAR (PARADOR) [VOLTA],44196.5,351.0
901071,,22,-22.965724,-43.391298,2023-07-26 05:12:22,0.0,,ida,22 - ALVORADA X J. OCEÂNICO (PARADOR) [IDA],43438.0,
903027,,50,-22.967557,-43.397465,2023-07-26 05:11:58,3.5,,ida,50 - SENTIDO JD. OCEANICO (PARADOR) [IDA],49612.3,43.0
901066,,52,-22.972161,-43.400473,2023-07-26 05:12:25,33.0,,volta,52 - SENTIDO V. MILITAR (PARADOR) [VOLTA],50010.9,359.0
903026,,50,-23.000605,-43.334985,2023-07-26 05:12:23,0.0,,ida,50 - SENTIDO JD. OCEANICO (PARADOR) [IDA],48959.0,98.0
903029,,50,-22.972103,-43.401164,2023-07-26 05:12:21,0.0,,ida,50 - SENTIDO JD. OCEANICO (PARADOR) [IDA],33512.4,176.0
902116,,35,-23.001029,-43.367744,2023-07-26 05:12:22,0.0,,volta,35 - ALVORADA  X  MADUREIRA (PARADOR) [VOLTA],11178.3,
902115,,35,-22.979046,-43.365657,2023-07-26 05:12:14,54.3,,volta,35 - ALVORADA  X  MADUREIRA (PARADOR) [VOLTA],14864.7,1.0
901061,,51,-22.880124,-43.399906,2023-07-26 05:12:18,59.8,,volta,51 - SENTIDO V. MILITAR (PARADOR) [VOLTA],43308.9,346.0
903030,,50,-22.96732,-43.397666,2023-07-26 05:12:27,54.0,,ida,50 - SENTIDO JD. OCEANICO (PARADOR) [IDA],40966.4,221.0
901073,,51,-22.887129,-43.400972,2023-07-26 05:12:18,35.9,,ida,51 - SENTIDO RECREIO (PARADOR) [IDA],41854.1,188.0
901048,,51,-22.97444,-43.404568,2023-07-26 05:12:12,60.1,,ida,51 - SENTIDO RECREIO (PARADOR) [IDA],26344.6,215.0
901065,,52,-22.861493,-43.399421,2023-07-26 05:12:08,0.0,,ida,52 - SENTIDO ALVORADA (PARADOR) [IDA],35398.0,242.0
903031,,38,-22.876634,-43.329806,2023-07-26 05:12:14,0.0,,ida,38 - FUNDÃO X ALVORADA (PARADOR) [IDA],40603.1,87.0
903032,,42,-22.847585,-43.305347,2023-07-26 05:12:09,41.8,,volta,42 - MADUREIRA MANANCEIA X GALEAO (PARADOR) [VOLTA],42711.6,48.0
901075,,0,-22.862065,-43.400335,2023-07-26 05:12:17,0.0,,,,49005.9,232.0
903055,,17,-22.917981,-43.683102,2023-07-26 05:12:21,0.0,,ida,17 - SANTA CRUZ X CAMPO GRANDE (PARADOR) [IDA],18909.5,340.0
903037,,17,-22.931718,-43.657117,2023-07-26 05:12:08,6.2,,ida,17 - SANTA CRUZ X CAMPO GRANDE (PARADOR) [IDA],20707.1,61.0
903002,,42,-22.877914,-43.336431,2023-07-26 05:12:15,0.0,,volta,42 - MADUREIRA MANANCEIA X GALEAO (PARADOR) [VOLTA],6973.4,29.0
901080,,53,-22.919501,-43.396566,2023-07-26 05:11:54,59.5,,ida,53 - SENTIDO ALVORADA (EXPRESSO) [IDA],31278.8,186.0
902110,,35,-22.964632,-43.39037,2023-07-26 05:12:10,51.1,,volta,35 - ALVORADA  X  MADUREIRA (PARADOR) [VOLTA],8836.3,1.0
902114,,35,-22.885257,-43.343232,2023-07-26 05:12:23,59.2,,volta,35 - ALVORADA  X  MADUREIRA (PARADOR) [VOLTA],8977.0,40.0
903054,,17,-22.928239,-43.65363,2023-07-26 05:12:20,31.7,,volta,17 - CAMPO GRANDE  X SANTA CRUZ (PARADOR) [VOLTA],17673.8,235.0
903021,,42,-22.840057,-43.281872,2023-07-26 05:12:08,17.5,,ida,42 - GALEÃO X MADUREIRA MANANCEIA (PARADOR) [IDA],34627.5,305.0
903056,,17,-22.917784,-43.683286,2023-07-26 05:12:18,0.0,,ida,17 - SANTA CRUZ X CAMPO GRANDE (PARADOR) [IDA],14656.1,190.0
903000,,50,-23.000054,-43.352696,2023-07-26 05:12:23,0.0,,volta,50 - SENTIDO T. OLIMPICO (PARADOR) [VOLTA],31888.8,263.0
903058,,17,-22.930836,-43.673341,2023-07-26 05:12:23,19.6,,volta,17 - CAMPO GRANDE  X SANTA CRUZ (PARADOR) [VOLTA],9171.6,331.0
901072,,52,-22.95863,-43.392892,2023-07-26 05:12:18,59.1,,ida,52 - SENTIDO ALVORADA (PARADOR) [IDA],38629.3,146.0
902045,,31,-22.85229,-43.312458,2023-07-26 05:12:19,0.0,,ida,31 - VICENTE DE CARVALHO X ALVORADA (SEMIDIRETO) [IDA],6827.7,
903007,,50,-22.993632,-43.365764,2023-07-26 05:12:09,41.0,,volta,50 - SENTIDO T. OLIMPICO (PARADOR) [VOLTA],41362.3,2.0
903004,,42,-22.839532,-43.296225,2023-07-26 05:12:11,33.5,,ida,42 - GALEÃO X MADUREIRA MANANCEIA (PARADOR) [IDA],39202.8,230.0
903006,,50,-22.841114,-43.298142,2023-07-26 05:12:19,44.1,,ida,50 - SENTIDO JD. OCEANICO (PARADOR) [IDA],46388.2,57.0
903005,,42,-22.839954,-43.239369,2023-07-26 05:11:40,0.0,,ida,42 - GALEÃO X MADUREIRA MANANCEIA (PARADOR) [IDA],38822.7,139.0
903022,,50,-22.973173,-43.383702,2023-07-07 05:12:03,25.3,,volta,50 - SENTIDO T. OLIMPICO (PARADOR) [VOLTA],37740.3,273.0
903035,,17,-22.918352,-43.682844,2023-07-26 05:12:22,0.0,,ida,17 - SANTA CRUZ X CAMPO GRANDE (PARADOR) [IDA],19570.8,324.0
901059,,51,-22.967665,-43.397814,2023-07-26 05:11:55,6.4,,volta,51 - SENTIDO V. MILITAR (PARADOR) [VOLTA],48360.2,41.0
903003,,42,-22.861234,-43.330206,2023-07-26 05:12:26,10.9,,volta,42 - MADUREIRA MANANCEIA X GALEAO (PARADOR) [VOLTA],41709.9,38.0
901020,,22,-23.000719,-43.365294,2023-07-26 05:12:17,0.0,,ida,22 - ALVORADA X J. OCEÂNICO (PARADOR) [IDA],25521.6,
901025,,51,-22.869972,-43.411141,2023-07-26 05:12:16,52.1,,ida,51 - SENTIDO RECREIO (PARADOR) [IDA],40717.2,124.0
901027,,41,-22.856099,-43.38889,2023-07-26 05:12:11,42.9,,volta,41 - TERMINAL RECREIO X PAULO DA PORTELA (EXPRESSO) [VOLTA],25987.8,63.0
901028,,40,-22.926293,-43.373733,2023-07-26 05:12:11,32.5,,ida,40 - PAULO DA PORTELA X ALVORADA (EXPRESSO) [IDA],23781.2,175.0
901030,,40,-22.878566,-43.336257,2023-07-26 05:12:21,0.0,,ida,40 - PAULO DA PORTELA X ALVORADA (EXPRESSO) [IDA],21836.3,358.0
901032,,40,-22.878351,-43.336298,2023-07-26 05:12:18,0.0,,ida,40 - PAULO DA PORTELA X ALVORADA (EXPRESSO) [IDA],25296.1,1.0
901034,,0,-22.922867,-43.373501,2023-07-26 05:12:24,34.3,,,,27519.5,73.0
901036,,52,-22.958265,-43.381587,2023-07-26 05:12:13,46.5,,ida,52 - SENTIDO ALVORADA (PARADOR) [IDA],22807.6,75.0
901038,,22,-22.965043,-43.391467,2023-07-26 05:12:23,0.0,,ida,22 - ALVORADA X J. OCEÂNICO (PARADOR) [IDA],27356.9,
901040,,41,-22.964382,-43.391771,2023-07-26 05:12:20,0.0,,volta,41 - TERMINAL RECREIO X PAULO DA PORTELA (EXPRESSO) [VOLTA],29561.8,
901041,,22,-22.965708,-43.391312,2023-07-26 05:12:26,0.0,,ida,22 - ALVORADA X J. OCEÂNICO (PARADOR) [IDA],26160.4,
903009,,42,-22.857546,-43.257302,2023-07-26 05:12:27,1.2,,ida,42 - GALEÃO X MADUREIRA MANANCEIA (PARADOR) [IDA],47192.5,249.0
903010,,42,-22.839536,-43.239793,2023-07-26 05:12:24,0.1,,ida,42 - GALEÃO X MADUREIRA MANANCEIA (PARADOR) [IDA],43702.3,139.0
903011,,42,-22.84349,-43.269663,2023-07-26 05:12:19,38.6,,volta,42 - MADUREIRA MANANCEIA X GALEAO (PARADOR) [VOLTA],45340.2,126.0
903012,,42,-22.872357,-43.33641,2023-07-26 05:12:13,2.2,,ida,42 - GALEÃO X MADUREIRA MANANCEIA (PARADOR) [IDA],47958.8,201.0
903015,,42,-22.835989,-43.240466,2023-07-26 05:12:16,55.7,,ida,42 - GALEÃO X MADUREIRA MANANCEIA (PARADOR) [IDA],47876.2,215.0
903016,,42,-22.84771,-43.24475,2023-07-26 05:12:25,53.8,,volta,42 - MADUREIRA MANANCEIA X GALEAO (PARADOR) [VOLTA],42535.8,45.0
903017,,50,-23.000765,-43.366652,2023-07-26 05:12:26,19.5,,ida,50 - SENTIDO JD. OCEANICO (PARADOR) [IDA],44910.3,36.0
903020,,50,-22.973206,-43.38584,2023-07-26 05:12:10,0.0,,ida,50 - SENTIDO JD. OCEANICO (PARADOR) [IDA],43843.7,89.0
903024,,38,-22.876829,-43.329887,2023-07-26 05:12:24,0.0,,ida,38 - FUNDÃO X ALVORADA (PARADOR) [IDA],38022.8,
903025,,50,-23.006449,-43.313589,2023-07-26 05:12:22,0.0,,volta,50 - SENTIDO T. OLIMPICO (PARADOR) [VOLTA],39460.3,189.0
903014,,38,-22.91191,-43.360386,2023-07-26 05:12:11,59.5,,ida,38 - FUNDÃO X ALVORADA (PARADOR) [IDA],51729.4,183.0
901060,,51,-23.008501,-43.439924,2023-07-26 05:12:15,0.0,,volta,51 - SENTIDO V. MILITAR (PARADOR) [VOLTA],24784.0,75.0
903052,,17,-22.907843,-43.57721,2023-07-26 05:12:25,38.4,,ida,17 - SANTA CRUZ X CAMPO GRANDE (PARADOR) [IDA],21801.0,70.0
903063,,17,-22.920231,-43.608161,2023-07-26 05:12:08,0.0,,ida,17 - SANTA CRUZ X CAMPO GRANDE (PARADOR) [IDA],21497.7,135.0
902113,,31,-22.852463,-43.312608,2023-07-26 05:12:26,0.0,,ida,31 - VICENTE DE CARVALHO X ALVORADA (SEMIDIRETO) [IDA],8853.8,
902118,,31,-22.876437,-43.329607,2023-07-26 05:12:18,0.0,,ida,31 - VICENTE DE CARVALHO X ALVORADA (SEMIDIRETO) [IDA],7640.6,
902117,,31,-22.865737,-43.334399,2023-07-26 05:12:16,40.0,,ida,31 - VICENTE DE CARVALHO X ALVORADA (SEMIDIRETO) [IDA],10243.9,196.0
901044,,40,-22.897598,-43.352166,2023-07-26 05:12:19,0.0,,ida,40 - PAULO DA PORTELA X ALVORADA (EXPRESSO) [IDA],29597.9,203.0
903033,,42,-22.857314,-43.257081,2023-07-26 05:12:25,31.6,,ida,42 - GALEÃO X MADUREIRA MANANCEIA (PARADOR) [IDA],36570.3,219.0
902049,,46,-22.854522,-43.251527,2023-07-26 04:28:02,0.0,,ida,46 - PENHA X ALVORADA (EXPRESSO) [IDA],36014.8,
902022,,46,-22.842432,-43.27844,2023-07-26 05:12:25,23.5,,ida,46 - PENHA X ALVORADA (EXPRESSO) [IDA],30782.6,287.0
901093,,22,-22.856485,-43.389764,2023-07-26 05:12:23,39.5,,ida,,27800.6,59.0
902059,,43,-22.940578,-43.372487,2023-07-26 05:12:09,0.0,,volta,43 - SANTA EFIGENIA X FUNDÃO (EXPRESSO) [VOLTA],35713.0,
902056,,46,-22.83908,-43.283354,2023-07-26 05:12:24,44.7,,volta,46 - ALVORADA X PENHA (EXPRESSO) [VOLTA],34644.1,122.0
901096,,51,-22.964882,-43.391662,2023-07-26 05:12:25,0.0,,volta,51 - SENTIDO V. MILITAR (PARADOR) [VOLTA],34298.1,
901086,,53,-22.965318,-43.391601,2023-07-26 05:12:26,0.0,,ida,53 - SENTIDO ALVORADA (EXPRESSO) [IDA],48370.4,155.0
902032,,46,-23.000933,-43.367638,2023-07-26 05:12:24,0.0,,volta,46 - ALVORADA X PENHA (EXPRESSO) [VOLTA],36295.6,
901094,,0,-22.973097,-43.388011,2023-07-26 05:12:15,26.1,,,,32746.4,270.0
902027,,43,-22.915602,-43.361478,2023-07-26 05:12:10,43.6,,ida,43 - FUNDÃO X SANTA EFIGENIA (EXPRESSO) [IDA],32877.1,209.0
902028,,46,-22.880366,-43.341693,2023-07-26 05:12:13,37.5,,volta,46 - ALVORADA X PENHA (EXPRESSO) [VOLTA],37594.6,346.0
902018,,40,-22.877655,-43.336762,2023-07-26 05:12:20,0.0,,ida,40 - PAULO DA PORTELA X ALVORADA (EXPRESSO) [IDA],23639.1,
902046,,46,-22.86281,-43.331681,2023-07-26 05:12:19,52.7,,ida,46 - PENHA X ALVORADA (EXPRESSO) [IDA],33374.199,228.0
12715,,10,-22.934073,-43.669142,2023-07-26 05:12:24,56.2,,volta,10 - ALVORADA X SANTA CRUZ (EXPRESSO) [VOLTA],42385.6,309.0
902010,,40,-22.965072,-43.392133,2023-07-26 05:12:20,0.0,,ida,40 - PAULO DA PORTELA X ALVORADA (EXPRESSO) [IDA],10957.6,
901089,,0,-22.964425,-43.391754,2023-07-26 05:12:24,0.0,,,,45838.8,
901062,,51,-23.008425,-43.44065,2023-07-26 05:12:23,16.3,,volta,51 - SENTIDO V. MILITAR (PARADOR) [VOLTA],46936.8,254.0
902033,,43,-22.854346,-43.251284,2023-07-26 05:12:08,0.0,,volta,43 - SANTA EFIGENIA X FUNDÃO (EXPRESSO) [VOLTA],33362.1,
902053,,46,-22.854241,-43.251351,2023-07-26 05:12:18,0.0,,ida,46 - PENHA X ALVORADA (EXPRESSO) [IDA],33488.9,
E902000,,41,-22.854627,-43.251413,2023-07-26 05:12:25,0.0,,volta,41 - TERMINAL RECREIO X PAULO DA PORTELA (EXPRESSO) [VOLTA],10383.7,
901067,,52,-23.000975,-43.36814,2023-07-26 05:12:21,18.4,,volta,52 - SENTIDO V. MILITAR (PARADOR) [VOLTA],41768.8,321.0
E902004,,41,-22.854785,-43.252012,2023-07-26 05:12:21,0.0,,volta,41 - TERMINAL RECREIO X PAULO DA PORTELA (EXPRESSO) [VOLTA],13269.1,
12713,,18,-23.008044,-43.441444,2023-07-26 05:12:10,39.8,,ida,18 - RECREIO SHOPPING X JARDIM OCEÂNICO (EXPRESSO) [IDA],35255.1,74.0
902062,,46,-22.85011,-43.308541,2023-07-26 05:12:24,37.8,,volta,46 - ALVORADA X PENHA (EXPRESSO) [VOLTA],33292.5,58.0
902048,,46,-22.97051,-43.38922,2023-07-26 05:12:22,42.7,,volta,46 - ALVORADA X PENHA (EXPRESSO) [VOLTA],23965.7,307.0
902058,,46,-22.854174,-43.251917,2023-07-26 05:12:14,0.0,,ida,46 - PENHA X ALVORADA (EXPRESSO) [IDA],34575.2,
901068,,51,-23.003079,-43.433114,2023-07-26 05:12:10,31.8,,volta,51 - SENTIDO V. MILITAR (PARADOR) [VOLTA],50822.2,46.0
902003,,41,-22.839479,-43.239809,2023-07-26 05:12:17,0.0,,volta,41 - TERMINAL RECREIO X PAULO DA PORTELA (EXPRESSO) [VOLTA],17397.0,
902102,,35,-22.878517,-43.336287,2023-07-26 05:12:21,0.0,,ida,35 - MADUREIRA X ALVORADA (PARADOR) [IDA],12380.5,
902066,,46,-22.854315,-43.251954,2023-07-26 05:12:12,0.0,,ida,46 - PENHA X ALVORADA (EXPRESSO) [IDA],31314.0,
902052,,46,-23.00101,-43.365434,2023-07-26 05:12:22,14.3,,volta,46 - ALVORADA X PENHA (EXPRESSO) [VOLTA],35617.3,267.0
902050,,43,-22.894875,-43.34976,2023-07-26 05:12:17,56.2,,volta,43 - SANTA EFIGENIA X FUNDÃO (EXPRESSO) [VOLTA],31268.5,35.0
12716,,20,-22.916724,-43.68361,2023-07-26 05:12:22,0.0,,ida,20 - SANTA CRUZ X SALVADOR ALLENDE (EXPRESSO) [IDA],45562.5,
902060,,41,-22.844261,-43.23845,2023-07-26 05:12:18,43.3,,volta,41 - TERMINAL RECREIO X PAULO DA PORTELA (EXPRESSO) [VOLTA],30132.2,345.0
902008,,46,-22.929066,-43.373407,2023-07-26 05:12:23,12.7,,ida,46 - PENHA X ALVORADA (EXPRESSO) [IDA],10530.5,353.0
902047,,46,-22.84142,-43.276876,2023-07-26 05:12:16,0.0,,ida,46 - PENHA X ALVORADA (EXPRESSO) [IDA],23965.9,242.0
902051,,46,-22.88925,-43.346451,2023-07-26 05:12:19,46.8,,ida,46 - PENHA X ALVORADA (EXPRESSO) [IDA],32997.4,209.0
902067,,46,-22.959431,-43.38707,2023-07-26 05:12:19,60.0,,ida,46 - PENHA X ALVORADA (EXPRESSO) [IDA],34097.2,256.0
901088,,31,-22.964892,-43.391847,2023-07-26 05:12:17,11.0,,ida,31 - VICENTE DE CARVALHO X ALVORADA (SEMIDIRETO) [IDA],41618.1,181.0
901098,,51,-22.86159,-43.399769,2023-07-26 05:12:22,0.0,,ida,51 - SENTIDO RECREIO (PARADOR) [IDA],27295.1,
901055,,51,-22.862185,-43.400576,2023-07-26 05:12:11,0.0,,ida,51 - SENTIDO RECREIO (PARADOR) [IDA],46658.5,
901076,,52,-22.859242,-43.394739,2023-07-26 05:12:27,45.2,,ida,52 - SENTIDO ALVORADA (PARADOR) [IDA],31274.5,242.0
902054,,46,-22.854502,-43.251072,2023-07-26 05:12:20,0.0,,ida,46 - PENHA X ALVORADA (EXPRESSO) [IDA],35704.8,
901079,,53,-22.970812,-43.400858,2023-07-26 05:12:01,27.2,,ida,53 - SENTIDO ALVORADA (EXPRESSO) [IDA],44060.2,223.0
901084,,53,-22.948121,-43.391172,2023-07-26 05:12:17,59.8,,ida,53 - SENTIDO ALVORADA (EXPRESSO) [IDA],52304.0,304.0
901070,,52,-22.973266,-43.393493,2023-07-26 05:12:17,26.6,,ida,52 - SENTIDO ALVORADA (PARADOR) [IDA],40492.7,87.0
902080,,46,-22.922131,-43.371738,2023-07-26 05:12:25,43.7,,ida,46 - PENHA X ALVORADA (EXPRESSO) [IDA],34356.5,238.0
901081,,53,-22.884458,-43.399259,2023-07-26 05:12:11,0.0,,ida,53 - SENTIDO ALVORADA (EXPRESSO) [IDA],41801.0,12.0
902065,,43,-22.841355,-43.276714,2023-07-26 05:12:23,13.2,,ida,43 - FUNDÃO X SANTA EFIGENIA (EXPRESSO) [IDA],35364.6,234.0
901069,,52,-23.001372,-43.367015,2023-07-26 05:12:23,0.8,,volta,52 - SENTIDO V. MILITAR (PARADOR) [VOLTA],37743.2,84.0
901074,,52,-22.862243,-43.400855,2023-07-26 05:12:18,0.0,,ida,52 - SENTIDO ALVORADA (PARADOR) [IDA],39513.9,218.0
902030,,31,-22.8985,-43.352913,2023-07-26 05:12:17,49.7,,ida,31 - VICENTE DE CARVALHO X ALVORADA (SEMIDIRETO) [IDA],11301.1,211.0
902071,,46,-23.001015,-43.368005,2023-07-26 05:12:20,0.0,,volta,46 - ALVORADA X PENHA (EXPRESSO) [VOLTA],35937.8,
902072,,43,-22.854546,-43.251279,2023-07-26 05:12:24,0.0,,volta,43 - SANTA EFIGENIA X FUNDÃO (EXPRESSO) [VOLTA],32687.8,
902064,,43,-22.879126,-43.338478,2023-07-26 05:12:24,0.0,,ida,43 - FUNDÃO X SANTA EFIGENIA (EXPRESSO) [IDA],0.0,90.0
902070,,46,-22.979128,-43.365706,2023-07-26 05:12:14,59.5,,ida,46 - PENHA X ALVORADA (EXPRESSO) [IDA],36296.0,181.0
901087,,53,-22.965357,-43.39164,2023-07-26 05:12:19,0.0,,ida,53 - SENTIDO ALVORADA (EXPRESSO) [IDA],47525.3,
902085,,46,-22.854537,-43.251701,2023-07-26 05:12:19,0.0,,ida,46 - PENHA X ALVORADA (EXPRESSO) [IDA],34050.9,
E902001,,41,-22.842249,-43.277926,2023-07-26 05:12:25,18.9,,volta,41 - TERMINAL RECREIO X PAULO DA PORTELA (EXPRESSO) [VOLTA],20873.5,221.0
E902006,,40,-22.878402,-43.336288,2023-07-26 05:12:15,0.0,,ida,40 - PAULO DA PORTELA X ALVORADA (EXPRESSO) [IDA],19305.3,
E902011,,40,-22.879131,-43.337127,2023-07-26 05:12:16,17.1,,ida,40 - PAULO DA PORTELA X ALVORADA (EXPRESSO) [IDA],8602.7,96.0
902002,,41,-22.8624,-43.331259,2023-07-26 05:12:09,46.1,,volta,41 - TERMINAL RECREIO X PAULO DA PORTELA (EXPRESSO) [VOLTA],19833.4,221.0
901095,,51,-22.965305,-43.391515,2023-07-26 05:12:27,0.0,,volta,51 - SENTIDO V. MILITAR (PARADOR) [VOLTA],35035.8,337.0
902069,,41,-22.924262,-43.373939,2023-07-26 05:12:24,21.6,,ida,41 - PAULO DA PORTELA X TERMINAL RECREIO (EXPRESSO) [IDA],32586.4,179.0
902094,,35,-22.897877,-43.352282,2023-07-26 05:12:15,0.2,,volta,35 - ALVORADA  X  MADUREIRA (PARADOR) [VOLTA],9091.2,57.0
902075,,31,-22.87789,-43.33318,2023-07-26 05:12:19,52.1,,ida,31 - VICENTE DE CARVALHO X ALVORADA (SEMIDIRETO) [IDA],14096.2,314.0
902082,,35,-22.955419,-43.377568,2023-07-26 05:12:22,0.1,,ida,35 - MADUREIRA X ALVORADA (PARADOR) [IDA],10871.8,224.0
903062,,17,-22.916207,-43.624526,2023-07-26 05:12:17,54.9,,ida,17 - SANTA CRUZ X CAMPO GRANDE (PARADOR) [IDA],20190.4,91.0
902089,,35,-23.000913,-43.367243,2023-07-26 05:12:17,0.0,,volta,35 - ALVORADA  X  MADUREIRA (PARADOR) [VOLTA],9774.7,
903041,,50,-22.876515,-43.329481,2023-07-26 05:12:10,0.0,,ida,50 - SENTIDO JD. OCEANICO (PARADOR) [IDA],27433.7,
903051,,50,-22.971971,-43.40126,2023-07-26 05:12:21,0.0,,ida,50 - SENTIDO JD. OCEANICO (PARADOR) [IDA],31059.3,290.0
902055,,46,-22.850363,-43.309007,2023-07-26 05:12:16,15.3,,ida,46 - PENHA X ALVORADA (EXPRESSO) [IDA],18.9,229.0
903036,,17,-22.916531,-43.607175,2023-07-26 05:12:17,0.0,,ida,17 - SANTA CRUZ X CAMPO GRANDE (PARADOR) [IDA],156820.3,4.0
902043,,46,-22.877958,-43.336271,2023-07-26 05:12:14,0.0,,ida,46 - PENHA X ALVORADA (EXPRESSO) [IDA],29100.6,
902036,,41,-22.892806,-43.348631,2023-07-26 05:12:14,43.7,,ida,41 - PAULO DA PORTELA X TERMINAL RECREIO (EXPRESSO) [IDA],32320.7,207.0
903039,,17,-22.915003,-43.605462,2023-07-26 05:12:27,18.4,,ida,17 - SANTA CRUZ X CAMPO GRANDE (PARADOR) [IDA],18370.7,69.0
903047,,42,-22.877793,-43.33328,2023-07-26 05:12:25,50.1,,ida,42 - GALEÃO X MADUREIRA MANANCEIA (PARADOR) [IDA],23083.0,314.0
902074,,31,-22.852506,-43.31692,2023-07-26 05:12:19,21.5,,ida,31 - VICENTE DE CARVALHO X ALVORADA (SEMIDIRETO) [IDA],9770.6,83.0
902044,,43,-22.847987,-43.305898,2023-07-26 05:12:09,59.5,,ida,43 - FUNDÃO X SANTA EFIGENIA (EXPRESSO) [IDA],31230.9,229.0
902038,,46,-22.854511,-43.251384,2023-07-26 05:12:16,0.0,,ida,46 - PENHA X ALVORADA (EXPRESSO) [IDA],7575.2,
903064,,50,-22.972307,-43.401043,2023-07-26 05:11:50,0.3,,ida,50 - SENTIDO JD. OCEANICO (PARADOR) [IDA],22136.7,175.0
903069,,17,-22.918102,-43.683095,2023-07-26 05:12:17,0.1,,ida,17 - SANTA CRUZ X CAMPO GRANDE (PARADOR) [IDA],22413.1,330.0
902042,,46,-22.936333,-43.371626,2023-07-26 05:12:26,0.0,,volta,46 - ALVORADA X PENHA (EXPRESSO) [VOLTA],31924.8,
902040,,46,-22.897767,-43.352189,2023-07-26 05:12:12,29.1,,volta,46 - ALVORADA X PENHA (EXPRESSO) [VOLTA],34114.0,31.0
903038,,17,-22.915918,-43.625483,2023-07-26 05:12:16,55.4,,volta,17 - CAMPO GRANDE  X SANTA CRUZ (PARADOR) [VOLTA],26544.3,294.0
12732,,18,-23.011578,-43.532353,2023-07-26 05:07:53,60.4,,ida,18 - RECREIO SHOPPING X JARDIM OCEÂNICO (EXPRESSO) [IDA],25696.2,115.0
902076,,46,-22.85482,-43.252054,2023-07-26 05:12:13,0.0,,ida,46 - PENHA X ALVORADA (EXPRESSO) [IDA],27510.5,
902096,,35,-23.00135,-43.366062,2023-07-26 05:12:13,0.0,,volta,35 - ALVORADA  X  MADUREIRA (PARADOR) [VOLTA],14221.7,
902100,,35,-22.878522,-43.336347,2023-07-26 05:12:09,0.0,,ida,35 - MADUREIRA X ALVORADA (PARADOR) [IDA],13435.3,
903059,,17,-22.933931,-43.664553,2023-07-26 05:12:24,47.7,,ida,17 - SANTA CRUZ X CAMPO GRANDE (PARADOR) [IDA],18747.5,246.0
902079,,46,-22.841415,-43.275745,2023-07-26 05:12:21,0.0,,ida,46 - PENHA X ALVORADA (EXPRESSO) [IDA],30822.0,
903066,,17,-22.920699,-43.681016,2023-07-26 05:12:23,0.0,,ida,17 - SANTA CRUZ X CAMPO GRANDE (PARADOR) [IDA],24876.1,138.0
902099,,35,-22.88859,-43.346113,2023-07-26 05:12:21,0.6,,ida,35 - MADUREIRA X ALVORADA (PARADOR) [IDA],11543.1,206.0
902091,,35,-22.973248,-43.382943,2023-07-26 05:12:22,7.8,,ida,35 - MADUREIRA X ALVORADA (PARADOR) [IDA],14052.7,90.0
901099,,51,-22.946808,-43.393408,2023-07-26 05:12:24,56.6,,ida,51 - SENTIDO RECREIO (PARADOR) [IDA],29488.9,139.0
903046,,42,-22.878032,-43.336512,2023-07-26 05:12:10,0.0,,volta,42 - MADUREIRA MANANCEIA X GALEAO (PARADOR) [VOLTA],29786.2,30.0
903070,,17,-22.916352,-43.607159,2023-07-26 05:12:20,0.0,,ida,17 - SANTA CRUZ X CAMPO GRANDE (PARADOR) [IDA],9256.4,250.0
44706,LRG8855,20,-22.918598,-43.682662,2023-07-26 05:12:16,0.0,,ida,20 - SANTA CRUZ X SALVADOR ALLENDE (EXPRESSO) [IDA],21875.2,
903065,,17,-22.911072,-43.586488,2023-07-26 05:12:22,54.1,,volta,17 - CAMPO GRANDE  X SANTA CRUZ (PARADOR) [VOLTA],16964.5,288.0
901008,,22,-23.000006,-43.359391,2023-07-26 05:12:51,21.5,,ida,22 - ALVORADA X J. OCEÂNICO (PARADOR) [IDA],22784.3,97.0
901011,RIV8A74,22,-23.000914,-43.364679,2023-07-26 05:12:49,0.0,,ida,22 - ALVORADA X J. OCEÂNICO (PARADOR) [IDA],23500.0,253.0
901007,,22,-23.000351,-43.34151,2023-07-26 05:12:49,0.0,,ida,22 - ALVORADA X J. OCEÂNICO (PARADOR) [IDA],21821.0,99.0
901009,,22,-23.000839,-43.366082,2023-07-26 05:12:58,0.0,,volta,,20865.0,264.0
901010,RJM8G30,22,-23.000994,-43.365908,2023-07-26 05:13:07,0.0,,ida,22 - ALVORADA X J. OCEÂNICO (PARADOR) [IDA],22869.6,230.0
901015,,51,-22.964553,-43.391736,2023-07-26 04:12:35,0.0,,volta,51 - SENTIDO V. MILITAR (PARADOR) [VOLTA],14154.3,
901017,,22,-23.000715,-43.366003,2023-07-26 05:13:06,0.0,,ida,22 - ALVORADA X J. OCEÂNICO (PARADOR) [IDA],25122.4,
901006,RJA9F56,22,-23.00657,-43.31449,2023-07-26 05:13:03,52.0,,ida,22 - ALVORADA X J. OCEÂNICO (PARADOR) [IDA],19383.4,97.0
901005,RJB8E53,22,-23.006488,-43.313052,2023-07-26 05:13:06,0.0,,volta,22 - J. OCEÂNICO X ALVORADA (PARADOR) [VOLTA],21643.4,268.0
901004,RJQ8J80,22,-23.003262,-43.324098,2023-07-26 05:13:03,0.0,,volta,22 - J. OCEÂNICO X ALVORADA (PARADOR) [VOLTA],21433.8,282.0
30504,,25,-23.005121,-43.431161,2023-07-26 05:12:45,53.5,,volta,25 - ALVORADA X MATO ALTO (PARADOR) [VOLTA],53632.7,253.0
30533,KWO8120,13,-22.920681,-43.607818,2023-07-26 05:12:53,0.0,,ida,13 - MATO ALTO X ALVORADA (EXPRESSO) [IDA],52594.6,76.0
30538,KXE7719,20,-22.968836,-43.623674,2023-07-26 05:12:49,45.3,,volta,20 - SALVADOR ALLENDE X SANTA CRUZ (EXPRESSO) [VOLTA],55897.0,257.0
50309,KPN6B05,13,-23.000541,-43.387212,2023-07-26 05:12:49,41.3,,ida,13 - MATO ALTO X ALVORADA (EXPRESSO) [IDA],20089.4,90.0
30532,KYL8599,13,-23.015881,-43.471934,2023-07-26 05:12:55,46.7,,ida,13 - MATO ALTO X ALVORADA (EXPRESSO) [IDA],41766.2,75.0
47030,LSQ5263,20,-23.0119,-43.531708,2023-07-26 05:11:26,54.8,,ida,20 - SANTA CRUZ X SALVADOR ALLENDE (EXPRESSO) [IDA],53784.8,119.0
30519,LRE9804,11,-22.920074,-43.608092,2023-07-26 05:13:01,0.0,,ida,11 - SANTA CRUZ X ALVORADA (PARADOR) [IDA],51494.8,
90005,KWK6A89,20,-22.918832,-43.682595,2023-07-26 05:12:54,0.0,,ida,20 - SANTA CRUZ X SALVADOR ALLENDE (EXPRESSO) [IDA],49835.5,326.0
86875,KQB4103,12,-22.916629,-43.632803,2023-07-26 05:12:49,0.0,,ida,12 - PINGO D'AGUA X ALVORADA (EXPRESSO) [IDA],13015.3,
30518,KYL8597,25,-23.001019,-43.367345,2023-07-26 05:13:05,0.0,,volta,25 - ALVORADA X MATO ALTO (PARADOR) [VOLTA],37111.0,269.0
902090,,35,-22.924838,-43.373866,2023-07-26 05:12:49,13.0,,ida,35 - MADUREIRA X ALVORADA (PARADOR) [IDA],15081.8,174.0
47029,LSQ5267,20,-22.916923,-43.683478,2023-07-26 05:12:58,0.0,,ida,20 - SANTA CRUZ X SALVADOR ALLENDE (EXPRESSO) [IDA],56965.0,333.0
47012,KPZ8364,20,-22.929261,-43.675511,2023-07-26 05:12:58,47.8,,ida,20 - SANTA CRUZ X SALVADOR ALLENDE (EXPRESSO) [IDA],54992.7,131.0
86885,LTB5540,14,-22.916154,-43.624506,2023-07-26 05:12:48,38.8,,ida,14 - SANTA EUGÊNIA X SALVADOR ALLENDE (EXPRESSO) [IDA],514716.6,272.0
12738,KRR2404,25,-22.993108,-43.597353,2023-07-26 05:13:03,0.0,,ida,25 - MATO ALTO X ALVORADA (PARADOR) [IDA],37392.2,
86886,LTB5541,14,-22.934473,-43.665305,2023-07-26 05:12:47,17.5,,ida,14 - SANTA EUGÊNIA X SALVADOR ALLENDE (EXPRESSO) [IDA],13091.0,220.0
13428,KXE7712,11,-22.92024,-43.608228,2023-07-26 05:13:01,0.0,,ida,11 - SANTA CRUZ X ALVORADA (PARADOR) [IDA],57799.2,174.0
47006,KWZ8630,18,-23.0191,-43.505094,2023-07-26 05:13:04,0.0,,ida,18 - RECREIO SHOPPING X JARDIM OCEÂNICO (EXPRESSO) [IDA],50888.5,
47007,LSP6018,18,-22.920708,-43.607727,2023-07-26 05:13:01,0.0,,ida,18 - RECREIO SHOPPING X JARDIM OCEÂNICO (EXPRESSO) [IDA],42179.7,158.0
13413,KWI9711,12,-22.993033,-43.59794,2023-07-26 05:12:49,0.0,,ida,12 - PINGO D'AGUA X ALVORADA (EXPRESSO) [IDA],43512.1,132.0
90001,KPZ5E15,19,-22.968619,-43.621843,2023-07-26 05:13:05,0.0,,ida,19 - PINGO D'AGUA X SALVADOR ALLENDE (EXPRESSO) [IDA],44135.1,70.0
901057,,52,-22.935055,-43.395617,2023-07-26 05:12:54,59.5,,volta,52 - SENTIDO V. MILITAR (PARADOR) [VOLTA],51068.0,351.0
901003,RKM8C54,22,-23.000022,-43.351667,2023-07-26 05:12:47,37.3,,volta,22 - J. OCEÂNICO X ALVORADA (PARADOR) [VOLTA],22830.3,271.0
86874,KQB4102,20,-22.918855,-43.607559,2023-07-26 05:12:53,0.0,,ida,20 - SANTA CRUZ X SALVADOR ALLENDE (EXPRESSO) [IDA],512858.4,98.0
86879,LTN5696,18,-22.992855,-43.598159,2023-07-26 05:12:47,0.0,,ida,18 - RECREIO SHOPPING X JARDIM OCEÂNICO (EXPRESSO) [IDA],1812.9,
47011,LRH8889,0,-22.92065,-43.607913,2023-07-26 05:12:58,0.0,,,,39516.0,168.0
30537,KXE7720,12,-22.918202,-43.639038,2023-07-26 05:12:57,32.2,,ida,12 - PINGO D'AGUA X ALVORADA (EXPRESSO) [IDA],51508.6,232.0
50301,KPP5B70,25,-23.014431,-43.466901,2023-07-26 05:13:04,0.8,,volta,25 - ALVORADA X MATO ALTO (PARADOR) [VOLTA],3952.6,242.0
13401,KQO7822,19,-23.0044,-43.428138,2023-07-26 05:12:56,49.9,,volta,19 - SALVADOR ALLENDE X PINGO D'AGUA (EXPRESSO) [VOLTA],53649.2,70.0
13421,KWO8119,10,-22.920282,-43.60819,2023-07-26 05:12:58,0.0,,ida,10 - SANTA CRUZ X ALVORADA (EXPRESSO) [IDA],14957.8,
27174,KQP5437,13,-23.004997,-43.559885,2023-07-26 05:12:59,19.4,,ida,13 - MATO ALTO X ALVORADA (EXPRESSO) [IDA],18877.5,104.0
47026,KYA7928,10,-22.920584,-43.608013,2023-07-26 05:12:51,0.0,,ida,10 - SANTA CRUZ X ALVORADA (EXPRESSO) [IDA],32900.199,
86889,KRQ6878,10,-23.000893,-43.367123,2023-07-26 05:12:58,0.0,,volta,10 - ALVORADA X SANTA CRUZ (EXPRESSO) [VOLTA],514962.4,
12724,LMJ1118,18,-23.019914,-43.488119,2023-07-26 05:12:58,33.5,,ida,18 - RECREIO SHOPPING X JARDIM OCEÂNICO (EXPRESSO) [IDA],9644.8,64.0
27209,LSL9B07,25,-23.00475,-43.561134,2023-07-26 05:12:52,57.3,,ida,25 - MATO ALTO X ALVORADA (PARADOR) [IDA],10078.8,104.0
30511,KPV2250,13,-23.010837,-43.453226,2023-07-26 05:12:51,35.6,,volta,13 - ALVORADA X  MATO ALTO (EXPRESSO) [VOLTA],49445.5,255.0
13427,KXE7711,0,-22.920694,-43.608308,2023-07-26 05:12:48,0.0,,,,51855.6,
12725,LMJ1327,25,-22.993388,-43.596949,2023-07-26 05:12:48,0.0,,ida,25 - MATO ALTO X ALVORADA (PARADOR) [IDA],39260.9,
13404,KQO7823,20,-23.008867,-43.444493,2023-07-26 05:13:04,21.8,,ida,20 - SANTA CRUZ X SALVADOR ALLENDE (EXPRESSO) [IDA],56107.4,76.0
47022,KRM7701,10,-23.00753,-43.543845,2023-07-26 05:12:49,59.1,,volta,10 - ALVORADA X SANTA CRUZ (EXPRESSO) [VOLTA],12951.9,279.0
13422,LSI5978,20,-22.994478,-43.596239,2023-07-26 05:12:51,31.5,,ida,20 - SANTA CRUZ X SALVADOR ALLENDE (EXPRESSO) [IDA],40386.5,129.0
86872,LSH7386,20,-22.992779,-43.598121,2023-07-26 05:12:50,0.0,,ida,20 - SANTA CRUZ X SALVADOR ALLENDE (EXPRESSO) [IDA],22416.5,
47017,LRS2841,20,-22.960661,-43.649591,2023-07-26 05:13:03,61.8,,ida,20 - SANTA CRUZ X SALVADOR ALLENDE (EXPRESSO) [IDA],47901.8,147.0
86859,KWJ9250,19,-23.020637,-43.490764,2023-07-26 05:12:51,53.7,,ida,19 - PINGO D'AGUA X SALVADOR ALLENDE (EXPRESSO) [IDA],18699.1,76.0
30509,KYM4574,13,-23.000709,-43.364888,2023-07-26 05:12:55,0.0,,volta,13 - ALVORADA X  MATO ALTO (EXPRESSO) [VOLTA],53043.9,262.0
12710,KRO9724,20,-22.992662,-43.598377,2023-07-26 05:12:58,0.0,,ida,20 - SANTA CRUZ X SALVADOR ALLENDE (EXPRESSO) [IDA],38381.0,
12720,KXD9430,20,-23.005691,-43.433218,2023-07-26 05:12:58,46.9,,ida,20 - SANTA CRUZ X SALVADOR ALLENDE (EXPRESSO) [IDA],21768.5,253.0
12712,LSN8501,19,-22.920156,-43.607985,2023-07-26 05:12:52,0.0,,ida,19 - PINGO D'AGUA X SALVADOR ALLENDE (EXPRESSO) [IDA],31093.7,
13407,KPY9732,18,-23.019022,-43.505978,2023-07-26 05:12:53,0.0,,ida,18 - RECREIO SHOPPING X JARDIM OCEÂNICO (EXPRESSO) [IDA],45435.9,
30521,LRC6594,25,-22.953345,-43.649406,2023-07-26 05:12:55,38.1,,ida,25 - MATO ALTO X ALVORADA (PARADOR) [IDA],34825.3,181.0
30514,KYL8595,11,-22.920187,-43.607916,2023-07-26 05:09:06,0.0,,ida,11 - SANTA CRUZ X ALVORADA (PARADOR) [IDA],38408.7,
47010,KPZ8363,25,-23.007005,-43.437363,2023-07-26 05:12:54,47.4,,ida,25 - MATO ALTO X ALVORADA (PARADOR) [IDA],42589.0,76.0
86884,LSP9604,20,-22.97329,-43.379801,2023-07-26 05:12:52,7.2,,ida,20 - SANTA CRUZ X SALVADOR ALLENDE (EXPRESSO) [IDA],15300.3,91.0
90006,LRH6D12,20,-22.917591,-43.684298,2023-07-26 05:12:53,22.1,,ida,20 - SANTA CRUZ X SALVADOR ALLENDE (EXPRESSO) [IDA],29710.1,164.0
30524,LRC6601,25,-23.019565,-43.486601,2023-07-26 05:13:00,5.6,,ida,25 - MATO ALTO X ALVORADA (PARADOR) [IDA],29233.8,69.0
13415,KQK7905,25,-23.000919,-43.365758,2023-07-26 05:12:53,12.9,,volta,25 - ALVORADA X MATO ALTO (PARADOR) [VOLTA],45134.6,275.0
901002,,22,-23.001126,-43.365238,2023-07-26 05:13:04,4.0,,ida,22 - ALVORADA X J. OCEÂNICO (PARADOR) [IDA],17406.6,253.0
B13,KYM5979,14,-22.966755,-43.642642,2023-07-26 05:12:44,58.3,,volta,14 - SALVADOR ALLENDE x SANTA EUGÊNIA (EXPRESSO) [VOLTA],1178.5,287.0
B16,LSI3468,14,-22.961255,-43.648401,2023-07-26 05:12:50,0.0,,ida,14 - SANTA EUGÊNIA X SALVADOR ALLENDE (EXPRESSO) [IDA],1124.0,
B17,KWY8231,14,-22.961354,-43.64838,2023-07-26 04:20:48,0.0,,ida,14 - SANTA EUGÊNIA X SALVADOR ALLENDE (EXPRESSO) [IDA],1235.7,
B19,KZJ7238,14,-22.916566666666668,-43.631663333333336,2023-07-26 05:12:55,0.0,,ida,14 - SANTA EUGÊNIA X SALVADOR ALLENDE (EXPRESSO) [IDA],104993.2,225.0
B14,KRK9519,14,-22.997416,-43.591155,2023-07-26 05:12:58,60.3,,volta,14 - SALVADOR ALLENDE x SANTA EUGÊNIA (EXPRESSO) [VOLTA],1184.5,284.0
B11,KRK9516,14,-22.916659,-43.633018,2023-07-26 05:12:59,0.3,,ida,14 - SANTA EUGÊNIA X SALVADOR ALLENDE (EXPRESSO) [IDA],1220.1,234.0
B12,LMH5981,14,-22.91651,-43.631628,2023-07-26 05:09:08,5.0,,ida,14 - SANTA EUGÊNIA X SALVADOR ALLENDE (EXPRESSO) [IDA],1150.5,290.0
B25,,14,-22.965922,-43.647253,2023-07-26 05:12:49,24.5,,ida,14 - SANTA EUGÊNIA X SALVADOR ALLENDE (EXPRESSO) [IDA],1110.7,88.0
B28,KQP5E29,14,-22.916479,-43.631113,2023-07-26 05:12:57,0.0,,ida,14 - SANTA EUGÊNIA X SALVADOR ALLENDE (EXPRESSO) [IDA],1141.7,258.0
B40,,14,-22.916539,-43.631336,2023-07-26 05:13:01,0.0,,ida,14 - SANTA EUGÊNIA X SALVADOR ALLENDE (EXPRESSO) [IDA],749.6,253.0
B41,,14,-22.918994,-43.631723,2023-07-26 05:13:03,23.9,,ida,14 - SANTA EUGÊNIA X SALVADOR ALLENDE (EXPRESSO) [IDA],1177.9,69.0
B47,,14,-22.932279,-43.658413,2023-07-26 05:13:06,36.9,,ida,14 - SANTA EUGÊNIA X SALVADOR ALLENDE (EXPRESSO) [IDA],1181.6,249.0
B048,,14,-22.916479,-43.631488,2023-07-26 05:12:49,0.0,,ida,14 - SANTA EUGÊNIA X SALVADOR ALLENDE (EXPRESSO) [IDA],1167.9,258.0
B49,,14,-22.965133,-43.647791,2023-07-26 05:12:52,14.8,,ida,14 - SANTA EUGÊNIA X SALVADOR ALLENDE (EXPRESSO) [IDA],1142.9,179.0
B55,,14,-23.008145,-43.442083,2023-07-26 05:12:58,0.0,,volta,14 - SALVADOR ALLENDE x SANTA EUGÊNIA (EXPRESSO) [VOLTA],1154.1,61.0
B53,,14,-22.917674,-43.638143,2023-07-26 05:12:48,42.0,,ida,14 - SANTA EUGÊNIA X SALVADOR ALLENDE (EXPRESSO) [IDA],1196.4,245.0
B51,,14,-23.018565,-43.483617,2023-07-26 05:12:59,21.4,,volta,14 - SALVADOR ALLENDE x SANTA EUGÊNIA (EXPRESSO) [VOLTA],1233.6,257.0
902119,,35,-22.922883,-43.37353,2023-07-26 05:13:01,16.3,,volta,35 - ALVORADA  X  MADUREIRA (PARADOR) [VOLTA],7690.9,73.0
901058,,51,-22.929205,-43.395314,2023-07-26 05:13:04,55.8,,volta,51 - SENTIDO V. MILITAR (PARADOR) [VOLTA],44197.1,342.0
901071,,22,-22.965724,-43.391298,2023-07-26 05:13:01,0.0,,ida,22 - ALVORADA X J. OCEÂNICO (PARADOR) [IDA],43438.0,
903027,,50,-22.964188,-43.394461,2023-07-26 05:12:59,3.8,,ida,50 - SENTIDO JD. OCEANICO (PARADOR) [IDA],49612.8,50.0
901066,,52,-22.971542,-43.401044,2023-07-26 05:12:58,27.6,,volta,52 - SENTIDO V. MILITAR (PARADOR) [VOLTA],50011.0,215.0
903026,,50,-23.000655,-43.334634,2023-07-26 05:13:03,6.3,,ida,50 - SENTIDO JD. OCEANICO (PARADOR) [IDA],48959.0,96.0
903029,,50,-22.972125,-43.401168,2023-07-26 05:13:01,0.0,,ida,50 - SENTIDO JD. OCEANICO (PARADOR) [IDA],33512.4,176.0
902116,,35,-23.001029,-43.367744,2023-07-26 05:13:02,0.0,,volta,35 - ALVORADA  X  MADUREIRA (PARADOR) [VOLTA],11178.3,
902115,,35,-22.973506,-43.363854,2023-07-26 05:12:59,38.9,,volta,35 - ALVORADA  X  MADUREIRA (PARADOR) [VOLTA],14865.4,313.0
901061,,51,-22.876543,-43.404671,2023-07-26 05:12:58,50.3,,volta,51 - SENTIDO V. MILITAR (PARADOR) [VOLTA],43309.5,322.0
903030,,50,-22.969649,-43.399819,2023-07-26 05:12:48,58.4,,ida,50 - SENTIDO JD. OCEANICO (PARADOR) [IDA],40966.7,217.0
901073,,51,-22.892579,-43.400222,2023-07-26 05:12:59,59.5,,ida,51 - SENTIDO RECREIO (PARADOR) [IDA],41854.7,162.0
901048,,51,-22.976327,-43.406037,2023-07-26 05:12:53,0.0,,ida,51 - SENTIDO RECREIO (PARADOR) [IDA],26344.9,217.0
901065,,52,-22.861509,-43.39944,2023-07-26 05:12:48,0.0,,ida,52 - SENTIDO ALVORADA (PARADOR) [IDA],35398.1,242.0
903031,,38,-22.876786,-43.32916,2023-07-26 05:13:05,18.8,,ida,38 - FUNDÃO X ALVORADA (PARADOR) [IDA],40603.1,166.0
903032,,42,-22.844381,-43.301136,2023-07-26 05:12:50,46.2,,volta,42 - MADUREIRA MANANCEIA X GALEAO (PARADOR) [VOLTA],42712.2,28.0
901075,,0,-22.862064,-43.400335,2023-07-26 05:12:57,0.0,,,,49005.9,
903055,,17,-22.917981,-43.683102,2023-07-26 05:13:02,0.0,,ida,17 - SANTA CRUZ X CAMPO GRANDE (PARADOR) [IDA],18909.5,340.0
903037,,17,-22.931157,-43.656263,2023-07-26 05:12:48,15.9,,ida,17 - SANTA CRUZ X CAMPO GRANDE (PARADOR) [IDA],20707.2,49.0
903002,,42,-22.877914,-43.336431,2023-07-26 05:12:55,0.0,,volta,42 - MADUREIRA MANANCEIA X GALEAO (PARADOR) [VOLTA],6973.4,29.0
901080,,53,-22.928042,-43.39601,2023-07-26 05:12:54,61.7,,ida,53 - SENTIDO ALVORADA (EXPRESSO) [IDA],31279.8,153.0
902110,,35,-22.960633,-43.389906,2023-07-26 05:12:50,17.1,,volta,35 - ALVORADA  X  MADUREIRA (PARADOR) [VOLTA],8836.8,25.0
902114,,35,-22.881922,-43.341827,2023-07-26 05:13:04,0.0,,volta,35 - ALVORADA  X  MADUREIRA (PARADOR) [VOLTA],8977.4,6.0
903054,,17,-22.929706,-43.655349,2023-07-26 05:13:06,46.7,,volta,17 - CAMPO GRANDE  X SANTA CRUZ (PARADOR) [VOLTA],17674.1,208.0
903021,,42,-22.838844,-43.283659,2023-07-26 05:12:48,17.1,,ida,42 - GALEÃO X MADUREIRA MANANCEIA (PARADOR) [IDA],34627.7,304.0
903056,,17,-22.917815,-43.683236,2023-07-26 05:12:58,0.0,,ida,17 - SANTA CRUZ X CAMPO GRANDE (PARADOR) [IDA],14656.1,164.0
903000,,50,-22.99991,-43.357293,2023-07-26 05:13:03,58.9,,volta,50 - SENTIDO T. OLIMPICO (PARADOR) [VOLTA],31889.3,272.0
903058,,17,-22.930332,-43.674084,2023-07-26 05:12:54,36.3,,volta,17 - CAMPO GRANDE  X SANTA CRUZ (PARADOR) [VOLTA],9171.7,311.0
901072,,52,-22.963082,-43.393692,2023-07-26 05:12:57,35.3,,ida,52 - SENTIDO ALVORADA (PARADOR) [IDA],38629.9,216.0
902045,,31,-22.85229,-43.312458,2023-07-26 05:12:58,0.0,,ida,31 - VICENTE DE CARVALHO X ALVORADA (SEMIDIRETO) [IDA],6827.7,
903007,,50,-22.988941,-43.365755,2023-07-26 05:12:49,17.6,,volta,50 - SENTIDO T. OLIMPICO (PARADOR) [VOLTA],41362.9,359.0
903004,,42,-22.841526,-43.298907,2023-07-26 05:12:51,11.9,,ida,42 - GALEÃO X MADUREIRA MANANCEIA (PARADOR) [IDA],39203.1,231.0
903006,,50,-22.838458,-43.294227,2023-07-26 05:13:02,47.8,,ida,50 - SENTIDO JD. OCEANICO (PARADOR) [IDA],46388.6,76.0
903005,,42,-22.839954,-43.239369,2023-07-26 05:13:01,0.0,,ida,42 - GALEÃO X MADUREIRA MANANCEIA (PARADOR) [IDA],38822.7,139.0
903022,,50,-22.973268,-43.390197,2023-07-26 05:13:02,59.1,,volta,50 - SENTIDO T. OLIMPICO (PARADOR) [VOLTA],37741.0,270.0
903035,,17,-22.918227,-43.683003,2023-07-26 05:13:02,12.4,,ida,17 - SANTA CRUZ X CAMPO GRANDE (PARADOR) [IDA],19570.8,313.0
901059,,51,-22.96575,-43.396051,2023-07-26 05:12:54,45.7,,volta,51 - SENTIDO V. MILITAR (PARADOR) [VOLTA],48360.5,39.0
903003,,42,-22.859782,-43.329666,2023-07-26 05:12:47,38.3,,volta,42 - MADUREIRA MANANCEIA X GALEAO (PARADOR) [VOLTA],41710.1,9.0
901020,,22,-23.000706,-43.365247,2023-07-26 05:12:57,0.0,,ida,22 - ALVORADA X J. OCEÂNICO (PARADOR) [IDA],25521.6,
901025,,51,-22.874287,-43.406819,2023-07-26 05:12:56,59.4,,ida,51 - SENTIDO RECREIO (PARADOR) [IDA],40717.9,142.0
901027,,41,-22.853622,-43.38556,2023-07-26 05:13:04,18.2,,volta,41 - TERMINAL RECREIO X PAULO DA PORTELA (EXPRESSO) [VOLTA],25988.3,156.0
901028,,40,-22.93056,-43.373318,2023-07-26 05:12:50,58.8,,ida,40 - PAULO DA PORTELA X ALVORADA (EXPRESSO) [IDA],23781.7,171.0
901030,,40,-22.878595,-43.336272,2023-07-26 05:13:00,0.0,,ida,40 - PAULO DA PORTELA X ALVORADA (EXPRESSO) [IDA],21836.3,358.0
901032,,40,-22.878351,-43.336298,2023-07-26 05:12:59,0.0,,ida,40 - PAULO DA PORTELA X ALVORADA (EXPRESSO) [IDA],25296.1,
901034,,0,-22.921516,-43.370664,2023-07-26 05:13:04,0.0,,,,27519.8,61.0
901036,,52,-22.954198,-43.376001,2023-07-26 05:13:05,48.7,,ida,52 - SENTIDO ALVORADA (PARADOR) [IDA],22808.3,36.0
901038,,22,-22.965043,-43.391467,2023-07-26 05:13:02,0.0,,ida,22 - ALVORADA X J. OCEÂNICO (PARADOR) [IDA],27356.9,
901040,,41,-22.964383,-43.391752,2023-07-26 05:13:00,0.0,,volta,41 - TERMINAL RECREIO X PAULO DA PORTELA (EXPRESSO) [VOLTA],29561.8,
901041,,22,-22.965719,-43.391329,2023-07-26 05:13:06,0.0,,ida,22 - ALVORADA X J. OCEÂNICO (PARADOR) [IDA],26160.4,
903009,,42,-22.857474,-43.258099,2023-07-26 05:12:47,10.1,,ida,42 - GALEÃO X MADUREIRA MANANCEIA (PARADOR) [IDA],47192.6,260.0
903010,,42,-22.83954,-43.239751,2023-07-26 05:13:04,0.0,,ida,42 - GALEÃO X MADUREIRA MANANCEIA (PARADOR) [IDA],43702.3,
903011,,42,-22.846891,-43.266715,2023-07-26 05:13:04,34.4,,volta,42 - MADUREIRA MANANCEIA X GALEAO (PARADOR) [VOLTA],45340.7,154.0
903012,,42,-22.872676,-43.336396,2023-07-26 05:13:03,25.1,,ida,42 - GALEÃO X MADUREIRA MANANCEIA (PARADOR) [IDA],47958.8,172.0
903015,,42,-22.838887,-43.241413,2023-07-26 05:12:56,0.0,,ida,42 - GALEÃO X MADUREIRA MANANCEIA (PARADOR) [IDA],47876.5,140.0
903016,,42,-22.846994,-43.243449,2023-07-26 05:13:05,0.0,,volta,42 - MADUREIRA MANANCEIA X GALEAO (PARADOR) [VOLTA],42535.9,74.0
903017,,50,-23.000699,-43.364348,2023-07-26 05:13:06,18.8,,ida,50 - SENTIDO JD. OCEANICO (PARADOR) [IDA],44910.5,140.0
903020,,50,-22.973232,-43.383591,2023-07-26 05:12:50,36.3,,ida,50 - SENTIDO JD. OCEANICO (PARADOR) [IDA],43844.0,90.0
903024,,38,-22.876829,-43.329887,2023-07-26 05:13:04,0.0,,ida,38 - FUNDÃO X ALVORADA (PARADOR) [IDA],38022.8,
903025,,50,-23.006442,-43.313642,2023-07-26 05:13:01,0.0,,volta,50 - SENTIDO T. OLIMPICO (PARADOR) [VOLTA],39460.3,189.0
903014,,38,-22.916611,-43.362243,2023-07-26 05:12:51,41.9,,ida,38 - FUNDÃO X ALVORADA (PARADOR) [IDA],51729.9,231.0
901060,,51,-23.008501,-43.439924,2023-07-26 05:12:55,0.0,,volta,51 - SENTIDO V. MILITAR (PARADOR) [VOLTA],24784.0,75.0
903052,,17,-22.906705,-43.573379,2023-07-26 05:13:05,38.8,,ida,17 - SANTA CRUZ X CAMPO GRANDE (PARADOR) [IDA],21801.4,80.0
903063,,17,-22.920223,-43.608128,2023-07-26 05:12:48,0.0,,ida,17 - SANTA CRUZ X CAMPO GRANDE (PARADOR) [IDA],21497.7,135.0
902113,,31,-22.852463,-43.312608,2023-07-26 05:12:47,0.0,,ida,31 - VICENTE DE CARVALHO X ALVORADA (SEMIDIRETO) [IDA],8853.8,
902118,,31,-22.876689,-43.329596,2023-07-26 05:13:02,9.4,,ida,31 - VICENTE DE CARVALHO X ALVORADA (SEMIDIRETO) [IDA],7640.6,118.0
902117,,31,-22.871092,-43.335858,2023-07-26 05:12:56,55.0,,ida,31 - VICENTE DE CARVALHO X ALVORADA (SEMIDIRETO) [IDA],10244.5,198.0
901044,,40,-22.898543,-43.352926,2023-07-26 05:12:59,45.2,,ida,40 - PAULO DA PORTELA X ALVORADA (EXPRESSO) [IDA],29598.0,210.0
903033,,42,-22.857412,-43.258054,2023-07-26 05:13:05,2.7,,ida,42 - GALEÃO X MADUREIRA MANANCEIA (PARADOR) [IDA],36570.4,257.0
902049,,46,-22.854522,-43.251527,2023-07-26 05:13:00,0.0,,ida,46 - PENHA X ALVORADA (EXPRESSO) [IDA],36014.8,
902022,,46,-22.841237,-43.279906,2023-07-26 05:12:56,39.7,,ida,46 - PENHA X ALVORADA (EXPRESSO) [IDA],30782.8,306.0
901093,,22,-22.853812,-43.386903,2023-07-26 05:13:03,29.5,,ida,,27801.0,17.0
902059,,43,-22.940578,-43.372487,2023-07-26 05:12:49,0.0,,volta,43 - SANTA EFIGENIA X FUNDÃO (EXPRESSO) [VOLTA],35713.0,
902056,,46,-22.841299,-43.279792,2023-07-26 05:13:04,39.2,,volta,46 - ALVORADA X PENHA (EXPRESSO) [VOLTA],34644.6,122.0
901096,,51,-22.964882,-43.391662,2023-07-26 05:13:05,0.0,,volta,51 - SENTIDO V. MILITAR (PARADOR) [VOLTA],34298.1,
901086,,53,-22.965318,-43.391601,2023-07-26 05:13:06,0.0,,ida,53 - SENTIDO ALVORADA (EXPRESSO) [IDA],48370.4,155.0
902032,,46,-23.000933,-43.367638,2023-07-26 05:13:04,0.0,,volta,46 - ALVORADA X PENHA (EXPRESSO) [VOLTA],36295.6,
901094,,0,-22.973036,-43.393483,2023-07-26 05:12:56,54.0,,,,32747.0,271.0
902027,,43,-22.918104,-43.36453,2023-07-26 05:12:50,41.5,,ida,43 - FUNDÃO X SANTA EFIGENIA (EXPRESSO) [IDA],32877.6,233.0
902028,,46,-22.878856,-43.3371,2023-07-26 05:13:01,44.7,,volta,46 - ALVORADA X PENHA (EXPRESSO) [VOLTA],37595.2,52.0
902029,,46,-22.854282,-43.251883,2023-07-26 04:12:26,0.0,,ida,46 - PENHA X ALVORADA (EXPRESSO) [IDA],35412.3,
902018,,40,-22.876382,-43.338501,2023-07-26 05:12:59,34.1,,ida,40 - PAULO DA PORTELA X ALVORADA (EXPRESSO) [IDA],23639.3,303.0
902046,,46,-22.865659,-43.334358,2023-07-26 05:12:59,30.3,,ida,46 - PENHA X ALVORADA (EXPRESSO) [IDA],33374.699,194.0
12715,,10,-22.931296,-43.672877,2023-07-26 05:13:04,23.0,,volta,10 - ALVORADA X SANTA CRUZ (EXPRESSO) [VOLTA],42386.1,307.0
902010,,40,-22.965065,-43.392117,2023-07-26 05:13:00,0.0,,ida,40 - PAULO DA PORTELA X ALVORADA (EXPRESSO) [IDA],10957.6,
901089,,0,-22.964427,-43.39177,2023-07-26 05:13:04,0.0,,,,45838.8,
901062,,51,-23.008771,-43.441055,2023-07-26 05:13:04,23.3,,volta,51 - SENTIDO V. MILITAR (PARADOR) [VOLTA],46936.9,106.0
902033,,43,-22.854346,-43.251284,2023-07-26 05:12:48,0.0,,volta,43 - SANTA EFIGENIA X FUNDÃO (EXPRESSO) [VOLTA],33362.1,
902053,,46,-22.854241,-43.251351,2023-07-26 05:12:58,0.0,,ida,46 - PENHA X ALVORADA (EXPRESSO) [IDA],33488.9,
E902000,,41,-22.854589,-43.251328,2023-07-26 05:13:05,0.0,,volta,41 - TERMINAL RECREIO X PAULO DA PORTELA (EXPRESSO) [VOLTA],10383.8,67.0
901067,,52,-22.999962,-43.36872,2023-07-26 05:12:48,28.1,,volta,52 - SENTIDO V. MILITAR (PARADOR) [VOLTA],41769.0,1.0
E902004,,41,-22.854785,-43.252012,2023-07-26 05:13:00,0.0,,volta,41 - TERMINAL RECREIO X PAULO DA PORTELA (EXPRESSO) [VOLTA],13269.1,
12713,,18,-23.007001,-43.437374,2023-07-26 05:12:50,50.0,,ida,18 - RECREIO SHOPPING X JARDIM OCEÂNICO (EXPRESSO) [IDA],35255.5,75.0
902062,,46,-22.847143,-43.304798,2023-07-26 05:13:04,50.8,,volta,46 - ALVORADA X PENHA (EXPRESSO) [VOLTA],33293.0,57.0
902048,,46,-22.966052,-43.390432,2023-07-26 05:13:02,56.0,,volta,46 - ALVORADA X PENHA (EXPRESSO) [VOLTA],23966.2,1.0
902058,,46,-22.854174,-43.251917,2023-07-26 05:12:54,0.0,,ida,46 - PENHA X ALVORADA (EXPRESSO) [IDA],34575.2,
901068,,51,-23.000003,-43.429545,2023-07-26 05:12:50,1.4,,volta,51 - SENTIDO V. MILITAR (PARADOR) [VOLTA],50822.7,44.0
902003,,41,-22.839479,-43.239809,2023-07-26 05:12:57,0.0,,volta,41 - TERMINAL RECREIO X PAULO DA PORTELA (EXPRESSO) [VOLTA],17397.0,
902102,,35,-22.878517,-43.336287,2023-07-26 05:13:01,0.0,,ida,35 - MADUREIRA X ALVORADA (PARADOR) [IDA],12380.5,
902066,,46,-22.854363,-43.251786,2023-07-26 05:12:52,7.8,,ida,46 - PENHA X ALVORADA (EXPRESSO) [IDA],31314.1,111.0
902052,,46,-23.001069,-43.3672,2023-07-26 05:13:03,16.3,,volta,46 - ALVORADA X PENHA (EXPRESSO) [VOLTA],35617.5,269.0
902050,,43,-22.889883,-43.346843,2023-07-26 05:12:56,58.7,,volta,43 - SANTA EFIGENIA X FUNDÃO (EXPRESSO) [VOLTA],31269.1,31.0
12716,,20,-22.916724,-43.68361,2023-07-26 05:13:02,0.0,,ida,20 - SANTA CRUZ X SALVADOR ALLENDE (EXPRESSO) [IDA],45562.5,
902060,,41,-22.83977,-43.240631,2023-07-26 05:12:58,45.3,,volta,41 - TERMINAL RECREIO X PAULO DA PORTELA (EXPRESSO) [VOLTA],30132.8,325.0
902008,,46,-22.927285,-43.373573,2023-07-26 05:13:02,0.0,,ida,46 - PENHA X ALVORADA (EXPRESSO) [IDA],10530.7,357.0
902047,,46,-22.841416,-43.276876,2023-07-26 05:12:56,0.0,,ida,46 - PENHA X ALVORADA (EXPRESSO) [IDA],23965.9,242.0
902051,,46,-22.89347,-43.348991,2023-07-26 05:12:59,47.1,,ida,46 - PENHA X ALVORADA (EXPRESSO) [IDA],32997.9,206.0
902067,,46,-22.961046,-43.390193,2023-07-26 05:12:59,38.3,,ida,46 - PENHA X ALVORADA (EXPRESSO) [IDA],34097.6,204.0
901088,,31,-22.965148,-43.39173,2023-07-26 05:12:57,0.0,,ida,31 - VICENTE DE CARVALHO X ALVORADA (SEMIDIRETO) [IDA],41618.2,152.0
901098,,51,-22.861586,-43.399788,2023-07-26 05:13:02,0.0,,ida,51 - SENTIDO RECREIO (PARADOR) [IDA],27295.1,241.0
901055,,51,-22.862189,-43.400568,2023-07-26 05:12:51,0.0,,ida,51 - SENTIDO RECREIO (PARADOR) [IDA],46658.5,
901076,,52,-22.860411,-43.39714,2023-07-26 05:12:48,46.1,,ida,52 - SENTIDO ALVORADA (PARADOR) [IDA],31274.8,242.0
902054,,46,-22.854502,-43.251072,2023-07-26 05:13:00,0.0,,ida,46 - PENHA X ALVORADA (EXPRESSO) [IDA],35704.8,
901079,,53,-22.972625,-43.400431,2023-07-26 05:13:02,22.8,,ida,53 - SENTIDO ALVORADA (EXPRESSO) [IDA],44060.7,13.0
901084,,53,-22.943531,-43.394385,2023-07-26 05:12:56,60.5,,ida,53 - SENTIDO ALVORADA (EXPRESSO) [IDA],52304.7,354.0
901070,,52,-22.973312,-43.39239,2023-07-26 05:12:57,37.2,,ida,52 - SENTIDO ALVORADA (PARADOR) [IDA],40492.8,91.0
902080,,46,-22.924068,-43.373937,2023-07-26 05:13:05,0.2,,ida,46 - PENHA X ALVORADA (EXPRESSO) [IDA],34356.8,177.0
901081,,53,-22.884474,-43.399325,2023-07-26 05:12:52,0.0,,ida,53 - SENTIDO ALVORADA (EXPRESSO) [IDA],41801.0,12.0
902065,,43,-22.842023,-43.277602,2023-07-26 05:13:03,0.0,,ida,43 - FUNDÃO X SANTA EFIGENIA (EXPRESSO) [IDA],35364.7,211.0
901069,,52,-23.001389,-43.36682,2023-07-26 05:13:02,17.7,,volta,52 - SENTIDO V. MILITAR (PARADOR) [VOLTA],37743.2,86.0
901074,,52,-22.862192,-43.400912,2023-07-26 05:12:59,0.0,,ida,52 - SENTIDO ALVORADA (PARADOR) [IDA],39514.0,218.0
902030,,31,-22.903471,-43.356186,2023-07-26 05:12:58,61.2,,ida,31 - VICENTE DE CARVALHO X ALVORADA (SEMIDIRETO) [IDA],11301.8,211.0
902071,,46,-23.000913,-43.366774,2023-07-26 05:13:02,23.6,,volta,46 - ALVORADA X PENHA (EXPRESSO) [VOLTA],35937.9,75.0
902072,,43,-22.854546,-43.251279,2023-07-26 05:13:04,0.0,,volta,43 - SANTA EFIGENIA X FUNDÃO (EXPRESSO) [VOLTA],32687.8,
902064,,43,-22.879114,-43.338445,2023-07-26 05:13:04,0.0,,ida,43 - FUNDÃO X SANTA EFIGENIA (EXPRESSO) [IDA],0.0,90.0
902070,,46,-22.98455,-43.365862,2023-07-26 05:12:54,60.3,,ida,46 - PENHA X ALVORADA (EXPRESSO) [IDA],36296.6,181.0
901087,,53,-22.965357,-43.39164,2023-07-26 05:12:59,0.0,,ida,53 - SENTIDO ALVORADA (EXPRESSO) [IDA],47525.3,
902085,,46,-22.854498,-43.251573,2023-07-26 05:13:00,0.0,,ida,46 - PENHA X ALVORADA (EXPRESSO) [IDA],34051.0,85.0
E902001,,41,-22.841238,-43.279913,2023-07-26 05:13:06,33.5,,volta,41 - TERMINAL RECREIO X PAULO DA PORTELA (EXPRESSO) [VOLTA],20873.8,303.0
E902006,,40,-22.878402,-43.336288,2023-07-26 05:12:54,0.0,,ida,40 - PAULO DA PORTELA X ALVORADA (EXPRESSO) [IDA],19305.3,
E902011,,40,-22.879067,-43.336344,2023-07-26 05:12:55,0.0,,ida,40 - PAULO DA PORTELA X ALVORADA (EXPRESSO) [IDA],8602.8,75.0
902002,,41,-22.865881,-43.334475,2023-07-26 05:12:49,46.8,,volta,41 - TERMINAL RECREIO X PAULO DA PORTELA (EXPRESSO) [VOLTA],19833.9,199.0
901095,,51,-22.965305,-43.391515,2023-07-26 05:13:07,0.0,,volta,51 - SENTIDO V. MILITAR (PARADOR) [VOLTA],35035.8,337.0
902069,,41,-22.927619,-43.373598,2023-07-26 05:13:05,34.0,,ida,41 - PAULO DA PORTELA X TERMINAL RECREIO (EXPRESSO) [IDA],32586.8,174.0
902094,,35,-22.895719,-43.350502,2023-07-26 05:12:54,50.5,,volta,35 - ALVORADA  X  MADUREIRA (PARADOR) [VOLTA],9091.5,42.0
902075,,31,-22.874589,-43.334913,2023-07-26 05:12:59,31.0,,ida,31 - VICENTE DE CARVALHO X ALVORADA (SEMIDIRETO) [IDA],14096.6,326.0
902082,,35,-22.957081,-43.379788,2023-07-26 05:13:02,50.0,,ida,35 - MADUREIRA X ALVORADA (PARADOR) [IDA],10872.0,231.0
903062,,17,-22.916378,-43.622179,2023-07-26 05:12:57,9.3,,ida,17 - SANTA CRUZ X CAMPO GRANDE (PARADOR) [IDA],20190.6,97.0
902089,,35,-23.000913,-43.367243,2023-07-26 05:12:57,0.0,,volta,35 - ALVORADA  X  MADUREIRA (PARADOR) [VOLTA],9774.7,
903041,,50,-22.876515,-43.329481,2023-07-26 05:12:50,0.0,,ida,50 - SENTIDO JD. OCEANICO (PARADOR) [IDA],27433.7,
903051,,50,-22.971937,-43.40129,2023-07-26 05:13:01,0.0,,ida,50 - SENTIDO JD. OCEANICO (PARADOR) [IDA],31059.3,286.0
902055,,46,-22.851292,-43.310804,2023-07-26 05:12:56,35.3,,ida,46 - PENHA X ALVORADA (EXPRESSO) [IDA],19.1,247.0
903036,,17,-22.916195,-43.607935,2023-07-26 05:13:04,6.3,,ida,17 - SANTA CRUZ X CAMPO GRANDE (PARADOR) [IDA],156820.4,358.0
902043,,46,-22.877714,-43.336464,2023-07-26 05:13:05,8.5,,ida,46 - PENHA X ALVORADA (EXPRESSO) [IDA],29100.6,294.0
902036,,41,-22.896576,-43.351341,2023-07-26 05:12:54,45.0,,ida,41 - PAULO DA PORTELA X TERMINAL RECREIO (EXPRESSO) [IDA],32321.2,219.0
903039,,17,-22.914216,-43.602017,2023-07-26 05:13:07,33.4,,ida,17 - SANTA CRUZ X CAMPO GRANDE (PARADOR) [IDA],18371.0,93.0
903047,,42,-22.8746,-43.33491,2023-07-26 05:13:04,31.9,,ida,42 - GALEÃO X MADUREIRA MANANCEIA (PARADOR) [IDA],23083.4,326.0
902074,,31,-22.853049,-43.31435,2023-07-26 05:12:59,29.6,,ida,31 - VICENTE DE CARVALHO X ALVORADA (SEMIDIRETO) [IDA],9770.9,128.0
902044,,43,-22.850661,-43.309386,2023-07-26 05:12:49,31.7,,ida,43 - FUNDÃO X SANTA EFIGENIA (EXPRESSO) [IDA],31231.3,238.0
902038,,46,-22.854511,-43.251384,2023-07-26 05:12:56,0.0,,ida,46 - PENHA X ALVORADA (EXPRESSO) [IDA],7575.2,
903064,,50,-22.972323,-43.401031,2023-07-26 05:12:50,0.0,,ida,50 - SENTIDO JD. OCEANICO (PARADOR) [IDA],22136.7,175.0
903069,,17,-22.918103,-43.683096,2023-07-26 05:12:57,0.0,,ida,17 - SANTA CRUZ X CAMPO GRANDE (PARADOR) [IDA],22413.1,330.0
902042,,46,-22.934511,-43.372124,2023-07-26 05:13:06,29.5,,volta,46 - ALVORADA X PENHA (EXPRESSO) [VOLTA],31925.0,338.0
902040,,46,-22.896504,-43.351226,2023-07-26 05:12:52,34.9,,volta,46 - ALVORADA X PENHA (EXPRESSO) [VOLTA],34114.2,41.0
903038,,17,-22.9157,-43.628104,2023-07-26 05:12:57,0.0,,volta,17 - CAMPO GRANDE  X SANTA CRUZ (PARADOR) [VOLTA],26544.5,283.0
12732,,18,-23.019238,-43.505557,2023-07-26 05:12:53,0.0,,ida,18 - RECREIO SHOPPING X JARDIM OCEÂNICO (EXPRESSO) [IDA],25699.1,290.0
902076,,46,-22.85482,-43.252054,2023-07-26 05:12:53,0.0,,ida,46 - PENHA X ALVORADA (EXPRESSO) [IDA],27510.5,
902096,,35,-23.00135,-43.366062,2023-07-26 05:12:53,0.0,,volta,35 - ALVORADA  X  MADUREIRA (PARADOR) [VOLTA],14221.7,
902100,,35,-22.878522,-43.336347,2023-07-26 05:12:49,0.0,,ida,35 - MADUREIRA X ALVORADA (PARADOR) [IDA],13435.3,
903059,,17,-22.934884,-43.665542,2023-07-26 05:12:44,30.1,,ida,17 - SANTA CRUZ X CAMPO GRANDE (PARADOR) [IDA],18747.7,215.0
902079,,46,-22.841415,-43.275745,2023-07-26 05:13:01,0.0,,ida,46 - PENHA X ALVORADA (EXPRESSO) [IDA],30822.0,
903066,,17,-22.921846,-43.679875,2023-07-26 05:13:03,28.1,,ida,17 - SANTA CRUZ X CAMPO GRANDE (PARADOR) [IDA],24876.2,140.0
902099,,35,-22.889624,-43.346745,2023-07-26 05:13:00,44.1,,ida,35 - MADUREIRA X ALVORADA (PARADOR) [IDA],11543.2,210.0
902091,,35,-22.973247,-43.381514,2023-07-26 05:13:02,43.2,,ida,35 - MADUREIRA X ALVORADA (PARADOR) [IDA],14052.9,89.0
901099,,51,-22.948059,-43.391466,2023-07-26 05:13:05,19.7,,ida,51 - SENTIDO RECREIO (PARADOR) [IDA],29489.1,127.0
903046,,42,-22.878047,-43.336523,2023-07-26 05:12:50,0.0,,volta,42 - MADUREIRA MANANCEIA X GALEAO (PARADOR) [VOLTA],29786.2,30.0
903070,,17,-22.916354,-43.607149,2023-07-26 05:13:01,0.0,,ida,17 - SANTA CRUZ X CAMPO GRANDE (PARADOR) [IDA],9256.4,250.0
44706,LRG8855,20,-22.918598,-43.682662,2023-07-26 05:12:56,0.0,,ida,20 - SANTA CRUZ X SALVADOR ALLENDE (EXPRESSO) [IDA],21875.2,
903065,,17,-22.911124,-43.589177,2023-07-26 05:12:41,40.2,,volta,17 - CAMPO GRANDE  X SANTA CRUZ (PARADOR) [VOLTA],16964.8,252.0
901008,,22,-23.000114,-43.353841,2023-07-26 05:13:51,42.6,,ida,22 - ALVORADA X J. OCEÂNICO (PARADOR) [IDA],22784.9,91.0
901011,RIV8A74,22,-23.000927,-43.364615,2023-07-26 05:13:49,0.0,,ida,22 - ALVORADA X J. OCEÂNICO (PARADOR) [IDA],23500.0,253.0
901007,,22,-23.000603,-43.335559,2023-07-26 05:13:48,47.8,,ida,22 - ALVORADA X J. OCEÂNICO (PARADOR) [IDA],21821.6,89.0
901009,,22,-23.000848,-43.366128,2023-07-26 05:13:57,0.0,,volta,,20865.0,264.0
901010,RJM8G30,22,-23.000932,-43.365928,2023-07-26 05:13:47,0.0,,ida,22 - ALVORADA X J. OCEÂNICO (PARADOR) [IDA],22869.6,230.0
901017,,22,-23.000728,-43.366038,2023-07-26 05:14:06,0.0,,ida,22 - ALVORADA X J. OCEÂNICO (PARADOR) [IDA],25122.4,
901006,RJA9F56,22,-23.006761,-43.312348,2023-07-26 05:14:03,0.0,,volta,22 - J. OCEÂNICO X ALVORADA (PARADOR) [VOLTA],19383.7,188.0
901005,RJB8E53,22,-23.00643,-43.313039,2023-07-26 05:13:46,0.3,,volta,22 - J. OCEÂNICO X ALVORADA (PARADOR) [VOLTA],21643.4,268.0
901004,RJQ8J80,22,-23.001634,-43.327942,2023-07-26 05:14:02,48.1,,volta,22 - J. OCEÂNICO X ALVORADA (PARADOR) [VOLTA],21434.3,294.0
30504,,25,-23.006619,-43.436792,2023-07-26 05:13:46,59.8,,volta,25 - ALVORADA X MATO ALTO (PARADOR) [VOLTA],53633.4,254.0
30533,KWO8120,13,-22.920041,-43.60737,2023-07-26 05:13:53,19.8,,ida,13 - MATO ALTO X ALVORADA (EXPRESSO) [IDA],52594.7,297.0
30538,KXE7719,20,-22.969732,-43.632147,2023-07-26 05:13:49,56.9,,volta,20 - SALVADOR ALLENDE X SANTA CRUZ (EXPRESSO) [VOLTA],55897.9,287.0
50309,KPN6B05,13,-23.000401,-43.378429,2023-07-26 05:13:48,60.4,,ida,13 - MATO ALTO X ALVORADA (EXPRESSO) [IDA],20090.3,89.0
30532,KYL8599,13,-23.014808,-43.467796,2023-07-26 05:13:55,50.0,,ida,13 - MATO ALTO X ALVORADA (EXPRESSO) [IDA],41766.6,75.0
13423,LSI5976,25,-23.008063,-43.541891,2023-07-26 05:13:51,55.8,,volta,25 - ALVORADA X MATO ALTO (PARADOR) [VOLTA],41120.1,296.0
47030,LSQ5263,20,-23.018145,-43.509783,2023-07-26 05:13:49,59.5,,ida,20 - SANTA CRUZ X SALVADOR ALLENDE (EXPRESSO) [IDA],53787.2,106.0
30519,LRE9804,11,-22.920074,-43.608092,2023-07-26 05:14:00,0.0,,ida,11 - SANTA CRUZ X ALVORADA (PARADOR) [IDA],51494.8,
90005,KWK6A89,20,-22.91865,-43.682706,2023-07-26 05:13:55,9.5,,ida,20 - SANTA CRUZ X SALVADOR ALLENDE (EXPRESSO) [IDA],49835.5,325.0
86875,KQB4103,12,-22.916629,-43.632803,2023-07-26 05:13:48,0.0,,ida,12 - PINGO D'AGUA X ALVORADA (EXPRESSO) [IDA],13015.3,
30518,KYL8597,25,-23.000987,-43.367358,2023-07-26 05:14:05,0.0,,volta,25 - ALVORADA X MATO ALTO (PARADOR) [VOLTA],37111.0,269.0
902090,,35,-22.92946,-43.373475,2023-07-26 05:13:50,31.7,,ida,35 - MADUREIRA X ALVORADA (PARADOR) [IDA],15082.4,174.0
47029,LSQ5267,20,-22.916934,-43.683484,2023-07-26 05:13:59,0.0,,ida,20 - SANTA CRUZ X SALVADOR ALLENDE (EXPRESSO) [IDA],56965.0,333.0
47012,KPZ8364,20,-22.931386,-43.672874,2023-07-26 05:13:58,26.9,,ida,20 - SANTA CRUZ X SALVADOR ALLENDE (EXPRESSO) [IDA],54993.1,128.0
86885,LTB5540,14,-22.916067,-43.630168,2023-07-26 05:13:48,31.2,,ida,14 - SANTA EUGÊNIA X SALVADOR ALLENDE (EXPRESSO) [IDA],514717.2,256.0
12738,KRR2404,25,-22.993108,-43.597355,2023-07-26 05:14:03,0.0,,ida,25 - MATO ALTO X ALVORADA (PARADOR) [IDA],37392.2,
86886,LTB5541,14,-22.93611,-43.667025,2023-07-26 05:13:48,9.2,,ida,14 - SANTA EUGÊNIA X SALVADOR ALLENDE (EXPRESSO) [IDA],13091.2,176.0
13428,KXE7712,11,-22.920251,-43.608198,2023-07-26 05:14:04,0.0,,ida,11 - SANTA CRUZ X ALVORADA (PARADOR) [IDA],57799.2,
47006,KWZ8630,18,-23.019102,-43.505096,2023-07-26 05:14:04,0.0,,ida,18 - RECREIO SHOPPING X JARDIM OCEÂNICO (EXPRESSO) [IDA],50888.5,
47007,LSP6018,18,-22.920652,-43.607698,2023-07-26 05:14:01,0.0,,ida,18 - RECREIO SHOPPING X JARDIM OCEÂNICO (EXPRESSO) [IDA],42179.7,158.0
13413,KWI9711,12,-22.993033,-43.59794,2023-07-26 05:13:49,0.0,,ida,12 - PINGO D'AGUA X ALVORADA (EXPRESSO) [IDA],43512.1,132.0
90001,KPZ5E15,19,-22.970334,-43.616165,2023-07-26 05:14:05,60.5,,ida,19 - PINGO D'AGUA X SALVADOR ALLENDE (EXPRESSO) [IDA],44135.7,135.0
901057,,52,-22.927731,-43.396055,2023-07-26 05:13:54,0.0,,volta,52 - SENTIDO V. MILITAR (PARADOR) [VOLTA],51068.9,334.0
901003,RKM8C54,22,-22.999973,-43.355865,2023-07-26 05:13:47,43.7,,volta,22 - J. OCEÂNICO X ALVORADA (PARADOR) [VOLTA],22830.7,271.0
86874,KQB4102,20,-22.918856,-43.607542,2023-07-26 05:13:54,0.0,,ida,20 - SANTA CRUZ X SALVADOR ALLENDE (EXPRESSO) [IDA],512858.4,98.0
86879,LTN5696,18,-22.992855,-43.598159,2023-07-26 05:13:27,0.0,,ida,18 - RECREIO SHOPPING X JARDIM OCEÂNICO (EXPRESSO) [IDA],1812.9,
47011,LRH8889,0,-22.920678,-43.607897,2023-07-26 05:13:59,0.0,,,,39516.0,168.0
47009,KPZ8430,20,-22.920178,-43.608003,2023-07-26 05:09:59,3.8,,ida,20 - SANTA CRUZ X SALVADOR ALLENDE (EXPRESSO) [IDA],54120.7,141.0
30537,KXE7720,12,-22.920945,-43.644563,2023-07-26 05:13:57,45.5,,ida,12 - PINGO D'AGUA X ALVORADA (EXPRESSO) [IDA],51509.2,243.0
50301,KPP5B70,25,-23.014461,-43.467314,2023-07-26 05:14:04,0.0,,volta,25 - ALVORADA X MATO ALTO (PARADOR) [VOLTA],3952.6,265.0
13401,KQO7822,19,-23.003256,-43.425254,2023-07-26 05:13:56,0.0,,volta,19 - SALVADOR ALLENDE X PINGO D'AGUA (EXPRESSO) [VOLTA],53649.5,325.0
13421,KWO8119,10,-22.920279,-43.608189,2023-07-26 05:13:57,0.0,,ida,10 - SANTA CRUZ X ALVORADA (EXPRESSO) [IDA],14957.8,
27174,KQP5437,13,-23.005769,-43.556609,2023-07-26 05:14:00,48.3,,ida,13 - MATO ALTO X ALVORADA (EXPRESSO) [IDA],18877.8,104.0
47026,KYA7928,10,-22.920584,-43.608013,2023-07-26 05:13:51,0.0,,ida,10 - SANTA CRUZ X ALVORADA (EXPRESSO) [IDA],32900.199,
86889,KRQ6878,10,-23.000893,-43.367123,2023-07-26 05:13:57,0.0,,volta,10 - ALVORADA X SANTA CRUZ (EXPRESSO) [VOLTA],514962.4,
12724,LMJ1118,18,-23.019343,-43.485741,2023-07-26 05:13:57,40.8,,ida,18 - RECREIO SHOPPING X JARDIM OCEÂNICO (EXPRESSO) [IDA],9645.0,74.0
27209,LSL9B07,25,-23.005441,-43.558156,2023-07-26 05:13:51,38.3,,ida,25 - MATO ALTO X ALVORADA (PARADOR) [IDA],10079.1,104.0
27176,LRK9563,18,-23.005353,-43.55853,2023-07-26 05:13:50,41.1,,ida,18 - RECREIO SHOPPING X JARDIM OCEÂNICO (EXPRESSO) [IDA],13504.6,103.0
30511,KPV2250,13,-23.012547,-43.459574,2023-07-26 05:13:52,0.0,,volta,13 - ALVORADA X  MATO ALTO (EXPRESSO) [VOLTA],49446.2,251.0
13427,KXE7711,0,-22.920637,-43.608274,2023-07-26 05:13:48,0.0,,,,51855.6,
12725,LMJ1327,25,-22.993388,-43.596949,2023-07-26 05:13:48,0.0,,ida,25 - MATO ALTO X ALVORADA (PARADOR) [IDA],39260.9,
13404,KQO7823,20,-23.008344,-43.442894,2023-07-26 05:14:04,0.0,,volta,20 - SALVADOR ALLENDE X SANTA CRUZ (EXPRESSO) [VOLTA],56107.6,66.0
47022,KRM7701,10,-23.006369,-43.553354,2023-07-26 05:13:49,58.9,,volta,10 - ALVORADA X SANTA CRUZ (EXPRESSO) [VOLTA],12952.9,285.0
13422,LSI5978,20,-22.996727,-43.59353,2023-07-26 05:13:51,38.6,,ida,20 - SANTA CRUZ X SALVADOR ALLENDE (EXPRESSO) [IDA],40386.9,127.0
86872,LSH7386,20,-22.993985,-43.597203,2023-07-26 05:13:49,0.0,,ida,20 - SANTA CRUZ X SALVADOR ALLENDE (EXPRESSO) [IDA],22416.7,133.0
47017,LRS2841,20,-22.965979,-43.647248,2023-07-26 05:14:03,20.6,,ida,20 - SANTA CRUZ X SALVADOR ALLENDE (EXPRESSO) [IDA],47902.5,88.0
86859,KWJ9250,19,-23.01974,-43.487672,2023-07-26 05:13:51,0.0,,ida,19 - PINGO D'AGUA X SALVADOR ALLENDE (EXPRESSO) [IDA],18699.5,54.0
30509,KYM4574,13,-23.000714,-43.364892,2023-07-26 05:13:55,0.0,,volta,13 - ALVORADA X  MATO ALTO (EXPRESSO) [VOLTA],53043.9,262.0
12710,KRO9724,20,-22.992671,-43.598361,2023-07-26 05:13:58,0.0,,ida,20 - SANTA CRUZ X SALVADOR ALLENDE (EXPRESSO) [IDA],38381.0,
12720,KXD9430,20,-23.007944,-43.441963,2023-07-26 05:13:58,50.2,,volta,20 - SALVADOR ALLENDE X SANTA CRUZ (EXPRESSO) [VOLTA],21769.4,254.0
12712,LSN8501,19,-22.920177,-43.60797,2023-07-26 05:13:52,0.0,,ida,19 - PINGO D'AGUA X SALVADOR ALLENDE (EXPRESSO) [IDA],31093.7,173.0
13407,KPY9732,18,-23.018968,-43.505963,2023-07-26 05:13:53,0.0,,ida,18 - RECREIO SHOPPING X JARDIM OCEÂNICO (EXPRESSO) [IDA],45435.9,
30521,LRC6594,19,-22.961342,-43.649141,2023-07-26 05:13:54,58.5,,ida,19 - PINGO D'AGUA X SALVADOR ALLENDE (EXPRESSO) [IDA],34826.2,146.0
30514,KYL8595,11,-22.920187,-43.607916,2023-07-26 05:13:46,0.0,,ida,11 - SANTA CRUZ X ALVORADA (PARADOR) [IDA],38408.7,
47010,KPZ8363,25,-23.004331,-43.42802,2023-07-26 05:13:54,58.5,,ida,25 - MATO ALTO X ALVORADA (PARADOR) [IDA],42590.0,70.0
86884,LSP9604,20,-22.973386,-43.371776,2023-07-26 05:13:52,60.0,,ida,20 - SANTA CRUZ X SALVADOR ALLENDE (EXPRESSO) [IDA],15301.1,90.0
90006,LRH6D12,20,-22.919685,-43.68358,2023-07-26 05:13:56,18.3,,ida,20 - SANTA CRUZ X SALVADOR ALLENDE (EXPRESSO) [IDA],29710.4,95.0
30524,LRC6601,25,-23.018426,-43.48235,2023-07-26 05:14:00,0.0,,ida,25 - MATO ALTO X ALVORADA (PARADOR) [IDA],29234.3,75.0
13415,KQK7905,25,-23.000821,-43.366995,2023-07-26 05:14:06,18.1,,volta,25 - ALVORADA X MATO ALTO (PARADOR) [VOLTA],45135.0,136.0
901002,,22,-23.00105,-43.367098,2023-07-26 05:14:03,27.5,,ida,22 - ALVORADA X J. OCEÂNICO (PARADOR) [IDA],17406.8,268.0
B13,KYM5979,14,-22.959457,-43.65007,2023-07-26 05:14:04,57.1,,volta,14 - SALVADOR ALLENDE x SANTA EUGÊNIA (EXPRESSO) [VOLTA],1179.7,350.0
B16,LSI3468,14,-22.961287,-43.648441,2023-07-26 05:13:49,0.0,,ida,14 - SANTA EUGÊNIA X SALVADOR ALLENDE (EXPRESSO) [IDA],1124.0,
B17,KWY8231,14,-22.961236,-43.648341,2023-07-26 05:14:00,0.1,,ida,14 - SANTA EUGÊNIA X SALVADOR ALLENDE (EXPRESSO) [IDA],1235.7,
B20,LMH6141,14,-23.005222,-43.559061,2023-07-26 05:03:23,57.9,,ida,14 - SANTA EUGÊNIA X SALVADOR ALLENDE (EXPRESSO) [IDA],1158.3,105.0
B19,KZJ7238,14,-22.916566666666668,-43.631663333333336,2023-07-26 05:13:55,0.0,,ida,14 - SANTA EUGÊNIA X SALVADOR ALLENDE (EXPRESSO) [IDA],104993.2,225.0
B14,KRK9519,14,-22.994476,-43.595796,2023-07-26 05:13:58,40.6,,volta,14 - SALVADOR ALLENDE x SANTA EUGÊNIA (EXPRESSO) [VOLTA],1185.1,312.0
B11,KRK9516,14,-22.916632,-43.633038,2023-07-26 05:13:59,0.0,,ida,14 - SANTA EUGÊNIA X SALVADOR ALLENDE (EXPRESSO) [IDA],1220.1,234.0
B12,LMH5981,14,-22.916603,-43.631893,2023-07-26 05:13:59,0.0,,ida,14 - SANTA EUGÊNIA X SALVADOR ALLENDE (EXPRESSO) [IDA],1150.5,77.0
B24,LSO7028,14,-22.999263,-43.584276,2023-07-26 05:12:59,58.2,,ida,14 - SANTA EUGÊNIA X SALVADOR ALLENDE (EXPRESSO) [IDA],1199.3,104.0
B25,,14,-22.96784,-43.639336,2023-07-26 05:13:53,56.1,,ida,14 - SANTA EUGÊNIA X SALVADOR ALLENDE (EXPRESSO) [IDA],1111.6,108.0
B28,KQP5E29,14,-22.916463,-43.631078,2023-07-26 05:13:57,0.0,,ida,14 - SANTA EUGÊNIA X SALVADOR ALLENDE (EXPRESSO) [IDA],1141.7,258.0
B40,,14,-22.916517,-43.631317,2023-07-26 05:14:01,0.0,,ida,14 - SANTA EUGÊNIA X SALVADOR ALLENDE (EXPRESSO) [IDA],749.6,253.0
B41,,14,-22.917279,-43.631428,2023-07-26 05:13:56,0.0,,ida,14 - SANTA EUGÊNIA X SALVADOR ALLENDE (EXPRESSO) [IDA],1178.1,349.0
B47,,14,-22.933424,-43.662007,2023-07-26 05:13:47,0.0,,ida,14 - SANTA EUGÊNIA X SALVADOR ALLENDE (EXPRESSO) [IDA],1182.0,234.0
B048,,14,-22.916477,-43.631482,2023-07-26 05:13:49,0.0,,ida,14 - SANTA EUGÊNIA X SALVADOR ALLENDE (EXPRESSO) [IDA],1167.9,258.0
B55,,14,-23.006773,-43.436367,2023-07-26 05:13:58,61.6,,volta,14 - SALVADOR ALLENDE x SANTA EUGÊNIA (EXPRESSO) [VOLTA],1154.7,77.0
B53,,14,-22.919492,-43.641568,2023-07-26 05:13:48,56.5,,ida,14 - SANTA EUGÊNIA X SALVADOR ALLENDE (EXPRESSO) [IDA],1196.8,244.0
B51,,14,-23.019791,-43.488412,2023-07-26 05:14:00,30.7,,volta,14 - SALVADOR ALLENDE x SANTA EUGÊNIA (EXPRESSO) [VOLTA],1234.1,254.0
902119,,35,-22.922364,-43.372197,2023-07-26 05:14:01,45.2,,volta,35 - ALVORADA  X  MADUREIRA (PARADOR) [VOLTA],7691.1,58.0
901058,,51,-22.925092,-43.397566,2023-07-26 05:14:05,51.1,,volta,51 - SENTIDO V. MILITAR (PARADOR) [VOLTA],44197.6,334.0
901071,,22,-22.965714,-43.391377,2023-07-26 05:14:01,0.0,,ida,22 - ALVORADA X J. OCEÂNICO (PARADOR) [IDA],43438.0,
903027,,50,-22.964055,-43.394307,2023-07-26 05:13:59,0.0,,ida,50 - SENTIDO JD. OCEANICO (PARADOR) [IDA],49612.8,48.0
901066,,52,-22.972741,-43.401725,2023-07-26 05:13:21,11.9,,volta,52 - SENTIDO V. MILITAR (PARADOR) [VOLTA],50011.2,256.0
903026,,50,-23.001336,-43.328958,2023-07-26 05:14:03,0.3,,ida,50 - SENTIDO JD. OCEANICO (PARADOR) [IDA],48959.6,114.0
903029,,50,-22.9723,-43.401147,2023-07-26 05:14:01,0.0,,ida,50 - SENTIDO JD. OCEANICO (PARADOR) [IDA],33512.4,176.0
902116,,35,-23.001029,-43.367744,2023-07-26 05:14:02,0.0,,volta,35 - ALVORADA  X  MADUREIRA (PARADOR) [VOLTA],11178.3,
902115,,35,-22.973356,-43.366986,2023-07-26 05:13:54,42.7,,volta,35 - ALVORADA  X  MADUREIRA (PARADOR) [VOLTA],14865.7,270.0
901061,,51,-22.873003,-43.407859,2023-07-26 05:13:57,55.3,,volta,51 - SENTIDO V. MILITAR (PARADOR) [VOLTA],43310.1,317.0
903030,,50,-22.972765,-43.400555,2023-07-26 05:13:55,32.4,,ida,50 - SENTIDO JD. OCEANICO (PARADOR) [IDA],40967.4,69.0
901048,,51,-22.97798,-43.407294,2023-07-26 05:13:52,41.9,,ida,51 - SENTIDO RECREIO (PARADOR) [IDA],26345.1,214.0
901065,,52,-22.861525,-43.399444,2023-07-26 05:13:48,0.0,,ida,52 - SENTIDO ALVORADA (PARADOR) [IDA],35398.1,242.0
903031,,38,-22.879013,-43.329905,2023-07-26 05:13:54,34.2,,ida,38 - FUNDÃO X ALVORADA (PARADOR) [IDA],40603.5,268.0
903032,,42,-22.841122,-43.298161,2023-07-26 05:13:49,25.7,,volta,42 - MADUREIRA MANANCEIA X GALEAO (PARADOR) [VOLTA],42712.7,59.0
901075,,0,-22.86218,-43.400539,2023-07-26 05:13:57,0.0,,,,49006.0,240.0
903055,,17,-22.917969,-43.683109,2023-07-26 05:14:01,0.0,,ida,17 - SANTA CRUZ X CAMPO GRANDE (PARADOR) [IDA],18909.5,340.0
903037,,17,-22.928338,-43.653639,2023-07-26 05:13:48,0.0,,ida,17 - SANTA CRUZ X CAMPO GRANDE (PARADOR) [IDA],20707.7,335.0
903002,,42,-22.877892,-43.336456,2023-07-26 05:13:55,0.0,,volta,42 - MADUREIRA MANANCEIA X GALEAO (PARADOR) [VOLTA],6973.4,29.0
901080,,53,-22.936552,-43.3954,2023-07-26 05:13:53,59.3,,ida,53 - SENTIDO ALVORADA (EXPRESSO) [IDA],31280.7,170.0
902110,,35,-22.960449,-43.389802,2023-07-26 05:13:51,0.0,,volta,35 - ALVORADA  X  MADUREIRA (PARADOR) [VOLTA],8836.8,25.0
902114,,35,-22.879108,-43.339077,2023-07-26 05:14:03,48.0,,volta,35 - ALVORADA  X  MADUREIRA (PARADOR) [VOLTA],8977.9,87.0
903054,,17,-22.931978,-43.657668,2023-07-26 05:14:00,21.7,,volta,17 - CAMPO GRANDE  X SANTA CRUZ (PARADOR) [VOLTA],17674.4,235.0
903021,,42,-22.837594,-43.289923,2023-07-26 05:13:48,12.6,,ida,42 - GALEÃO X MADUREIRA MANANCEIA (PARADOR) [IDA],34628.4,280.0
903056,,17,-22.917814,-43.683282,2023-07-26 05:13:59,0.0,,ida,17 - SANTA CRUZ X CAMPO GRANDE (PARADOR) [IDA],14656.1,164.0
903000,,50,-22.999963,-43.362107,2023-07-26 05:14:03,46.5,,volta,50 - SENTIDO T. OLIMPICO (PARADOR) [VOLTA],31889.8,265.0
903058,,17,-22.927367,-43.677635,2023-07-26 05:13:54,0.0,,volta,17 - CAMPO GRANDE  X SANTA CRUZ (PARADOR) [VOLTA],9172.2,318.0
902045,,31,-22.85229,-43.312458,2023-07-26 05:13:59,0.0,,ida,31 - VICENTE DE CARVALHO X ALVORADA (SEMIDIRETO) [IDA],6827.7,
903008,,42,-22.875991,-43.329264,2023-07-26 04:14:11,0.0,,ida,42 - GALEÃO X MADUREIRA MANANCEIA (PARADOR) [IDA],48275.9,
903007,,50,-22.984194,-43.365685,2023-07-26 05:13:49,30.4,,volta,50 - SENTIDO T. OLIMPICO (PARADOR) [VOLTA],41363.4,5.0
903004,,42,-22.844229,-43.301048,2023-07-26 05:13:51,40.1,,ida,42 - GALEÃO X MADUREIRA MANANCEIA (PARADOR) [IDA],39203.5,208.0
903006,,50,-22.837798,-43.287174,2023-07-26 05:13:59,46.6,,ida,50 - SENTIDO JD. OCEANICO (PARADOR) [IDA],46389.4,91.0
903005,,42,-22.840169,-43.239409,2023-07-26 05:14:00,20.3,,ida,42 - GALEÃO X MADUREIRA MANANCEIA (PARADOR) [IDA],38822.8,229.0
903022,,50,-22.9732,-43.394281,2023-07-26 05:14:02,29.4,,volta,50 - SENTIDO T. OLIMPICO (PARADOR) [VOLTA],37741.4,266.0
903035,,17,-22.9174,-43.683397,2023-07-26 05:14:02,0.0,,ida,17 - SANTA CRUZ X CAMPO GRANDE (PARADOR) [IDA],19570.9,351.0
901059,,51,-22.963033,-43.393557,2023-07-26 05:13:55,9.4,,volta,51 - SENTIDO V. MILITAR (PARADOR) [VOLTA],48360.9,42.0
903003,,42,-22.856518,-43.327979,2023-07-26 05:13:47,0.0,,volta,42 - MADUREIRA MANANCEIA X GALEAO (PARADOR) [VOLTA],41710.6,84.0
901020,,22,-23.000716,-43.36524,2023-07-26 05:13:57,0.0,,ida,22 - ALVORADA X J. OCEÂNICO (PARADOR) [IDA],25521.6,
901025,,51,-22.877494,-43.403741,2023-07-26 05:13:56,44.8,,ida,51 - SENTIDO RECREIO (PARADOR) [IDA],40718.4,119.0
901027,,41,-22.855539,-43.387851,2023-07-26 05:14:02,53.1,,volta,41 - TERMINAL RECREIO X PAULO DA PORTELA (EXPRESSO) [VOLTA],25988.8,235.0
901028,,40,-22.935558,-43.371807,2023-07-26 05:13:51,0.0,,ida,40 - PAULO DA PORTELA X ALVORADA (EXPRESSO) [IDA],23782.2,159.0
901030,,40,-22.878353,-43.33627,2023-07-26 05:14:01,0.0,,ida,40 - PAULO DA PORTELA X ALVORADA (EXPRESSO) [IDA],21836.3,3.0
901032,,40,-22.877959,-43.336445,2023-07-26 05:13:58,0.0,,ida,40 - PAULO DA PORTELA X ALVORADA (EXPRESSO) [IDA],25296.1,1.0
901034,,0,-22.921275,-43.37028,2023-07-26 05:14:04,31.6,,,,27519.9,59.0
901036,,52,-22.950047,-43.373072,2023-07-26 05:13:53,27.0,,ida,52 - SENTIDO ALVORADA (PARADOR) [IDA],22808.9,19.0
901038,,22,-22.965043,-43.391467,2023-07-26 05:14:02,0.0,,ida,22 - ALVORADA X J. OCEÂNICO (PARADOR) [IDA],27356.9,
901040,,41,-22.964383,-43.391752,2023-07-26 05:14:00,0.0,,volta,41 - TERMINAL RECREIO X PAULO DA PORTELA (EXPRESSO) [VOLTA],29561.8,
901041,,22,-22.965719,-43.391329,2023-07-26 05:14:06,0.0,,ida,22 - ALVORADA X J. OCEÂNICO (PARADOR) [IDA],26160.4,
903009,,42,-22.854106,-43.261071,2023-07-26 05:13:47,53.4,,ida,42 - GALEÃO X MADUREIRA MANANCEIA (PARADOR) [IDA],47193.1,314.0
903010,,42,-22.83954,-43.239751,2023-07-26 05:14:03,0.0,,ida,42 - GALEÃO X MADUREIRA MANANCEIA (PARADOR) [IDA],43702.3,
903011,,42,-22.849071,-43.264992,2023-07-26 05:13:59,29.2,,volta,42 - MADUREIRA MANANCEIA X GALEAO (PARADOR) [VOLTA],45341.0,139.0
903012,,42,-22.877497,-43.336312,2023-07-26 05:13:53,25.0,,volta,42 - MADUREIRA MANANCEIA X GALEAO (PARADOR) [VOLTA],47959.4,213.0
903015,,42,-22.839197,-43.239993,2023-07-26 05:14:06,5.5,,ida,42 - GALEÃO X MADUREIRA MANANCEIA (PARADOR) [IDA],47876.7,150.0
903016,,42,-22.845294,-43.238884,2023-07-26 05:14:05,26.5,,volta,42 - MADUREIRA MANANCEIA X GALEAO (PARADOR) [VOLTA],42536.4,41.0
903017,,50,-23.001,-43.3651,2023-07-26 05:13:46,8.2,,ida,50 - SENTIDO JD. OCEANICO (PARADOR) [IDA],44910.6,273.0
903020,,50,-22.973258,-43.380548,2023-07-26 05:13:50,54.3,,ida,50 - SENTIDO JD. OCEANICO (PARADOR) [IDA],43844.3,90.0
903024,,38,-22.876829,-43.329887,2023-07-26 05:14:04,0.0,,ida,38 - FUNDÃO X ALVORADA (PARADOR) [IDA],38022.8,
903025,,50,-23.006466,-43.313662,2023-07-26 05:14:02,0.0,,volta,50 - SENTIDO T. OLIMPICO (PARADOR) [VOLTA],39460.3,189.0
903014,,38,-22.91847,-43.365217,2023-07-26 05:13:50,0.0,,ida,38 - FUNDÃO X ALVORADA (PARADOR) [IDA],51730.3,240.0
901060,,51,-23.008503,-43.439909,2023-07-26 05:13:55,0.0,,volta,51 - SENTIDO V. MILITAR (PARADOR) [VOLTA],24784.0,75.0
903063,,17,-22.920223,-43.608128,2023-07-26 05:13:48,0.0,,ida,17 - SANTA CRUZ X CAMPO GRANDE (PARADOR) [IDA],21497.7,135.0
902113,,31,-22.852463,-43.312608,2023-07-26 05:13:47,0.0,,ida,31 - VICENTE DE CARVALHO X ALVORADA (SEMIDIRETO) [IDA],8853.8,
902118,,31,-22.878024,-43.329191,2023-07-26 05:13:58,18.4,,ida,31 - VICENTE DE CARVALHO X ALVORADA (SEMIDIRETO) [IDA],7640.8,176.0
902117,,31,-22.876569,-43.33572,2023-07-26 05:13:57,40.2,,ida,31 - VICENTE DE CARVALHO X ALVORADA (SEMIDIRETO) [IDA],10245.2,206.0
901044,,40,-22.905798,-43.357529,2023-07-26 05:13:59,59.7,,ida,40 - PAULO DA PORTELA X ALVORADA (EXPRESSO) [IDA],29599.0,197.0
903033,,42,-22.852201,-43.262617,2023-07-26 05:14:05,56.6,,ida,42 - GALEÃO X MADUREIRA MANANCEIA (PARADOR) [IDA],36571.2,324.0
902049,,46,-22.854522,-43.251527,2023-07-26 05:14:00,0.0,,ida,46 - PENHA X ALVORADA (EXPRESSO) [IDA],36014.8,
902020,,46,-22.841311,-43.275986,2023-07-26 05:04:23,0.0,,ida,46 - PENHA X ALVORADA (EXPRESSO) [IDA],31640.2,
902022,,46,-22.837957,-43.285477,2023-07-26 05:13:56,18.2,,ida,46 - PENHA X ALVORADA (EXPRESSO) [IDA],30783.5,257.0
901093,,22,-22.853403,-43.38654,2023-07-26 05:14:03,31.8,,ida,,27801.4,250.0
902059,,43,-22.940578,-43.372487,2023-07-26 05:13:49,0.0,,volta,43 - SANTA EFIGENIA X FUNDÃO (EXPRESSO) [VOLTA],35713.0,
902056,,46,-22.841887,-43.276081,2023-07-26 05:14:04,17.5,,ida,46 - PENHA X ALVORADA (EXPRESSO) [IDA],34645.0,69.0
901091,,51,-22.91601,-43.397873,2023-07-26 05:14:00,18.2,,ida,51 - SENTIDO RECREIO (PARADOR) [IDA],31127.6,140.0
901096,,51,-22.96485,-43.391667,2023-07-26 05:14:05,0.0,,volta,51 - SENTIDO V. MILITAR (PARADOR) [VOLTA],34298.1,
901086,,53,-22.965332,-43.391601,2023-07-26 05:13:46,0.0,,ida,53 - SENTIDO ALVORADA (EXPRESSO) [IDA],48370.4,155.0
902032,,46,-23.000933,-43.367638,2023-07-26 05:14:04,0.0,,volta,46 - ALVORADA X PENHA (EXPRESSO) [VOLTA],36295.6,
901094,,0,-22.97297,-43.398224,2023-07-26 05:13:55,0.0,,,,32747.4,271.0
902027,,43,-22.920855,-43.369509,2023-07-26 05:13:50,42.7,,ida,43 - FUNDÃO X SANTA EFIGENIA (EXPRESSO) [IDA],32878.199,238.0
902028,,46,-22.876728,-43.335736,2023-07-26 05:13:53,0.0,,volta,46 - ALVORADA X PENHA (EXPRESSO) [VOLTA],37595.5,23.0
902018,,40,-22.879878,-43.341805,2023-07-26 05:14:00,35.7,,ida,40 - PAULO DA PORTELA X ALVORADA (EXPRESSO) [IDA],23639.9,183.0
902046,,46,-22.870391,-43.335734,2023-07-26 05:14:00,0.0,,ida,46 - PENHA X ALVORADA (EXPRESSO) [IDA],33375.199,206.0
12715,,10,-22.928511,-43.676365,2023-07-26 05:14:04,34.6,,volta,10 - ALVORADA X SANTA CRUZ (EXPRESSO) [VOLTA],42386.5,308.0
902010,,40,-22.965063,-43.392116,2023-07-26 05:14:00,0.0,,ida,40 - PAULO DA PORTELA X ALVORADA (EXPRESSO) [IDA],10957.6,
901089,,0,-22.964427,-43.39177,2023-07-26 05:14:04,0.0,,,,45838.8,
901062,,51,-23.008481,-43.44012,2023-07-26 05:14:03,0.0,,volta,51 - SENTIDO V. MILITAR (PARADOR) [VOLTA],46937.0,54.0
902033,,43,-22.854346,-43.251284,2023-07-26 05:13:48,0.0,,volta,43 - SANTA EFIGENIA X FUNDÃO (EXPRESSO) [VOLTA],33362.1,
902053,,46,-22.854241,-43.251351,2023-07-26 05:13:58,0.0,,ida,46 - PENHA X ALVORADA (EXPRESSO) [IDA],33488.9,
E902000,,41,-22.854554,-43.251258,2023-07-26 05:14:05,0.0,,volta,41 - TERMINAL RECREIO X PAULO DA PORTELA (EXPRESSO) [VOLTA],10383.8,67.0
901067,,52,-22.994729,-43.365835,2023-07-26 05:13:48,31.9,,volta,52 - SENTIDO V. MILITAR (PARADOR) [VOLTA],41769.7,359.0
E902004,,41,-22.854498,-43.251706,2023-07-26 05:14:00,6.6,,volta,41 - TERMINAL RECREIO X PAULO DA PORTELA (EXPRESSO) [VOLTA],13269.1,91.0
12713,,18,-23.004337,-43.428025,2023-07-26 05:13:50,59.6,,ida,18 - RECREIO SHOPPING X JARDIM OCEÂNICO (EXPRESSO) [IDA],35256.5,70.0
902062,,46,-22.84249,-43.300029,2023-07-26 05:14:03,56.1,,volta,46 - ALVORADA X PENHA (EXPRESSO) [VOLTA],33293.699,39.0
902048,,46,-22.960618,-43.38992,2023-07-26 05:14:02,6.6,,volta,46 - ALVORADA X PENHA (EXPRESSO) [VOLTA],23966.9,24.0
902058,,46,-22.854174,-43.251917,2023-07-26 05:13:54,0.0,,ida,46 - PENHA X ALVORADA (EXPRESSO) [IDA],34575.2,
901068,,51,-22.996354,-43.424443,2023-07-26 05:13:50,59.0,,volta,51 - SENTIDO V. MILITAR (PARADOR) [VOLTA],50823.4,36.0
902003,,41,-22.839479,-43.239809,2023-07-26 05:13:57,0.0,,volta,41 - TERMINAL RECREIO X PAULO DA PORTELA (EXPRESSO) [VOLTA],17397.0,
902102,,35,-22.878517,-43.336287,2023-07-26 05:14:01,0.0,,ida,35 - MADUREIRA X ALVORADA (PARADOR) [IDA],12380.5,
901082,,53,-22.883903,-43.399656,2023-07-26 05:14:01,0.0,,ida,53 - SENTIDO ALVORADA (EXPRESSO) [IDA],47074.1,
902066,,46,-22.854409,-43.251676,2023-07-26 05:13:52,0.0,,ida,46 - PENHA X ALVORADA (EXPRESSO) [IDA],31314.1,
902052,,46,-22.999299,-43.368421,2023-07-26 05:14:02,37.0,,volta,46 - ALVORADA X PENHA (EXPRESSO) [VOLTA],35617.8,47.0
902050,,43,-22.882979,-43.342146,2023-07-26 05:13:57,56.8,,volta,43 - SANTA EFIGENIA X FUNDÃO (EXPRESSO) [VOLTA],31270.0,31.0
12716,,20,-22.916581,-43.683555,2023-07-26 05:14:03,9.9,,ida,20 - SANTA CRUZ X SALVADOR ALLENDE (EXPRESSO) [IDA],45562.5,336.0
902060,,41,-22.839172,-43.240131,2023-07-26 05:13:58,0.0,,volta,41 - TERMINAL RECREIO X PAULO DA PORTELA (EXPRESSO) [VOLTA],30133.0,145.0
902008,,46,-22.923013,-43.373798,2023-07-26 05:14:03,26.0,,ida,46 - PENHA X ALVORADA (EXPRESSO) [IDA],10531.2,37.0
902047,,46,-22.841397,-43.276893,2023-07-26 05:13:56,0.0,,ida,46 - PENHA X ALVORADA (EXPRESSO) [IDA],23965.9,
902051,,46,-22.896849,-43.351572,2023-07-26 05:13:59,0.0,,ida,46 - PENHA X ALVORADA (EXPRESSO) [IDA],32998.4,220.0
902067,,46,-22.96777,-43.390725,2023-07-26 05:13:59,38.5,,ida,46 - PENHA X ALVORADA (EXPRESSO) [IDA],34098.4,193.0
901088,,31,-22.965136,-43.391739,2023-07-26 05:13:57,0.0,,ida,31 - VICENTE DE CARVALHO X ALVORADA (SEMIDIRETO) [IDA],41618.2,152.0
901098,,51,-22.861588,-43.399743,2023-07-26 05:14:01,0.0,,ida,51 - SENTIDO RECREIO (PARADOR) [IDA],27295.1,241.0
901055,,51,-22.862232,-43.400802,2023-07-26 05:13:51,0.0,,ida,51 - SENTIDO RECREIO (PARADOR) [IDA],46658.5,242.0
901076,,52,-22.861249,-43.398839,2023-07-26 05:13:47,0.0,,ida,52 - SENTIDO ALVORADA (PARADOR) [IDA],31275.0,240.0
902054,,46,-22.854887,-43.251765,2023-07-26 05:14:00,35.1,,ida,46 - PENHA X ALVORADA (EXPRESSO) [IDA],35705.0,251.0
901079,,53,-22.972498,-43.401131,2023-07-26 05:14:02,17.9,,ida,53 - SENTIDO ALVORADA (EXPRESSO) [IDA],44061.0,184.0
901084,,53,-22.934479,-43.3957,2023-07-26 05:13:57,59.0,,ida,53 - SENTIDO ALVORADA (EXPRESSO) [IDA],52305.7,358.0
901070,,52,-22.973274,-43.383487,2023-07-26 05:13:57,38.1,,ida,52 - SENTIDO ALVORADA (PARADOR) [IDA],40493.7,88.0
902080,,46,-22.924863,-43.373855,2023-07-26 05:14:05,0.0,,ida,46 - PENHA X ALVORADA (EXPRESSO) [IDA],34356.9,174.0
901081,,53,-22.883859,-43.400371,2023-07-26 05:13:51,30.4,,ida,53 - SENTIDO ALVORADA (EXPRESSO) [IDA],41801.4,190.0
902065,,43,-22.842441,-43.278433,2023-07-26 05:14:03,23.2,,ida,43 - FUNDÃO X SANTA EFIGENIA (EXPRESSO) [IDA],35364.8,289.0
901069,,52,-23.001323,-43.365384,2023-07-26 05:14:03,0.0,,volta,52 - SENTIDO V. MILITAR (PARADOR) [VOLTA],37743.3,91.0
901074,,52,-22.86369,-43.403952,2023-07-26 05:13:59,51.8,,ida,52 - SENTIDO ALVORADA (PARADOR) [IDA],39514.3,244.0
902030,,31,-22.908957,-43.358963,2023-07-26 05:13:57,0.0,,ida,31 - VICENTE DE CARVALHO X ALVORADA (SEMIDIRETO) [IDA],11302.4,220.0
902071,,46,-23.000993,-43.365609,2023-07-26 05:14:00,16.6,,volta,46 - ALVORADA X PENHA (EXPRESSO) [VOLTA],35938.4,268.0
902072,,43,-22.854473,-43.251028,2023-07-26 05:14:04,0.0,,volta,43 - SANTA EFIGENIA X FUNDÃO (EXPRESSO) [VOLTA],32687.9,
902101,,31,-22.876419,-43.330134,2023-07-26 04:45:51,0.0,,ida,31 - VICENTE DE CARVALHO X ALVORADA (SEMIDIRETO) [IDA],10054.6,
902064,,43,-22.8791,-43.338434,2023-07-26 05:14:04,0.0,,ida,43 - FUNDÃO X SANTA EFIGENIA (EXPRESSO) [IDA],0.0,
902070,,46,-22.993513,-43.366007,2023-07-26 05:13:54,59.3,,ida,46 - PENHA X ALVORADA (EXPRESSO) [IDA],36297.6,181.0
901087,,53,-22.965516,-43.391565,2023-07-26 05:13:59,11.2,,ida,53 - SENTIDO ALVORADA (EXPRESSO) [IDA],47525.3,157.0
902085,,46,-22.854535,-43.251306,2023-07-26 05:13:59,0.0,,ida,46 - PENHA X ALVORADA (EXPRESSO) [IDA],34051.0,
E902001,,41,-22.839198,-43.282991,2023-07-26 05:13:46,36.3,,volta,41 - TERMINAL RECREIO X PAULO DA PORTELA (EXPRESSO) [VOLTA],20874.2,309.0
E902006,,40,-22.877661,-43.33655,2023-07-26 05:13:55,13.3,,ida,40 - PAULO DA PORTELA X ALVORADA (EXPRESSO) [IDA],19305.4,306.0
E902011,,40,-22.878573,-43.336309,2023-07-26 05:13:56,0.0,,ida,40 - PAULO DA PORTELA X ALVORADA (EXPRESSO) [IDA],8602.8,357.0
902002,,41,-22.872343,-43.336385,2023-07-26 05:13:49,0.0,,volta,41 - TERMINAL RECREIO X PAULO DA PORTELA (EXPRESSO) [VOLTA],19834.7,201.0
901095,,51,-22.965278,-43.391479,2023-07-26 05:13:46,0.0,,volta,51 - SENTIDO V. MILITAR (PARADOR) [VOLTA],35035.8,337.0
902069,,41,-22.934695,-43.372137,2023-07-26 05:14:04,26.5,,ida,41 - PAULO DA PORTELA X TERMINAL RECREIO (EXPRESSO) [IDA],32587.6,165.0
902094,,35,-22.892602,-43.348415,2023-07-26 05:13:55,7.5,,volta,35 - ALVORADA  X  MADUREIRA (PARADOR) [VOLTA],9091.9,27.0
902081,,31,-22.876343,-43.329956,2023-07-26 05:13:50,0.0,,ida,31 - VICENTE DE CARVALHO X ALVORADA (SEMIDIRETO) [IDA],11487.0,
902075,,31,-22.870159,-43.33545,2023-07-26 05:13:59,13.1,,ida,31 - VICENTE DE CARVALHO X ALVORADA (SEMIDIRETO) [IDA],14097.2,18.0
902082,,35,-22.95865,-43.383652,2023-07-26 05:14:02,0.0,,ida,35 - MADUREIRA X ALVORADA (PARADOR) [IDA],10872.5,244.0
903062,,17,-22.915708,-43.615992,2023-07-26 05:13:57,2.1,,ida,17 - SANTA CRUZ X CAMPO GRANDE (PARADOR) [IDA],20191.3,100.0
902089,,35,-23.000913,-43.367243,2023-07-26 05:13:56,0.0,,volta,35 - ALVORADA  X  MADUREIRA (PARADOR) [VOLTA],9774.7,
903041,,50,-22.876529,-43.329479,2023-07-26 05:13:50,0.0,,ida,50 - SENTIDO JD. OCEANICO (PARADOR) [IDA],27433.7,
903051,,50,-22.972113,-43.401192,2023-07-26 05:14:01,0.0,,ida,50 - SENTIDO JD. OCEANICO (PARADOR) [IDA],31059.3,187.0
902055,,46,-22.853182,-43.313701,2023-07-26 05:14:05,19.8,,ida,46 - PENHA X ALVORADA (EXPRESSO) [IDA],19.4,254.0
903036,,17,-22.91533,-43.606378,2023-07-26 05:13:57,43.3,,ida,17 - SANTA CRUZ X CAMPO GRANDE (PARADOR) [IDA],156820.6,71.0
902043,,46,-22.877482,-43.336963,2023-07-26 05:13:54,0.0,,ida,46 - PENHA X ALVORADA (EXPRESSO) [IDA],29100.7,
902036,,41,-22.898252,-43.352782,2023-07-26 05:13:54,10.8,,ida,41 - PAULO DA PORTELA X TERMINAL RECREIO (EXPRESSO) [IDA],32321.4,216.0
903039,,17,-22.914188,-43.600688,2023-07-26 05:13:47,29.7,,ida,17 - SANTA CRUZ X CAMPO GRANDE (PARADOR) [IDA],18371.2,86.0
903047,,42,-22.869998,-43.335451,2023-07-26 05:14:05,32.4,,ida,42 - GALEÃO X MADUREIRA MANANCEIA (PARADOR) [IDA],23084.0,16.0
902074,,31,-22.851422,-43.310891,2023-07-26 05:13:59,45.9,,ida,31 - VICENTE DE CARVALHO X ALVORADA (SEMIDIRETO) [IDA],9771.4,64.0
903040,,17,-22.901785,-43.555083,2023-07-26 04:50:56,0.0,,volta,17 - CAMPO GRANDE  X SANTA CRUZ (PARADOR) [VOLTA],18463.2,253.0
902044,,43,-22.853142,-43.31412,2023-07-26 05:13:57,29.3,,ida,43 - FUNDÃO X SANTA EFIGENIA (EXPRESSO) [IDA],31231.9,300.0
902038,,46,-22.854513,-43.251405,2023-07-26 05:13:56,0.0,,ida,46 - PENHA X ALVORADA (EXPRESSO) [IDA],7575.2,
903064,,50,-22.972478,-43.401048,2023-07-26 05:13:50,0.0,,ida,50 - SENTIDO JD. OCEANICO (PARADOR) [IDA],22136.7,178.0
903069,,17,-22.918113,-43.68312,2023-07-26 05:13:57,0.0,,ida,17 - SANTA CRUZ X CAMPO GRANDE (PARADOR) [IDA],22413.1,330.0
902042,,46,-22.927806,-43.373532,2023-07-26 05:14:06,47.8,,volta,46 - ALVORADA X PENHA (EXPRESSO) [VOLTA],31925.8,354.0
902040,,46,-22.891292,-43.347715,2023-07-26 05:13:52,42.7,,volta,46 - ALVORADA X PENHA (EXPRESSO) [VOLTA],34114.9,30.0
903038,,17,-22.91617,-43.630488,2023-07-26 05:13:33,45.8,,volta,17 - CAMPO GRANDE  X SANTA CRUZ (PARADOR) [VOLTA],26544.8,239.0
12732,,18,-23.019238,-43.505557,2023-07-26 05:13:54,0.0,,ida,18 - RECREIO SHOPPING X JARDIM OCEÂNICO (EXPRESSO) [IDA],25699.1,
902076,,46,-22.85482,-43.252054,2023-07-26 05:13:53,0.0,,ida,46 - PENHA X ALVORADA (EXPRESSO) [IDA],27510.5,
902096,,35,-23.00135,-43.366062,2023-07-26 05:13:53,0.0,,volta,35 - ALVORADA  X  MADUREIRA (PARADOR) [VOLTA],14221.7,
902100,,35,-22.878522,-43.336347,2023-07-26 05:13:49,0.0,,ida,35 - MADUREIRA X ALVORADA (PARADOR) [IDA],13435.3,
903059,,17,-22.931221,-43.672949,2023-07-26 05:14:04,31.8,,ida,17 - SANTA CRUZ X CAMPO GRANDE (PARADOR) [IDA],18748.6,310.0
902079,,46,-22.841415,-43.275745,2023-07-26 05:14:00,0.0,,ida,46 - PENHA X ALVORADA (EXPRESSO) [IDA],30822.0,
903066,,17,-22.922908,-43.679467,2023-07-26 05:13:43,34.1,,ida,17 - SANTA CRUZ X CAMPO GRANDE (PARADOR) [IDA],24876.4,165.0
902099,,35,-22.893478,-43.34907,2023-07-26 05:14:01,27.5,,ida,35 - MADUREIRA X ALVORADA (PARADOR) [IDA],11543.7,208.0
902091,,35,-22.973343,-43.376205,2023-07-26 05:14:02,20.3,,ida,35 - MADUREIRA X ALVORADA (PARADOR) [IDA],14053.4,90.0
901099,,51,-22.953204,-43.390742,2023-07-26 05:14:04,0.0,,ida,51 - SENTIDO RECREIO (PARADOR) [IDA],29489.8,211.0
903046,,42,-22.877661,-43.336258,2023-07-26 05:13:51,16.4,,volta,42 - MADUREIRA MANANCEIA X GALEAO (PARADOR) [VOLTA],29786.2,25.0
903070,,17,-22.916354,-43.607149,2023-07-26 05:14:00,0.0,,ida,17 - SANTA CRUZ X CAMPO GRANDE (PARADOR) [IDA],9256.4,250.0
44706,LRG8855,20,-22.918598,-43.682662,2023-07-26 05:13:56,0.0,,ida,20 - SANTA CRUZ X SALVADOR ALLENDE (EXPRESSO) [IDA],21875.2,
903065,,17,-22.91311,-43.595276,2023-07-26 05:14:01,39.5,,volta,17 - CAMPO GRANDE  X SANTA CRUZ (PARADOR) [VOLTA],16965.5,242.0
901008,,22,-23.000169,-43.350365,2023-07-26 05:14:50,50.1,,ida,22 - ALVORADA X J. OCEÂNICO (PARADOR) [IDA],22785.3,91.0
901011,RIV8A74,22,-23.000913,-43.364607,2023-07-26 05:14:49,0.0,,ida,22 - ALVORADA X J. OCEÂNICO (PARADOR) [IDA],23500.0,253.0
901007,,22,-23.000897,-43.331519,2023-07-26 05:14:49,58.5,,ida,22 - ALVORADA X J. OCEÂNICO (PARADOR) [IDA],21822.0,94.0
901009,,22,-23.000797,-43.366147,2023-07-26 05:14:57,0.0,,volta,,20865.0,264.0
901010,RJM8G30,22,-23.000969,-43.365937,2023-07-26 05:14:47,0.0,,ida,22 - ALVORADA X J. OCEÂNICO (PARADOR) [IDA],22869.6,230.0
901017,,22,-23.000707,-43.366037,2023-07-26 05:15:06,0.0,,ida,22 - ALVORADA X J. OCEÂNICO (PARADOR) [IDA],25122.4,
901006,RJA9F56,22,-23.006836,-43.312347,2023-07-26 05:15:03,0.0,,volta,22 - J. OCEÂNICO X ALVORADA (PARADOR) [VOLTA],19383.7,188.0
901005,RJB8E53,22,-23.006439,-43.313109,2023-07-26 05:15:06,0.4,,volta,22 - J. OCEÂNICO X ALVORADA (PARADOR) [VOLTA],21643.4,268.0
901004,RJQ8J80,22,-23.000722,-43.331449,2023-07-26 05:15:03,47.7,,volta,22 - J. OCEÂNICO X ALVORADA (PARADOR) [VOLTA],21434.6,274.0
30504,,25,-23.008343,-43.443403,2023-07-26 05:15:05,11.7,,volta,25 - ALVORADA X MATO ALTO (PARADOR) [VOLTA],53634.1,256.0
30533,KWO8120,13,-22.918923,-43.607608,2023-07-26 05:14:57,0.0,,ida,13 - MATO ALTO X ALVORADA (EXPRESSO) [IDA],52594.9,95.0
30538,KXE7719,20,-22.967101,-43.641197,2023-07-26 05:14:50,57.9,,volta,20 - SALVADOR ALLENDE X SANTA CRUZ (EXPRESSO) [VOLTA],55898.9,287.0
50309,KPN6B05,13,-23.00019,-43.368877,2023-07-26 05:14:48,45.4,,ida,13 - MATO ALTO X ALVORADA (EXPRESSO) [IDA],20091.3,87.0
30532,KYL8599,13,-23.013369,-43.462152,2023-07-26 05:14:54,41.8,,ida,13 - MATO ALTO X ALVORADA (EXPRESSO) [IDA],41767.2,75.0
13423,LSI5976,25,-23.006894,-43.551059,2023-07-26 05:14:50,59.1,,volta,25 - ALVORADA X MATO ALTO (PARADOR) [VOLTA],41121.1,284.0
47030,LSQ5263,20,-23.020514,-43.501059,2023-07-26 05:14:49,7.9,,ida,20 - SANTA CRUZ X SALVADOR ALLENDE (EXPRESSO) [IDA],53788.2,105.0
30519,LRE9804,11,-22.920074,-43.608092,2023-07-26 05:15:01,0.0,,ida,11 - SANTA CRUZ X ALVORADA (PARADOR) [IDA],51494.8,
90005,KWK6A89,20,-22.918255,-43.683001,2023-07-26 05:14:55,0.0,,ida,20 - SANTA CRUZ X SALVADOR ALLENDE (EXPRESSO) [IDA],49835.6,327.0
86875,KQB4103,12,-22.916994,-43.634325,2023-07-26 05:14:56,37.7,,ida,12 - PINGO D'AGUA X ALVORADA (EXPRESSO) [IDA],13015.5,279.0
30518,KYL8597,25,-23.000971,-43.36732,2023-07-26 05:15:05,0.0,,volta,25 - ALVORADA X MATO ALTO (PARADOR) [VOLTA],37111.1,269.0
902090,,35,-22.933064,-43.372827,2023-07-26 05:14:49,40.4,,ida,35 - MADUREIRA X ALVORADA (PARADOR) [IDA],15082.8,157.0
47029,LSQ5267,20,-22.916723,-43.683546,2023-07-26 05:14:59,0.9,,ida,20 - SANTA CRUZ X SALVADOR ALLENDE (EXPRESSO) [IDA],56965.1,326.0
47012,KPZ8364,20,-22.936209,-43.666973,2023-07-26 05:14:58,26.8,,ida,20 - SANTA CRUZ X SALVADOR ALLENDE (EXPRESSO) [IDA],54993.9,186.0
86885,LTB5540,14,-22.916429,-43.630927,2023-07-26 05:14:49,0.0,,ida,14 - SANTA EUGÊNIA X SALVADOR ALLENDE (EXPRESSO) [IDA],514717.3,246.0
12738,KRR2404,25,-22.993108,-43.597356,2023-07-26 05:15:03,0.0,,ida,25 - MATO ALTO X ALVORADA (PARADOR) [IDA],37392.2,
86886,LTB5541,14,-22.938182,-43.666756,2023-07-26 05:14:48,15.8,,ida,14 - SANTA EUGÊNIA X SALVADOR ALLENDE (EXPRESSO) [IDA],13091.5,166.0
13428,KXE7712,11,-22.920049,-43.608171,2023-07-26 05:15:06,5.7,,ida,11 - SANTA CRUZ X ALVORADA (PARADOR) [IDA],57799.2,128.0
47006,KWZ8630,18,-23.019102,-43.505098,2023-07-26 05:15:03,0.0,,ida,18 - RECREIO SHOPPING X JARDIM OCEÂNICO (EXPRESSO) [IDA],50888.5,
47007,LSP6018,18,-22.92063,-43.607716,2023-07-26 05:15:01,0.0,,ida,18 - RECREIO SHOPPING X JARDIM OCEÂNICO (EXPRESSO) [IDA],42179.7,158.0
13413,KWI9711,12,-22.993033,-43.59794,2023-07-26 05:14:49,0.0,,ida,12 - PINGO D'AGUA X ALVORADA (EXPRESSO) [IDA],43512.1,132.0
90001,KPZ5E15,19,-22.978057,-43.611365,2023-07-26 05:15:05,60.2,,ida,19 - PINGO D'AGUA X SALVADOR ALLENDE (EXPRESSO) [IDA],44136.7,161.0
901057,,52,-22.921768,-43.397273,2023-07-26 05:14:55,59.6,,volta,52 - SENTIDO V. MILITAR (PARADOR) [VOLTA],51069.6,21.0
901003,RKM8C54,22,-22.999974,-43.362424,2023-07-26 05:14:48,38.7,,volta,22 - J. OCEÂNICO X ALVORADA (PARADOR) [VOLTA],22831.4,266.0
86874,KQB4102,20,-22.918856,-43.607542,2023-07-26 05:14:54,0.0,,ida,20 - SANTA CRUZ X SALVADOR ALLENDE (EXPRESSO) [IDA],512858.4,98.0
86879,LTN5696,18,-22.992855,-43.598159,2023-07-26 05:14:48,0.0,,ida,18 - RECREIO SHOPPING X JARDIM OCEÂNICO (EXPRESSO) [IDA],1812.9,
47009,KPZ8430,20,-22.920271,-43.607864,2023-07-26 05:15:05,0.0,,ida,20 - SANTA CRUZ X SALVADOR ALLENDE (EXPRESSO) [IDA],54120.7,359.0
47014,KZI4452,19,-22.917321,-43.606972,2023-07-26 03:32:04,0.4,,ida,19 - PINGO D'AGUA X SALVADOR ALLENDE (EXPRESSO) [IDA],38000.1,356.0
30537,KXE7720,12,-22.924423,-43.649412,2023-07-26 05:14:57,39.9,,ida,12 - PINGO D'AGUA X ALVORADA (EXPRESSO) [IDA],51509.8,212.0
50301,KPP5B70,25,-23.015583,-43.471498,2023-07-26 05:15:04,20.6,,volta,25 - ALVORADA X MATO ALTO (PARADOR) [VOLTA],3953.1,252.0
47018,LRS2843,0,-22.917641,-43.607149,2023-07-26 03:47:36,0.2,,,,32975.1,359.0
44713,KPZ3559,20,-22.920673,-43.607879,2023-07-26 04:50:36,0.0,,ida,20 - SANTA CRUZ X SALVADOR ALLENDE (EXPRESSO) [IDA],29573.1,
13401,KQO7822,19,-23.003266,-43.425244,2023-07-26 05:14:56,0.0,,volta,19 - SALVADOR ALLENDE X PINGO D'AGUA (EXPRESSO) [VOLTA],53649.5,325.0
13421,KWO8119,10,-22.920278,-43.608191,2023-07-26 05:14:57,0.0,,ida,10 - SANTA CRUZ X ALVORADA (EXPRESSO) [IDA],14957.8,
27174,KQP5437,13,-23.007427,-43.549384,2023-07-26 05:14:59,53.3,,ida,13 - MATO ALTO X ALVORADA (EXPRESSO) [IDA],18878.6,104.0
47026,KYA7928,10,-22.920584,-43.608013,2023-07-26 05:14:51,0.0,,ida,10 - SANTA CRUZ X ALVORADA (EXPRESSO) [IDA],32900.199,
86889,KRQ6878,10,-23.000893,-43.367123,2023-07-26 05:14:58,0.0,,volta,10 - ALVORADA X SANTA CRUZ (EXPRESSO) [VOLTA],514962.4,
12724,LMJ1118,18,-23.017255,-43.477483,2023-07-26 05:14:57,31.7,,ida,18 - RECREIO SHOPPING X JARDIM OCEÂNICO (EXPRESSO) [IDA],9645.9,66.0
27209,LSL9B07,25,-23.007042,-43.551207,2023-07-26 05:14:51,40.2,,ida,25 - MATO ALTO X ALVORADA (PARADOR) [IDA],10079.8,104.0
27176,LRK9563,18,-23.006893,-43.551805,2023-07-26 05:14:49,33.7,,ida,18 - RECREIO SHOPPING X JARDIM OCEÂNICO (EXPRESSO) [IDA],13505.3,104.0
30511,KPV2250,13,-23.013728,-43.464468,2023-07-26 05:14:52,53.3,,volta,13 - ALVORADA X  MATO ALTO (EXPRESSO) [VOLTA],49446.7,255.0
13427,KXE7711,0,-22.920603,-43.60828,2023-07-26 05:14:48,0.0,,,,51855.6,
12725,LMJ1327,25,-22.993388,-43.596949,2023-07-26 05:14:48,0.0,,ida,25 - MATO ALTO X ALVORADA (PARADOR) [IDA],39260.9,
13404,KQO7823,20,-23.008341,-43.442586,2023-07-26 05:15:03,13.2,,volta,20 - SALVADOR ALLENDE X SANTA CRUZ (EXPRESSO) [VOLTA],56107.6,92.0
47022,KRM7701,10,-23.004155,-43.562631,2023-07-26 05:14:49,54.7,,volta,10 - ALVORADA X SANTA CRUZ (EXPRESSO) [VOLTA],12953.9,285.0
13422,LSI5978,20,-22.999154,-43.584762,2023-07-26 05:14:51,59.1,,ida,20 - SANTA CRUZ X SALVADOR ALLENDE (EXPRESSO) [IDA],40387.8,105.0
12730,LSO8993,19,-23.009295,-43.539871,2023-07-26 05:14:47,59.5,,volta,19 - SALVADOR ALLENDE X PINGO D'AGUA (EXPRESSO) [VOLTA],9259.7,306.0
86872,LSH7386,13,-22.993985,-43.597203,2023-07-26 05:14:49,0.0,,ida,13 - MATO ALTO X ALVORADA (EXPRESSO) [IDA],22416.7,
47017,LRS2841,20,-22.967244,-43.641411,2023-07-26 05:15:02,52.7,,ida,20 - SANTA CRUZ X SALVADOR ALLENDE (EXPRESSO) [IDA],47903.1,108.0
86859,KWJ9250,19,-23.0185,-43.482344,2023-07-26 05:14:51,16.9,,ida,19 - PINGO D'AGUA X SALVADOR ALLENDE (EXPRESSO) [IDA],18700.0,75.0
30509,KYM4574,13,-23.000754,-43.364353,2023-07-26 05:15:04,8.6,,volta,13 - ALVORADA X  MATO ALTO (EXPRESSO) [VOLTA],53044.0,132.0
12710,KRO9724,20,-22.992679,-43.598358,2023-07-26 05:14:57,0.0,,ida,20 - SANTA CRUZ X SALVADOR ALLENDE (EXPRESSO) [IDA],38381.0,
12720,KXD9430,20,-23.008739,-43.445002,2023-07-26 05:14:57,45.3,,volta,20 - SALVADOR ALLENDE X SANTA CRUZ (EXPRESSO) [VOLTA],21769.8,255.0
12712,LSN8501,19,-22.920663,-43.607913,2023-07-26 05:14:51,0.0,,ida,19 - PINGO D'AGUA X SALVADOR ALLENDE (EXPRESSO) [IDA],31093.7,
13407,KPY9732,18,-23.018986,-43.505935,2023-07-26 05:14:59,0.0,,ida,18 - RECREIO SHOPPING X JARDIM OCEÂNICO (EXPRESSO) [IDA],45435.9,
30521,LRC6594,19,-22.965332,-43.647809,2023-07-26 05:14:54,19.1,,ida,19 - PINGO D'AGUA X SALVADOR ALLENDE (EXPRESSO) [IDA],34826.7,181.0
30514,KYL8595,11,-22.920187,-43.607916,2023-07-26 05:14:46,0.0,,ida,11 - SANTA CRUZ X ALVORADA (PARADOR) [IDA],38408.7,
47010,KPZ8363,25,-23.002844,-43.423823,2023-07-26 05:14:53,14.7,,ida,25 - MATO ALTO X ALVORADA (PARADOR) [IDA],42590.5,74.0
86884,LSP9604,20,-22.974362,-43.363825,2023-07-26 05:14:51,40.0,,ida,20 - SANTA CRUZ X SALVADOR ALLENDE (EXPRESSO) [IDA],15302.1,209.0
KWB9798 - APOIO VAN,KWB9798,0,-23.000783,-43.364954,2023-07-26 04:15:29,0.0,,,,3223.5,
90006,LRH6D12,20,-22.918842,-43.682506,2023-07-26 05:14:54,31.8,,ida,20 - SANTA CRUZ X SALVADOR ALLENDE (EXPRESSO) [IDA],29710.7,324.0
30531,LRC6592,19,-22.96685,-43.642388,2023-07-26 05:13:03,59.6,,volta,19 - SALVADOR ALLENDE X PINGO D'AGUA (EXPRESSO) [VOLTA],40607.8,287.0
30524,LRC6601,25,-23.01702,-43.476755,2023-07-26 05:15:00,11.7,,ida,25 - MATO ALTO X ALVORADA (PARADOR) [IDA],29234.9,77.0
13415,KQK7905,25,-23.000656,-43.366324,2023-07-26 05:14:54,0.0,,volta,25 - ALVORADA X MATO ALTO (PARADOR) [VOLTA],45135.0,87.0
901002,,22,-23.000687,-43.365896,2023-07-26 05:15:04,18.5,,ida,22 - ALVORADA X J. OCEÂNICO (PARADOR) [IDA],17407.2,90.0
B13,KYM5979,14,-22.951503,-43.650098,2023-07-26 05:15:04,44.7,,volta,14 - SALVADOR ALLENDE x SANTA EUGÊNIA (EXPRESSO) [VOLTA],1180.6,318.0
B16,LSI3468,14,-22.961273,-43.648438,2023-07-26 05:14:49,0.0,,ida,14 - SANTA EUGÊNIA X SALVADOR ALLENDE (EXPRESSO) [IDA],1124.0,
B17,KWY8231,14,-22.961318,-43.648441,2023-07-26 05:15:00,0.0,,ida,14 - SANTA EUGÊNIA X SALVADOR ALLENDE (EXPRESSO) [IDA],1235.7,
B20,LMH6141,14,-23.015248,-43.469469,2023-07-26 05:14:43,58.3,,ida,14 - SANTA EUGÊNIA X SALVADOR ALLENDE (EXPRESSO) [IDA],1167.9,75.0
B19,KZJ7238,14,-22.916566666666668,-43.631663333333336,2023-07-26 05:14:55,0.0,,ida,14 - SANTA EUGÊNIA X SALVADOR ALLENDE (EXPRESSO) [IDA],104993.2,225.0
B14,KRK9519,14,-22.988815,-43.602991,2023-07-26 05:14:58,58.2,,volta,14 - SALVADOR ALLENDE x SANTA EUGÊNIA (EXPRESSO) [VOLTA],1186.1,313.0
B11,KRK9516,14,-22.917469,-43.63751,2023-07-26 05:14:59,57.0,,ida,14 - SANTA EUGÊNIA X SALVADOR ALLENDE (EXPRESSO) [IDA],1220.6,258.0
B12,LMH5981,14,-22.916612,-43.631924,2023-07-26 05:15:01,4.1,,ida,14 - SANTA EUGÊNIA X SALVADOR ALLENDE (EXPRESSO) [IDA],1150.5,269.0
B24,LSO7028,14,-23.001439,-43.575124,2023-07-26 05:13:59,61.8,,ida,14 - SANTA EUGÊNIA X SALVADOR ALLENDE (EXPRESSO) [IDA],1200.3,106.0
B25,,14,-22.970226,-43.630784,2023-07-26 05:14:53,53.6,,ida,14 - SANTA EUGÊNIA X SALVADOR ALLENDE (EXPRESSO) [IDA],1112.5,97.0
B28,KQP5E29,14,-22.916455,-43.631085,2023-07-26 05:14:57,0.0,,ida,14 - SANTA EUGÊNIA X SALVADOR ALLENDE (EXPRESSO) [IDA],1141.7,258.0
B40,,14,-22.916517,-43.631317,2023-07-26 05:15:01,0.0,,ida,14 - SANTA EUGÊNIA X SALVADOR ALLENDE (EXPRESSO) [IDA],749.6,253.0
B41,,14,-22.916618,-43.631716,2023-07-26 05:14:56,0.0,,ida,14 - SANTA EUGÊNIA X SALVADOR ALLENDE (EXPRESSO) [IDA],1178.2,267.0
B47,,14,-22.935109,-43.665892,2023-07-26 05:15:06,30.4,,ida,14 - SANTA EUGÊNIA X SALVADOR ALLENDE (EXPRESSO) [IDA],1182.5,228.0
B048,,14,-22.916477,-43.631482,2023-07-26 05:14:49,0.0,,ida,14 - SANTA EUGÊNIA X SALVADOR ALLENDE (EXPRESSO) [IDA],1167.9,258.0
B55,,14,-23.005461,-43.432457,2023-07-26 05:14:58,51.6,,volta,14 - SALVADOR ALLENDE x SANTA EUGÊNIA (EXPRESSO) [VOLTA],1155.4,255.0
B53,,14,-22.921885,-43.646608,2023-07-26 05:14:47,58.2,,ida,14 - SANTA EUGÊNIA X SALVADOR ALLENDE (EXPRESSO) [IDA],1197.4,243.0
B51,,14,-23.020861,-43.496573,2023-07-26 05:15:00,48.2,,volta,14 - SALVADOR ALLENDE x SANTA EUGÊNIA (EXPRESSO) [VOLTA],1235.0,273.0
901077,,52,-22.912722,-43.400647,2023-07-26 05:10:35,44.4,,ida,52 - SENTIDO ALVORADA (PARADOR) [IDA],26515.3,332.0
902119,,35,-22.920052,-43.367929,2023-07-26 05:15:01,0.0,,volta,35 - ALVORADA  X  MADUREIRA (PARADOR) [VOLTA],7691.6,58.0
901058,,51,-22.916858,-43.397026,2023-07-26 05:15:05,57.8,,volta,51 - SENTIDO V. MILITAR (PARADOR) [VOLTA],44198.6,332.0
901071,,22,-22.965714,-43.391377,2023-07-26 05:15:01,0.0,,ida,22 - ALVORADA X J. OCEÂNICO (PARADOR) [IDA],43438.0,
903027,,50,-22.963916,-43.394563,2023-07-26 05:14:58,16.6,,ida,50 - SENTIDO JD. OCEANICO (PARADOR) [IDA],49612.9,213.0
901066,,52,-22.967422,-43.397584,2023-07-26 05:15:01,24.1,,volta,52 - SENTIDO V. MILITAR (PARADOR) [VOLTA],50012.0,41.0
903026,,50,-23.002974,-43.324968,2023-07-26 05:15:03,0.0,,ida,50 - SENTIDO JD. OCEANICO (PARADOR) [IDA],48960.0,109.0
903029,,50,-22.972344,-43.401166,2023-07-26 05:15:01,0.0,,ida,50 - SENTIDO JD. OCEANICO (PARADOR) [IDA],33512.4,176.0
902116,,35,-23.000707,-43.368032,2023-07-26 05:15:04,17.1,,volta,35 - ALVORADA  X  MADUREIRA (PARADOR) [VOLTA],11178.4,85.0
902115,,35,-22.973297,-43.375691,2023-07-26 05:14:54,15.7,,volta,35 - ALVORADA  X  MADUREIRA (PARADOR) [VOLTA],14866.6,272.0
901061,,51,-22.868309,-43.413359,2023-07-26 05:14:57,26.1,,volta,51 - SENTIDO V. MILITAR (PARADOR) [VOLTA],43310.9,57.0
903030,,50,-22.972053,-43.401054,2023-07-26 05:14:47,0.0,,ida,50 - SENTIDO JD. OCEANICO (PARADOR) [IDA],40967.6,177.0
901048,,51,-22.982064,-43.410488,2023-07-26 05:14:53,16.2,,ida,51 - SENTIDO RECREIO (PARADOR) [IDA],26345.7,216.0
901065,,52,-22.862178,-43.40058,2023-07-26 05:14:48,0.0,,ida,52 - SENTIDO ALVORADA (PARADOR) [IDA],35398.2,233.0
903031,,38,-22.879078,-43.330556,2023-07-26 05:14:55,0.0,,ida,38 - FUNDÃO X ALVORADA (PARADOR) [IDA],40603.5,266.0
903032,,42,-22.839457,-43.296088,2023-07-26 05:14:50,0.0,,volta,42 - MADUREIRA MANANCEIA X GALEAO (PARADOR) [VOLTA],42713.0,53.0
901075,,0,-22.862284,-43.400868,2023-07-26 05:14:57,0.0,,,,49006.0,230.0
903055,,17,-22.917957,-43.683114,2023-07-26 05:15:01,0.0,,ida,17 - SANTA CRUZ X CAMPO GRANDE (PARADOR) [IDA],18909.5,340.0
902112,,31,-22.876406,-43.329783,2023-07-26 04:15:48,0.0,,ida,31 - VICENTE DE CARVALHO X ALVORADA (SEMIDIRETO) [IDA],11288.7,
903037,,17,-22.9255,-43.649977,2023-07-26 05:14:49,20.3,,ida,17 - SANTA CRUZ X CAMPO GRANDE (PARADOR) [IDA],20708.2,19.0
903002,,42,-22.877892,-43.336456,2023-07-26 05:14:55,0.0,,volta,42 - MADUREIRA MANANCEIA X GALEAO (PARADOR) [VOLTA],6973.4,29.0
901080,,53,-22.947103,-43.393079,2023-07-26 05:15:06,59.5,,ida,53 - SENTIDO ALVORADA (EXPRESSO) [IDA],31282.0,132.0
902110,,35,-22.959827,-43.388466,2023-07-26 05:14:51,0.0,,volta,35 - ALVORADA  X  MADUREIRA (PARADOR) [VOLTA],8837.0,75.0
902114,,35,-22.878709,-43.336351,2023-07-26 05:15:04,0.0,,ida,35 - MADUREIRA X ALVORADA (PARADOR) [IDA],8978.3,353.0
903054,,17,-22.933459,-43.662105,2023-07-26 05:15:00,0.0,,volta,17 - CAMPO GRANDE  X SANTA CRUZ (PARADOR) [VOLTA],17674.9,265.0
903021,,42,-22.838585,-43.294732,2023-07-26 05:14:47,38.9,,ida,42 - GALEÃO X MADUREIRA MANANCEIA (PARADOR) [IDA],34628.9,234.0
903056,,17,-22.917814,-43.683282,2023-07-26 05:14:58,0.0,,ida,17 - SANTA CRUZ X CAMPO GRANDE (PARADOR) [IDA],14656.1,164.0
903000,,50,-23.00081,-43.36706,2023-07-26 05:15:02,13.0,,volta,50 - SENTIDO T. OLIMPICO (PARADOR) [VOLTA],31890.4,205.0
903058,,17,-22.924135,-43.679201,2023-07-26 05:14:54,17.8,,volta,17 - CAMPO GRANDE  X SANTA CRUZ (PARADOR) [VOLTA],9172.6,358.0
902045,,31,-22.85229,-43.312458,2023-07-26 05:14:59,0.0,,ida,31 - VICENTE DE CARVALHO X ALVORADA (SEMIDIRETO) [IDA],6827.7,
903007,,50,-22.979849,-43.365669,2023-07-26 05:14:50,53.4,,volta,50 - SENTIDO T. OLIMPICO (PARADOR) [VOLTA],41363.9,
903004,,42,-22.847396,-43.305148,2023-07-26 05:14:51,17.8,,ida,42 - GALEÃO X MADUREIRA MANANCEIA (PARADOR) [IDA],39204.1,231.0
903006,,50,-22.839859,-43.282265,2023-07-26 05:15:00,46.2,,ida,50 - SENTIDO JD. OCEANICO (PARADOR) [IDA],46390.0,125.0
903005,,42,-22.844704,-43.238464,2023-07-26 05:15:01,4.7,,ida,42 - GALEÃO X MADUREIRA MANANCEIA (PARADOR) [IDA],38823.3,194.0
903022,,50,-22.971654,-43.400532,2023-07-26 05:15:03,24.8,,ida,50 - SENTIDO JD. OCEANICO (PARADOR) [IDA],37742.2,344.0
903035,,17,-22.916302,-43.68468,2023-07-26 05:15:01,9.5,,ida,17 - SANTA CRUZ X CAMPO GRANDE (PARADOR) [IDA],19571.2,156.0
901059,,51,-22.956931,-43.393406,2023-07-26 05:14:55,56.8,,volta,51 - SENTIDO V. MILITAR (PARADOR) [VOLTA],48361.7,6.0
903003,,42,-22.855027,-43.323448,2023-07-26 05:14:46,39.3,,volta,42 - MADUREIRA MANANCEIA X GALEAO (PARADOR) [VOLTA],41711.1,49.0
901020,,22,-23.000716,-43.36524,2023-07-26 05:14:57,0.0,,ida,22 - ALVORADA X J. OCEÂNICO (PARADOR) [IDA],25521.6,
901025,,51,-22.88365,-43.40037,2023-07-26 05:14:56,63.1,,ida,51 - SENTIDO RECREIO (PARADOR) [IDA],40719.3,190.0
901027,,41,-22.858433,-43.393173,2023-07-26 05:14:52,41.6,,volta,41 - TERMINAL RECREIO X PAULO DA PORTELA (EXPRESSO) [VOLTA],25989.4,244.0
901028,,40,-22.935545,-43.371758,2023-07-26 05:14:51,0.0,,ida,40 - PAULO DA PORTELA X ALVORADA (EXPRESSO) [IDA],23782.2,159.0
901030,,40,-22.877908,-43.336268,2023-07-26 05:15:01,2.5,,ida,40 - PAULO DA PORTELA X ALVORADA (EXPRESSO) [IDA],21836.3,50.0
901032,,40,-22.877972,-43.336526,2023-07-26 05:14:58,0.0,,ida,40 - PAULO DA PORTELA X ALVORADA (EXPRESSO) [IDA],25296.1,1.0
901034,,0,-22.917716,-43.363941,2023-07-26 05:15:04,43.8,,,,27520.7,58.0
901035,,22,-22.965695,-43.391352,2023-07-26 03:16:49,0.0,,ida,22 - ALVORADA X J. OCEÂNICO (PARADOR) [IDA],26023.0,
901036,,52,-22.948731,-43.372545,2023-07-26 05:14:54,27.7,,ida,52 - SENTIDO ALVORADA (PARADOR) [IDA],22809.0,22.0
901038,,22,-22.965043,-43.391467,2023-07-26 05:15:02,0.0,,ida,22 - ALVORADA X J. OCEÂNICO (PARADOR) [IDA],27356.9,
901040,,41,-22.964374,-43.391744,2023-07-26 05:15:00,0.0,,volta,41 - TERMINAL RECREIO X PAULO DA PORTELA (EXPRESSO) [VOLTA],29561.8,
901041,,22,-22.96571,-43.391307,2023-07-26 05:15:05,0.0,,ida,22 - ALVORADA X J. OCEÂNICO (PARADOR) [IDA],26160.4,
903009,,42,-22.84845,-43.265547,2023-07-26 05:14:47,10.6,,ida,42 - GALEÃO X MADUREIRA MANANCEIA (PARADOR) [IDA],47193.9,321.0
903010,,42,-22.83954,-43.239751,2023-07-26 05:15:03,0.0,,ida,42 - GALEÃO X MADUREIRA MANANCEIA (PARADOR) [IDA],43702.3,
903011,,42,-22.852578,-43.262307,2023-07-26 05:15:00,46.9,,volta,42 - MADUREIRA MANANCEIA X GALEAO (PARADOR) [VOLTA],45341.5,144.0
903012,,42,-22.877771,-43.336519,2023-07-26 05:14:53,0.0,,volta,42 - MADUREIRA MANANCEIA X GALEAO (PARADOR) [VOLTA],47959.5,215.0
903015,,42,-22.839868,-43.239521,2023-07-26 05:14:56,0.0,,ida,42 - GALEÃO X MADUREIRA MANANCEIA (PARADOR) [IDA],47876.8,323.0
903016,,42,-22.839149,-43.241041,2023-07-26 05:15:06,28.2,,volta,42 - MADUREIRA MANANCEIA X GALEAO (PARADOR) [VOLTA],42537.2,21.0
903017,,50,-23.000725,-43.367803,2023-07-26 05:14:46,23.6,,ida,50 - SENTIDO JD. OCEANICO (PARADOR) [IDA],44911.0,93.0
903020,,50,-22.973344,-43.37619,2023-07-26 05:14:50,0.0,,ida,50 - SENTIDO JD. OCEANICO (PARADOR) [IDA],43844.7,88.0
903024,,38,-22.876829,-43.329887,2023-07-26 05:15:03,0.0,,ida,38 - FUNDÃO X ALVORADA (PARADOR) [IDA],38022.8,
903025,,50,-23.006421,-43.313563,2023-07-26 05:15:02,0.9,,volta,50 - SENTIDO T. OLIMPICO (PARADOR) [VOLTA],39460.3,189.0
903013,,42,-22.839643,-43.239723,2023-07-26 05:06:55,0.3,,ida,42 - GALEÃO X MADUREIRA MANANCEIA (PARADOR) [IDA],44482.2,145.0
903014,,38,-22.921134,-43.37007,2023-07-26 05:14:50,30.9,,ida,38 - FUNDÃO X ALVORADA (PARADOR) [IDA],51730.9,239.0
901060,,51,-23.008493,-43.439913,2023-07-26 05:14:56,0.0,,volta,51 - SENTIDO V. MILITAR (PARADOR) [VOLTA],24784.0,75.0
903063,,17,-22.920223,-43.608128,2023-07-26 05:14:48,0.0,,ida,17 - SANTA CRUZ X CAMPO GRANDE (PARADOR) [IDA],21497.7,135.0
902113,,31,-22.852463,-43.312608,2023-07-26 05:14:47,0.0,,ida,31 - VICENTE DE CARVALHO X ALVORADA (SEMIDIRETO) [IDA],8853.8,
902118,,31,-22.879057,-43.331885,2023-07-26 05:15:01,22.5,,ida,31 - VICENTE DE CARVALHO X ALVORADA (SEMIDIRETO) [IDA],7641.2,307.0
902117,,31,-22.878949,-43.337324,2023-07-26 05:15:04,44.8,,ida,31 - VICENTE DE CARVALHO X ALVORADA (SEMIDIRETO) [IDA],10245.5,247.0
901044,,40,-22.914015,-43.360666,2023-07-26 05:14:59,59.6,,ida,40 - PAULO DA PORTELA X ALVORADA (EXPRESSO) [IDA],29600.0,190.0
903033,,42,-22.848553,-43.265504,2023-07-26 05:15:06,5.9,,ida,42 - GALEÃO X MADUREIRA MANANCEIA (PARADOR) [IDA],36571.7,269.0
902049,,46,-22.854522,-43.251527,2023-07-26 05:14:59,0.0,,ida,46 - PENHA X ALVORADA (EXPRESSO) [IDA],36014.8,
902022,,46,-22.837688,-43.290641,2023-07-26 05:14:56,0.1,,ida,46 - PENHA X ALVORADA (EXPRESSO) [IDA],30784.1,249.0
901093,,22,-22.85724,-43.390934,2023-07-26 05:15:02,35.6,,ida,,27802.1,241.0
902059,,43,-22.93881,-43.372257,2023-07-26 05:14:49,37.0,,volta,43 - SANTA EFIGENIA X FUNDÃO (EXPRESSO) [VOLTA],35713.2,3.0
902056,,46,-22.841878,-43.275556,2023-07-26 05:15:04,17.5,,ida,46 - PENHA X ALVORADA (EXPRESSO) [IDA],34645.1,87.0
901091,,51,-22.920408,-43.396764,2023-07-26 05:14:40,48.8,,ida,51 - SENTIDO RECREIO (PARADOR) [IDA],31128.1,198.0
901096,,51,-22.964904,-43.391695,2023-07-26 05:15:05,0.0,,volta,51 - SENTIDO V. MILITAR (PARADOR) [VOLTA],34298.1,
901086,,53,-22.965332,-43.391601,2023-07-26 05:15:06,0.0,,ida,53 - SENTIDO ALVORADA (EXPRESSO) [IDA],48370.4,155.0
902032,,46,-23.000933,-43.367638,2023-07-26 05:15:04,0.0,,volta,46 - ALVORADA X PENHA (EXPRESSO) [VOLTA],36295.6,
901094,,0,-22.969805,-43.399662,2023-07-26 05:14:55,42.8,,,,32748.0,36.0
902027,,43,-22.923694,-43.374001,2023-07-26 05:14:52,35.0,,ida,43 - FUNDÃO X SANTA EFIGENIA (EXPRESSO) [IDA],32878.699,175.0
902028,,46,-22.872803,-43.33633,2023-07-26 05:14:53,0.0,,volta,46 - ALVORADA X PENHA (EXPRESSO) [VOLTA],37596.0,345.0
902018,,40,-22.886061,-43.343962,2023-07-26 05:15:00,51.7,,ida,40 - PAULO DA PORTELA X ALVORADA (EXPRESSO) [IDA],23640.7,219.0
902046,,46,-22.87233,-43.336341,2023-07-26 05:14:59,0.0,,ida,46 - PENHA X ALVORADA (EXPRESSO) [IDA],33375.4,200.0
12715,,10,-22.927135,-43.678071,2023-07-26 05:15:04,25.6,,volta,10 - ALVORADA X SANTA CRUZ (EXPRESSO) [VOLTA],42386.8,309.0
902010,,40,-22.965062,-43.392116,2023-07-26 05:15:01,0.0,,ida,40 - PAULO DA PORTELA X ALVORADA (EXPRESSO) [IDA],10957.6,
901089,,0,-22.964427,-43.39177,2023-07-26 05:15:04,0.0,,,,45838.8,
901062,,51,-23.008471,-43.440065,2023-07-26 05:15:03,0.0,,volta,51 - SENTIDO V. MILITAR (PARADOR) [VOLTA],46937.0,54.0
902033,,43,-22.854346,-43.251284,2023-07-26 05:14:48,0.0,,volta,43 - SANTA EFIGENIA X FUNDÃO (EXPRESSO) [VOLTA],33362.1,
902053,,46,-22.854241,-43.251351,2023-07-26 05:14:58,0.0,,ida,46 - PENHA X ALVORADA (EXPRESSO) [IDA],33488.9,
E902000,,41,-22.854548,-43.251244,2023-07-26 05:15:05,0.0,,volta,41 - TERMINAL RECREIO X PAULO DA PORTELA (EXPRESSO) [VOLTA],10383.8,
901067,,52,-22.989707,-43.365682,2023-07-26 05:14:48,47.1,,volta,52 - SENTIDO V. MILITAR (PARADOR) [VOLTA],41770.2,354.0
E902004,,41,-22.854505,-43.251594,2023-07-26 05:15:00,0.0,,volta,41 - TERMINAL RECREIO X PAULO DA PORTELA (EXPRESSO) [VOLTA],13269.1,
12713,,18,-23.002725,-43.423171,2023-07-26 05:14:50,50.5,,ida,18 - RECREIO SHOPPING X JARDIM OCEÂNICO (EXPRESSO) [IDA],35257.0,70.0
902062,,46,-22.839552,-43.296251,2023-07-26 05:15:03,0.0,,volta,46 - ALVORADA X PENHA (EXPRESSO) [VOLTA],33294.199,44.0
902048,,46,-22.958759,-43.383729,2023-07-26 05:15:02,53.3,,volta,46 - ALVORADA X PENHA (EXPRESSO) [VOLTA],23967.6,76.0
902058,,46,-22.854174,-43.251917,2023-07-26 05:14:54,0.0,,ida,46 - PENHA X ALVORADA (EXPRESSO) [IDA],34575.2,
901068,,51,-22.9899,-43.418,2023-07-26 05:14:50,48.3,,volta,51 - SENTIDO V. MILITAR (PARADOR) [VOLTA],50824.4,48.0
902003,,41,-22.839479,-43.239809,2023-07-26 05:14:58,0.0,,volta,41 - TERMINAL RECREIO X PAULO DA PORTELA (EXPRESSO) [VOLTA],17397.0,
902102,,35,-22.878517,-43.336287,2023-07-26 05:15:01,0.0,,ida,35 - MADUREIRA X ALVORADA (PARADOR) [IDA],12380.5,
901082,,53,-22.885052,-43.399979,2023-07-26 05:15:05,6.9,,ida,53 - SENTIDO ALVORADA (EXPRESSO) [IDA],47074.2,86.0
902066,,46,-22.854409,-43.251676,2023-07-26 05:14:52,0.0,,ida,46 - PENHA X ALVORADA (EXPRESSO) [IDA],31314.1,
902052,,46,-22.992035,-43.365751,2023-07-26 05:15:02,60.1,,volta,46 - ALVORADA X PENHA (EXPRESSO) [VOLTA],35618.7,1.0
902050,,43,-22.878967,-43.340793,2023-07-26 05:15:06,48.2,,volta,43 - SANTA EFIGENIA X FUNDÃO (EXPRESSO) [VOLTA],31270.5,81.0
12716,,20,-22.917659,-43.684306,2023-07-26 05:15:03,28.3,,ida,20 - SANTA CRUZ X SALVADOR ALLENDE (EXPRESSO) [IDA],45562.8,168.0
902060,,43,-22.839165,-43.24009,2023-07-26 05:14:57,0.0,,ida,43 - FUNDÃO X SANTA EFIGENIA (EXPRESSO) [IDA],30133.0,
902008,,46,-22.920026,-43.367776,2023-07-26 05:15:03,40.7,,ida,46 - PENHA X ALVORADA (EXPRESSO) [IDA],10531.9,54.0
902047,,46,-22.841397,-43.276893,2023-07-26 05:14:55,0.0,,ida,46 - PENHA X ALVORADA (EXPRESSO) [IDA],23965.9,
902051,,46,-22.897623,-43.352189,2023-07-26 05:14:59,8.2,,ida,46 - PENHA X ALVORADA (EXPRESSO) [IDA],32998.5,218.0
902067,,46,-22.972065,-43.386986,2023-07-26 05:14:59,30.5,,ida,46 - PENHA X ALVORADA (EXPRESSO) [IDA],34099.0,126.0
901088,,31,-22.965391,-43.391622,2023-07-26 05:14:57,0.0,,ida,31 - VICENTE DE CARVALHO X ALVORADA (SEMIDIRETO) [IDA],41618.2,153.0
901098,,51,-22.861597,-43.399738,2023-07-26 05:15:01,0.0,,ida,51 - SENTIDO RECREIO (PARADOR) [IDA],27295.1,
901055,,51,-22.863553,-43.403557,2023-07-26 05:14:51,53.8,,ida,51 - SENTIDO RECREIO (PARADOR) [IDA],46658.8,243.0
901076,,52,-22.861249,-43.398839,2023-07-26 05:14:47,0.0,,ida,52 - SENTIDO ALVORADA (PARADOR) [IDA],31275.0,
902054,,46,-22.855988,-43.255911,2023-07-26 05:14:58,38.4,,ida,46 - PENHA X ALVORADA (EXPRESSO) [IDA],35705.5,223.0
901079,,53,-22.973319,-43.39386,2023-07-26 05:15:02,59.2,,ida,53 - SENTIDO ALVORADA (EXPRESSO) [IDA],44061.7,90.0
901084,,53,-22.925782,-43.397158,2023-07-26 05:14:57,60.0,,ida,53 - SENTIDO ALVORADA (EXPRESSO) [IDA],52306.7,333.0
901070,,52,-22.973272,-43.380922,2023-07-26 05:14:57,35.0,,ida,52 - SENTIDO ALVORADA (PARADOR) [IDA],40494.0,90.0
902080,,46,-22.929465,-43.373463,2023-07-26 05:15:06,42.4,,ida,46 - PENHA X ALVORADA (EXPRESSO) [IDA],34357.5,175.0
901081,,53,-22.886466,-43.400854,2023-07-26 05:14:52,17.3,,ida,53 - SENTIDO ALVORADA (EXPRESSO) [IDA],41801.7,190.0
902065,,43,-22.840401,-43.281253,2023-07-26 05:15:03,41.8,,ida,43 - FUNDÃO X SANTA EFIGENIA (EXPRESSO) [IDA],35365.2,304.0
901069,,52,-23.00125,-43.365213,2023-07-26 05:15:03,0.0,,volta,52 - SENTIDO V. MILITAR (PARADOR) [VOLTA],37743.4,91.0
901074,,52,-22.867619,-43.412317,2023-07-26 05:14:59,53.0,,ida,52 - SENTIDO ALVORADA (PARADOR) [IDA],39515.3,241.0
902030,,31,-22.915735,-43.361537,2023-07-26 05:14:58,56.0,,ida,31 - VICENTE DE CARVALHO X ALVORADA (SEMIDIRETO) [IDA],11303.3,208.0
902071,,46,-23.001016,-43.365812,2023-07-26 05:15:01,0.0,,volta,46 - ALVORADA X PENHA (EXPRESSO) [VOLTA],35938.4,269.0
902072,,43,-22.854473,-43.251028,2023-07-26 05:15:04,0.0,,volta,43 - SANTA EFIGENIA X FUNDÃO (EXPRESSO) [VOLTA],32687.9,
902101,,31,-22.876389,-43.33011,2023-07-26 05:14:50,0.0,,ida,31 - VICENTE DE CARVALHO X ALVORADA (SEMIDIRETO) [IDA],10054.6,
902064,,43,-22.8791,-43.338434,2023-07-26 05:15:04,0.0,,ida,43 - FUNDÃO X SANTA EFIGENIA (EXPRESSO) [IDA],0.0,
902070,,46,-23.000636,-43.368869,2023-07-26 05:14:55,37.1,,ida,46 - PENHA X ALVORADA (EXPRESSO) [IDA],36298.5,147.0
901087,,53,-22.966446,-43.39056,2023-07-26 05:15:00,27.6,,ida,53 - SENTIDO ALVORADA (EXPRESSO) [IDA],47525.5,182.0
902085,,46,-22.854535,-43.251306,2023-07-26 05:14:59,0.0,,ida,46 - PENHA X ALVORADA (EXPRESSO) [IDA],34051.0,
E902001,,41,-22.83778,-43.288122,2023-07-26 05:15:06,0.0,,volta,41 - TERMINAL RECREIO X PAULO DA PORTELA (EXPRESSO) [VOLTA],20874.8,265.0
E902006,,40,-22.877577,-43.33665,2023-07-26 05:14:55,0.0,,ida,40 - PAULO DA PORTELA X ALVORADA (EXPRESSO) [IDA],19305.4,
E902011,,40,-22.878575,-43.336287,2023-07-26 05:14:56,0.0,,ida,40 - PAULO DA PORTELA X ALVORADA (EXPRESSO) [IDA],8602.8,
902002,,41,-22.876026,-43.335355,2023-07-26 05:14:50,40.6,,volta,41 - TERMINAL RECREIO X PAULO DA PORTELA (EXPRESSO) [VOLTA],19835.1,220.0
901095,,51,-22.965695,-43.391573,2023-07-26 05:15:04,13.3,,volta,51 - SENTIDO V. MILITAR (PARADOR) [VOLTA],35035.8,169.0
902069,,41,-22.935794,-43.371656,2023-07-26 05:15:05,29.9,,ida,41 - PAULO DA PORTELA X TERMINAL RECREIO (EXPRESSO) [IDA],32587.7,160.0
902094,,35,-22.888503,-43.345948,2023-07-26 05:14:55,38.0,,volta,35 - ALVORADA  X  MADUREIRA (PARADOR) [VOLTA],9092.4,36.0
902081,,31,-22.876341,-43.329958,2023-07-26 05:14:50,0.0,,ida,31 - VICENTE DE CARVALHO X ALVORADA (SEMIDIRETO) [IDA],11487.0,
902075,,31,-22.867827,-43.334841,2023-07-26 05:15:00,51.5,,ida,31 - VICENTE DE CARVALHO X ALVORADA (SEMIDIRETO) [IDA],14097.4,10.0
902082,,35,-22.959888,-43.388949,2023-07-26 05:15:02,0.0,,ida,35 - MADUREIRA X ALVORADA (PARADOR) [IDA],10873.0,255.0
903062,,17,-22.916051,-43.610741,2023-07-26 05:14:58,52.3,,ida,17 - SANTA CRUZ X CAMPO GRANDE (PARADOR) [IDA],20191.8,87.0
902089,,35,-23.000913,-43.367243,2023-07-26 05:14:56,0.0,,volta,35 - ALVORADA  X  MADUREIRA (PARADOR) [VOLTA],9774.7,
903041,,50,-22.876745,-43.32952,2023-07-26 05:14:57,8.7,,ida,50 - SENTIDO JD. OCEANICO (PARADOR) [IDA],27433.7,97.0
903051,,50,-22.972121,-43.401169,2023-07-26 05:15:00,0.0,,ida,50 - SENTIDO JD. OCEANICO (PARADOR) [IDA],31059.3,187.0
902055,,46,-22.852395,-43.316684,2023-07-26 05:15:05,33.4,,ida,46 - PENHA X ALVORADA (EXPRESSO) [IDA],19.8,262.0
903044,,42,-22.839937,-43.239405,2023-07-26 05:14:55,0.0,,ida,42 - GALEÃO X MADUREIRA MANANCEIA (PARADOR) [IDA],29209.2,143.0
903036,,17,-22.91422,-43.601771,2023-07-26 05:14:56,30.9,,ida,17 - SANTA CRUZ X CAMPO GRANDE (PARADOR) [IDA],156821.1,91.0
902043,,46,-22.877482,-43.336963,2023-07-26 05:14:54,0.0,,ida,46 - PENHA X ALVORADA (EXPRESSO) [IDA],29100.7,
902036,,41,-22.903191,-43.356072,2023-07-26 05:14:54,50.8,,ida,41 - PAULO DA PORTELA X TERMINAL RECREIO (EXPRESSO) [IDA],32322.1,210.0
903039,,17,-22.913866,-43.597634,2023-07-26 05:14:47,16.5,,ida,17 - SANTA CRUZ X CAMPO GRANDE (PARADOR) [IDA],18371.5,84.0
903047,,42,-22.864626,-43.333759,2023-07-26 05:14:45,59.0,,ida,42 - GALEÃO X MADUREIRA MANANCEIA (PARADOR) [IDA],23084.6,32.0
902074,,31,-22.85114,-43.310509,2023-07-26 05:14:59,28.7,,ida,31 - VICENTE DE CARVALHO X ALVORADA (SEMIDIRETO) [IDA],9771.8,248.0
903040,,17,-22.90195,-43.555154,2023-07-26 05:04:36,14.0,,volta,17 - CAMPO GRANDE  X SANTA CRUZ (PARADOR) [VOLTA],18463.3,67.0
902044,,43,-22.852485,-43.317582,2023-07-26 05:14:49,49.2,,ida,43 - FUNDÃO X SANTA EFIGENIA (EXPRESSO) [IDA],31232.3,266.0
902038,,46,-22.854517,-43.25143,2023-07-26 05:14:57,0.0,,ida,46 - PENHA X ALVORADA (EXPRESSO) [IDA],7575.2,
903064,,50,-22.972493,-43.401033,2023-07-26 05:14:51,0.0,,ida,50 - SENTIDO JD. OCEANICO (PARADOR) [IDA],22136.7,178.0
903069,,17,-22.918095,-43.683151,2023-07-26 05:14:57,0.0,,ida,17 - SANTA CRUZ X CAMPO GRANDE (PARADOR) [IDA],22413.1,330.0
902042,,46,-22.923558,-43.37393,2023-07-26 05:15:05,0.0,,volta,46 - ALVORADA X PENHA (EXPRESSO) [VOLTA],31926.2,353.0
902040,,46,-22.885907,-43.343797,2023-07-26 05:14:51,52.0,,volta,46 - ALVORADA X PENHA (EXPRESSO) [VOLTA],34115.6,40.0
903038,,17,-22.916836,-43.632705,2023-07-26 05:14:57,13.6,,volta,17 - CAMPO GRANDE  X SANTA CRUZ (PARADOR) [VOLTA],26545.0,235.0
12732,,18,-23.019238,-43.505557,2023-07-26 05:14:54,0.0,,ida,18 - RECREIO SHOPPING X JARDIM OCEÂNICO (EXPRESSO) [IDA],25699.1,
903067,,17,-22.919994,-43.608086,2023-07-26 05:15:00,3.1,,ida,17 - SANTA CRUZ X CAMPO GRANDE (PARADOR) [IDA],23576.4,279.0
902076,,46,-22.85482,-43.252054,2023-07-26 05:14:53,0.0,,ida,46 - PENHA X ALVORADA (EXPRESSO) [IDA],27510.5,
902083,,31,-22.876358,-43.330275,2023-07-26 04:30:37,0.0,,ida,31 - VICENTE DE CARVALHO X ALVORADA (SEMIDIRETO) [IDA],5228.3,
902096,,35,-23.00135,-43.366062,2023-07-26 05:14:53,0.0,,volta,35 - ALVORADA  X  MADUREIRA (PARADOR) [VOLTA],14221.7,
902100,,35,-22.878522,-43.336347,2023-07-26 05:14:49,0.0,,ida,35 - MADUREIRA X ALVORADA (PARADOR) [IDA],13435.3,
903059,,17,-22.927448,-43.677547,2023-07-26 05:15:04,27.0,,ida,17 - SANTA CRUZ X CAMPO GRANDE (PARADOR) [IDA],18749.3,311.0
902079,,46,-22.841415,-43.275745,2023-07-26 05:15:00,0.0,,ida,46 - PENHA X ALVORADA (EXPRESSO) [IDA],30822.0,
903066,,17,-22.927094,-43.678186,2023-07-26 05:15:03,0.0,,ida,17 - SANTA CRUZ X CAMPO GRANDE (PARADOR) [IDA],24876.9,132.0
902099,,35,-22.898221,-43.352702,2023-07-26 05:15:01,0.3,,ida,35 - MADUREIRA X ALVORADA (PARADOR) [IDA],11544.4,206.0
902091,,35,-22.97335,-43.371706,2023-07-26 05:15:02,0.0,,ida,35 - MADUREIRA X ALVORADA (PARADOR) [IDA],14053.9,90.0
901099,,51,-22.955353,-43.392481,2023-07-26 05:14:45,56.1,,ida,51 - SENTIDO RECREIO (PARADOR) [IDA],29490.1,222.0
903046,,42,-22.877427,-43.336098,2023-07-26 05:14:51,0.0,,volta,42 - MADUREIRA MANANCEIA X GALEAO (PARADOR) [VOLTA],29786.3,76.0
903070,,17,-22.915406,-43.606676,2023-07-26 05:15:00,38.3,,ida,17 - SANTA CRUZ X CAMPO GRANDE (PARADOR) [IDA],9256.7,71.0
44706,LRG8855,20,-22.917112,-43.683517,2023-07-26 05:14:55,9.5,,ida,20 - SANTA CRUZ X SALVADOR ALLENDE (EXPRESSO) [IDA],21875.4,341.0
903065,,17,-22.913907,-43.59832,2023-07-26 05:15:01,29.8,,volta,17 - CAMPO GRANDE  X SANTA CRUZ (PARADOR) [VOLTA],16965.8,265.0
901008,,22,-23.000276,-43.34174,2023-07-26 05:17:11,0.0,,ida,22 - ALVORADA X J. OCEÂNICO (PARADOR) [IDA],22786.2,93.0
901011,RIV8A74,22,-23.001006,-43.365791,2023-07-26 05:17:09,0.0,,ida,22 - ALVORADA X J. OCEÂNICO (PARADOR) [IDA],23500.1,242.0
901007,,22,-23.00347,-43.323702,2023-07-26 05:17:08,0.0,,ida,22 - ALVORADA X J. OCEÂNICO (PARADOR) [IDA],21822.9,112.0
901009,,22,-23.000099,-43.362814,2023-07-26 05:17:17,42.5,,ida,22 - ALVORADA X J. OCEÂNICO (PARADOR) [IDA],20865.9,89.0
901010,RJM8G30,22,-23.00094,-43.366184,2023-07-26 05:17:26,0.0,,ida,22 - ALVORADA X J. OCEÂNICO (PARADOR) [IDA],22869.6,266.0
901017,,22,-23.000727,-43.366029,2023-07-26 05:17:26,0.0,,ida,22 - ALVORADA X J. OCEÂNICO (PARADOR) [IDA],25122.4,
901006,RJA9F56,22,-23.006565,-43.312612,2023-07-26 05:17:23,0.0,,volta,22 - J. OCEÂNICO X ALVORADA (PARADOR) [VOLTA],19383.9,279.0
901005,RJB8E53,22,-23.006416,-43.313061,2023-07-26 05:17:15,0.0,,volta,22 - J. OCEÂNICO X ALVORADA (PARADOR) [VOLTA],21643.4,
901004,RJQ8J80,22,-23.000225,-43.342462,2023-07-26 05:17:22,12.7,,volta,22 - J. OCEÂNICO X ALVORADA (PARADOR) [VOLTA],21435.8,283.0
30504,,25,-23.011635,-43.456608,2023-07-26 05:17:25,47.8,,volta,25 - ALVORADA X MATO ALTO (PARADOR) [VOLTA],53635.5,254.0
30538,KXE7719,20,-22.956786,-43.649737,2023-07-26 05:17:09,43.7,,volta,20 - SALVADOR ALLENDE X SANTA CRUZ (EXPRESSO) [VOLTA],55900.5,8.0
50309,KPN6B05,13,-23.000916,-43.365539,2023-07-26 05:17:23,15.9,,volta,13 - ALVORADA X  MATO ALTO (EXPRESSO) [VOLTA],20092.0,275.0
30532,KYL8599,13,-23.00957,-43.446963,2023-07-26 05:17:14,59.3,,ida,13 - MATO ALTO X ALVORADA (EXPRESSO) [IDA],41768.9,75.0
13423,LSI5976,25,-23.002929,-43.567907,2023-07-26 05:17:10,59.8,,volta,25 - ALVORADA X MATO ALTO (PARADOR) [VOLTA],41122.9,285.0
47030,LSQ5263,20,-23.020064,-43.488455,2023-07-26 05:17:09,0.0,,ida,20 - SANTA CRUZ X SALVADOR ALLENDE (EXPRESSO) [IDA],53789.5,71.0
30519,LRE9804,11,-22.920074,-43.608092,2023-07-26 05:17:20,0.0,,ida,11 - SANTA CRUZ X ALVORADA (PARADOR) [IDA],51494.8,
90005,KWK6A89,20,-22.918267,-43.68298,2023-07-26 05:17:15,0.0,,ida,20 - SANTA CRUZ X SALVADOR ALLENDE (EXPRESSO) [IDA],49835.6,327.0
86875,KQB4103,12,-22.922087,-43.646972,2023-07-26 05:17:08,44.5,,ida,12 - PINGO D'AGUA X ALVORADA (EXPRESSO) [IDA],13017.0,237.0
30518,KYL8597,25,-23.000103,-43.368738,2023-07-26 05:17:25,31.2,,volta,25 - ALVORADA X MATO ALTO (PARADOR) [VOLTA],37111.6,269.0
902090,,35,-22.942321,-43.372632,2023-07-26 05:17:09,45.7,,ida,35 - MADUREIRA X ALVORADA (PARADOR) [IDA],15083.8,174.0
47029,LSQ5267,20,-22.916659,-43.683447,2023-07-26 05:17:19,0.0,,ida,20 - SANTA CRUZ X SALVADOR ALLENDE (EXPRESSO) [IDA],56965.1,4.0
47012,KPZ8364,20,-22.941734,-43.662943,2023-07-26 05:17:23,39.8,,ida,20 - SANTA CRUZ X SALVADOR ALLENDE (EXPRESSO) [IDA],54994.7,142.0
86885,LTB5540,14,-22.916403,-43.630947,2023-07-26 05:17:09,0.0,,ida,14 - SANTA EUGÊNIA X SALVADOR ALLENDE (EXPRESSO) [IDA],514717.3,246.0
12738,KRR2404,25,-22.993108,-43.597355,2023-07-26 05:17:23,0.0,,ida,25 - MATO ALTO X ALVORADA (PARADOR) [IDA],37392.2,
86886,LTB5541,14,-22.945926,-43.656242,2023-07-26 05:17:08,57.9,,ida,14 - SANTA EUGÊNIA X SALVADOR ALLENDE (EXPRESSO) [IDA],13092.9,107.0
13428,KXE7712,11,-22.919943,-43.607499,2023-07-26 05:17:24,0.0,,ida,11 - SANTA CRUZ X ALVORADA (PARADOR) [IDA],57799.4,90.0
47006,KWZ8630,18,-23.019105,-43.505102,2023-07-26 05:17:23,0.0,,ida,18 - RECREIO SHOPPING X JARDIM OCEÂNICO (EXPRESSO) [IDA],50888.5,
47007,LSP6018,18,-22.920644,-43.607732,2023-07-26 05:17:21,0.0,,ida,18 - RECREIO SHOPPING X JARDIM OCEÂNICO (EXPRESSO) [IDA],42179.7,158.0
90001,KPZ5E15,19,-22.993622,-43.597646,2023-07-26 05:17:28,12.7,,ida,19 - PINGO D'AGUA X SALVADOR ALLENDE (EXPRESSO) [IDA],44139.0,143.0
901057,,52,-22.910887,-43.400636,2023-07-26 05:16:50,79.8,,volta,52 - SENTIDO V. MILITAR (PARADOR) [VOLTA],51071.0,26.0
901003,RKM8C54,22,-23.001095,-43.365216,2023-07-26 05:17:28,0.0,,ida,22 - ALVORADA X J. OCEÂNICO (PARADOR) [IDA],22832.3,254.0
86874,KQB4102,20,-22.918865,-43.607528,2023-07-26 05:17:14,0.0,,ida,20 - SANTA CRUZ X SALVADOR ALLENDE (EXPRESSO) [IDA],512858.4,98.0
86879,LTN5696,18,-22.99309,-43.597893,2023-07-26 05:17:27,0.0,,ida,18 - RECREIO SHOPPING X JARDIM OCEÂNICO (EXPRESSO) [IDA],1813.0,131.0
47009,KPZ8430,20,-22.920268,-43.607945,2023-07-26 05:17:24,0.0,,ida,20 - SANTA CRUZ X SALVADOR ALLENDE (EXPRESSO) [IDA],54120.7,115.0
47014,KZI4452,19,-22.91734,-43.606975,2023-07-26 05:17:12,0.0,,ida,19 - PINGO D'AGUA X SALVADOR ALLENDE (EXPRESSO) [IDA],38000.1,
30537,KXE7720,12,-22.933131,-43.661154,2023-07-26 05:17:17,47.4,,ida,12 - PINGO D'AGUA X ALVORADA (EXPRESSO) [IDA],51511.4,252.0
50301,KPP5B70,25,-23.017329,-43.478678,2023-07-26 05:17:24,38.3,,volta,25 - ALVORADA X MATO ALTO (PARADOR) [VOLTA],3953.8,254.0
47018,LRS2843,0,-22.917626,-43.607099,2023-07-26 05:17:27,0.0,,,,32975.1,
44713,KPZ3559,20,-22.920664,-43.607876,2023-07-26 05:17:09,0.0,,ida,20 - SANTA CRUZ X SALVADOR ALLENDE (EXPRESSO) [IDA],29573.1,
13401,KQO7822,19,-23.004263,-43.428423,2023-07-26 05:17:16,45.1,,ida,19 - PINGO D'AGUA X SALVADOR ALLENDE (EXPRESSO) [IDA],53649.9,250.0
13421,KWO8119,10,-22.920271,-43.608198,2023-07-26 05:17:17,0.0,,ida,10 - SANTA CRUZ X ALVORADA (EXPRESSO) [IDA],14957.8,
27174,KQP5437,13,-23.011057,-43.535628,2023-07-26 05:17:19,55.2,,ida,13 - MATO ALTO X ALVORADA (EXPRESSO) [IDA],18880.1,104.0
47026,KYA7928,10,-22.920584,-43.608013,2023-07-26 05:17:10,0.0,,ida,10 - SANTA CRUZ X ALVORADA (EXPRESSO) [IDA],32900.199,
86889,KRQ6878,10,-23.000893,-43.367123,2023-07-26 05:17:17,0.0,,volta,10 - ALVORADA X SANTA CRUZ (EXPRESSO) [VOLTA],514962.4,
12724,LMJ1118,18,-23.015588,-43.471206,2023-07-26 05:17:17,0.0,,ida,18 - RECREIO SHOPPING X JARDIM OCEÂNICO (EXPRESSO) [IDA],9646.6,71.0
27209,LSL9B07,25,-23.010306,-43.538404,2023-07-26 05:17:11,42.4,,ida,25 - MATO ALTO X ALVORADA (PARADOR) [IDA],10081.2,107.0
30511,KPV2250,13,-23.017434,-43.478995,2023-07-26 05:17:12,48.1,,volta,13 - ALVORADA X  MATO ALTO (EXPRESSO) [VOLTA],49448.2,255.0
13427,KXE7711,0,-22.920646,-43.608279,2023-07-26 05:17:08,0.0,,,,51855.6,
12725,LMJ1327,25,-22.993388,-43.596949,2023-07-26 05:17:08,0.0,,ida,25 - MATO ALTO X ALVORADA (PARADOR) [IDA],39260.9,
13404,KQO7823,20,-23.008188,-43.442003,2023-07-26 05:17:23,0.0,,volta,20 - SALVADOR ALLENDE X SANTA CRUZ (EXPRESSO) [VOLTA],56107.7,74.0
47022,KRM7701,10,-22.999067,-43.58411,2023-07-26 05:17:09,59.0,,volta,10 - ALVORADA X SANTA CRUZ (EXPRESSO) [VOLTA],12956.2,281.0
13422,LSI5978,20,-23.004312,-43.562906,2023-07-26 05:17:11,60.0,,ida,20 - SANTA CRUZ X SALVADOR ALLENDE (EXPRESSO) [IDA],40390.1,104.0
12730,LSO8993,19,-23.003573,-43.565108,2023-07-26 05:17:27,60.1,,volta,19 - SALVADOR ALLENDE X PINGO D'AGUA (EXPRESSO) [VOLTA],9262.4,284.0
86872,LSH7386,13,-22.995955,-43.594437,2023-07-26 05:17:09,37.5,,ida,13 - MATO ALTO X ALVORADA (EXPRESSO) [IDA],22417.1,131.0
47017,LRS2841,20,-22.968869,-43.622774,2023-07-26 05:17:22,24.6,,ida,20 - SANTA CRUZ X SALVADOR ALLENDE (EXPRESSO) [IDA],47905.1,83.0
86859,KWJ9250,19,-23.014849,-43.46809,2023-07-26 05:17:11,60.1,,ida,19 - PINGO D'AGUA X SALVADOR ALLENDE (EXPRESSO) [IDA],18701.6,75.0
30509,KYM4574,13,-23.000952,-43.366715,2023-07-26 05:17:15,0.0,,volta,13 - ALVORADA X  MATO ALTO (EXPRESSO) [VOLTA],53044.3,263.0
12710,KRO9724,20,-22.992654,-43.598351,2023-07-26 05:17:18,0.0,,ida,20 - SANTA CRUZ X SALVADOR ALLENDE (EXPRESSO) [IDA],38381.0,
12720,KXD9430,20,-23.011871,-43.457313,2023-07-26 05:17:17,0.0,,volta,20 - SALVADOR ALLENDE X SANTA CRUZ (EXPRESSO) [VOLTA],21771.1,254.0
12712,LSN8501,19,-22.920758,-43.607935,2023-07-26 05:17:11,0.0,,ida,19 - PINGO D'AGUA X SALVADOR ALLENDE (EXPRESSO) [IDA],31093.7,134.0
13407,KPY9732,18,-23.018986,-43.505935,2023-07-26 05:17:12,0.0,,ida,18 - RECREIO SHOPPING X JARDIM OCEÂNICO (EXPRESSO) [IDA],45435.9,
30514,KYL8595,11,-22.920187,-43.607916,2023-07-26 05:17:27,0.0,,ida,11 - SANTA CRUZ X ALVORADA (PARADOR) [IDA],38408.7,
47010,KPZ8363,25,-23.000075,-43.412413,2023-07-26 05:17:13,37.7,,ida,25 - MATO ALTO X ALVORADA (PARADOR) [IDA],42591.7,83.0
86884,LSP9604,20,-22.994015,-43.365977,2023-07-26 05:17:12,60.2,,ida,20 - SANTA CRUZ X SALVADOR ALLENDE (EXPRESSO) [IDA],15304.3,181.0
90006,LRH6D12,20,-22.918417,-43.682779,2023-07-26 05:17:14,0.0,,ida,20 - SANTA CRUZ X SALVADOR ALLENDE (EXPRESSO) [IDA],29710.8,323.0
30531,LRC6592,19,-22.965799,-43.645917,2023-07-26 05:17:24,0.0,,ida,19 - PINGO D'AGUA X SALVADOR ALLENDE (EXPRESSO) [IDA],40608.2,286.0
30524,LRC6601,25,-23.014353,-43.466387,2023-07-26 05:17:20,0.0,,ida,25 - MATO ALTO X ALVORADA (PARADOR) [IDA],29236.0,76.0
13415,KQK7905,25,-23.000667,-43.36632,2023-07-26 05:17:14,0.0,,volta,25 - ALVORADA X MATO ALTO (PARADOR) [VOLTA],45135.0,87.0
901002,,22,-23.000912,-43.364331,2023-07-26 05:17:23,5.5,,ida,22 - ALVORADA X J. OCEÂNICO (PARADOR) [IDA],17407.4,237.0
B13,KYM5979,14,-22.940716,-43.664603,2023-07-26 05:17:05,60.3,,volta,14 - SALVADOR ALLENDE x SANTA EUGÊNIA (EXPRESSO) [VOLTA],1182.6,301.0
B16,LSI3468,14,-22.961243,-43.648396,2023-07-26 05:17:09,0.0,,ida,14 - SANTA EUGÊNIA X SALVADOR ALLENDE (EXPRESSO) [IDA],1124.0,
B17,KWY8231,14,-22.961301,-43.648437,2023-07-26 05:17:20,0.0,,ida,14 - SANTA EUGÊNIA X SALVADOR ALLENDE (EXPRESSO) [IDA],1235.7,
B20,LMH6141,14,-23.012231,-43.457728,2023-07-26 05:17:24,9.8,,ida,14 - SANTA EUGÊNIA X SALVADOR ALLENDE (EXPRESSO) [IDA],1169.1,77.0
B19,KZJ7238,14,-22.916566666666668,-43.631663333333336,2023-07-26 05:17:15,0.0,,ida,14 - SANTA EUGÊNIA X SALVADOR ALLENDE (EXPRESSO) [IDA],104993.2,225.0
B14,KRK9519,14,-22.971343,-43.614802,2023-07-26 05:17:18,60.4,,volta,14 - SALVADOR ALLENDE x SANTA EUGÊNIA (EXPRESSO) [VOLTA],1188.4,315.0
B11,KRK9516,14,-22.924017,-43.649063,2023-07-26 05:17:19,58.0,,ida,14 - SANTA EUGÊNIA X SALVADOR ALLENDE (EXPRESSO) [IDA],1222.0,224.0
B12,LMH5981,14,-22.916677,-43.633123,2023-07-26 05:17:19,0.0,,ida,14 - SANTA EUGÊNIA X SALVADOR ALLENDE (EXPRESSO) [IDA],1150.7,200.0
B24,LSO7028,14,-23.00717,-43.550781,2023-07-26 05:17:19,58.7,,ida,14 - SANTA EUGÊNIA X SALVADOR ALLENDE (EXPRESSO) [IDA],1202.9,105.0
B25,,14,-22.974594,-43.612621,2023-07-26 05:17:13,56.3,,ida,14 - SANTA EUGÊNIA X SALVADOR ALLENDE (EXPRESSO) [IDA],1114.7,160.0
B28,KQP5E29,14,-22.916428,-43.631079,2023-07-26 05:17:17,0.0,,ida,14 - SANTA EUGÊNIA X SALVADOR ALLENDE (EXPRESSO) [IDA],1141.7,258.0
B40,,14,-22.916506,-43.631329,2023-07-26 05:17:21,0.0,,ida,14 - SANTA EUGÊNIA X SALVADOR ALLENDE (EXPRESSO) [IDA],749.6,253.0
B41,,14,-22.916618,-43.631905,2023-07-26 05:17:16,0.0,,ida,14 - SANTA EUGÊNIA X SALVADOR ALLENDE (EXPRESSO) [IDA],1178.2,77.0
B47,,14,-22.940873,-43.664337,2023-07-26 05:17:26,41.2,,ida,14 - SANTA EUGÊNIA X SALVADOR ALLENDE (EXPRESSO) [IDA],1183.3,108.0
B048,,14,-22.916521,-43.631479,2023-07-26 05:17:09,0.0,,ida,14 - SANTA EUGÊNIA X SALVADOR ALLENDE (EXPRESSO) [IDA],1167.9,258.0
B49,,14,-22.968726,-43.622009,2023-07-26 05:17:13,30.0,,ida,14 - SANTA EUGÊNIA X SALVADOR ALLENDE (EXPRESSO) [IDA],1145.7,79.0
B55,,14,-23.009556,-43.448407,2023-07-26 05:17:18,58.4,,volta,14 - SALVADOR ALLENDE x SANTA EUGÊNIA (EXPRESSO) [VOLTA],1157.1,254.0
B53,,14,-22.931829,-43.657309,2023-07-26 05:17:28,2.3,,ida,14 - SANTA EUGÊNIA X SALVADOR ALLENDE (EXPRESSO) [IDA],1199.0,208.0
B51,,14,-23.016493,-43.514573,2023-07-26 05:17:20,58.7,,volta,14 - SALVADOR ALLENDE x SANTA EUGÊNIA (EXPRESSO) [VOLTA],1236.9,288.0
901077,,52,-22.871022,-43.409893,2023-07-26 05:17:16,44.2,,ida,52 - SENTIDO ALVORADA (PARADOR) [IDA],26520.5,317.0
902119,,35,-22.915809,-43.361481,2023-07-26 05:17:21,13.9,,volta,35 - ALVORADA  X  MADUREIRA (PARADOR) [VOLTA],7692.4,25.0
901058,,51,-22.911429,-43.400882,2023-07-26 05:16:24,55.1,,volta,51 - SENTIDO V. MILITAR (PARADOR) [VOLTA],44199.3,8.0
903027,,50,-22.970427,-43.400444,2023-07-26 05:16:59,14.6,,ida,50 - SENTIDO JD. OCEANICO (PARADOR) [IDA],49613.8,215.0
901066,,52,-22.958065,-43.393197,2023-07-26 05:17:21,57.9,,volta,52 - SENTIDO V. MILITAR (PARADOR) [VOLTA],50013.3,335.0
903026,,50,-23.006503,-43.315026,2023-07-26 05:17:23,50.6,,ida,50 - SENTIDO JD. OCEANICO (PARADOR) [IDA],48961.1,92.0
903029,,50,-22.972473,-43.401081,2023-07-26 05:17:22,0.0,,ida,50 - SENTIDO JD. OCEANICO (PARADOR) [IDA],33512.4,179.0
902116,,35,-23.000878,-43.366681,2023-07-26 05:17:26,18.0,,volta,35 - ALVORADA  X  MADUREIRA (PARADOR) [VOLTA],11178.6,42.0
902115,,35,-22.973188,-43.3836,2023-07-26 05:17:14,18.6,,volta,35 - ALVORADA  X  MADUREIRA (PARADOR) [VOLTA],14867.4,272.0
901061,,51,-22.86236,-43.400889,2023-07-26 05:17:17,33.9,,ida,51 - SENTIDO RECREIO (PARADOR) [IDA],43312.3,59.0
903030,,50,-22.972149,-43.40115,2023-07-26 05:17:07,4.5,,ida,50 - SENTIDO JD. OCEANICO (PARADOR) [IDA],40967.7,179.0
901048,,51,-22.989693,-43.41791,2023-07-26 05:17:13,0.5,,ida,51 - SENTIDO RECREIO (PARADOR) [IDA],26346.8,228.0
901065,,52,-22.8622,-43.400616,2023-07-26 05:17:08,0.0,,ida,52 - SENTIDO ALVORADA (PARADOR) [IDA],35398.2,233.0
903031,,38,-22.87894,-43.337052,2023-07-26 05:17:21,23.5,,ida,38 - FUNDÃO X ALVORADA (PARADOR) [IDA],40604.5,243.0
903032,,42,-22.837813,-43.288727,2023-07-26 05:17:10,14.0,,volta,42 - MADUREIRA MANANCEIA X GALEAO (PARADOR) [VOLTA],42713.8,98.0
901075,,0,-22.86221,-43.400977,2023-07-26 05:17:17,0.0,,,,49006.0,230.0
903055,,17,-22.917958,-43.683166,2023-07-26 05:17:21,0.0,,ida,17 - SANTA CRUZ X CAMPO GRANDE (PARADOR) [IDA],18909.5,340.0
903037,,17,-22.9195,-43.641484,2023-07-26 05:17:27,45.7,,ida,17 - SANTA CRUZ X CAMPO GRANDE (PARADOR) [IDA],20709.3,64.0
903002,,42,-22.877364,-43.33611,2023-07-26 05:17:15,0.0,,volta,42 - MADUREIRA MANANCEIA X GALEAO (PARADOR) [VOLTA],6973.5,26.0
901080,,53,-22.962857,-43.393519,2023-07-26 05:17:13,63.7,,ida,53 - SENTIDO ALVORADA (EXPRESSO) [IDA],31284.1,221.0
902110,,35,-22.95751,-43.380325,2023-07-26 05:17:11,48.4,,volta,35 - ALVORADA  X  MADUREIRA (PARADOR) [VOLTA],8837.9,52.0
902114,,35,-22.878716,-43.336278,2023-07-26 05:17:24,0.0,,ida,35 - MADUREIRA X ALVORADA (PARADOR) [IDA],8978.3,
902078,,31,-22.876851,-43.329807,2023-07-26 05:02:52,0.0,,ida,31 - VICENTE DE CARVALHO X ALVORADA (SEMIDIRETO) [IDA],10282.0,
903054,,17,-22.932534,-43.671213,2023-07-26 05:17:20,39.7,,volta,17 - CAMPO GRANDE  X SANTA CRUZ (PARADOR) [VOLTA],17676.1,308.0
903021,,42,-22.846029,-43.302681,2023-07-26 05:17:07,47.4,,ida,42 - GALEÃO X MADUREIRA MANANCEIA (PARADOR) [IDA],34630.1,241.0
903056,,17,-22.91781,-43.683218,2023-07-26 05:17:19,0.0,,ida,17 - SANTA CRUZ X CAMPO GRANDE (PARADOR) [IDA],14656.1,164.0
903000,,50,-23.001418,-43.366847,2023-07-26 05:17:22,0.0,,volta,50 - SENTIDO T. OLIMPICO (PARADOR) [VOLTA],31890.8,88.0
903058,,17,-22.918284,-43.683014,2023-07-26 05:17:14,22.0,,volta,17 - CAMPO GRANDE  X SANTA CRUZ (PARADOR) [VOLTA],9173.4,325.0
901072,,52,-22.97248,-43.400478,2023-07-26 05:17:18,24.4,,ida,52 - SENTIDO ALVORADA (PARADOR) [IDA],38631.6,353.0
902045,,31,-22.85318,-43.313736,2023-07-26 05:17:19,7.0,,ida,31 - VICENTE DE CARVALHO X ALVORADA (SEMIDIRETO) [IDA],6827.9,254.0
903007,,50,-22.973346,-43.372589,2023-07-26 05:17:10,53.9,,volta,50 - SENTIDO T. OLIMPICO (PARADOR) [VOLTA],41365.5,271.0
903004,,42,-22.852498,-43.312588,2023-07-26 05:17:11,0.0,,ida,42 - GALEÃO X MADUREIRA MANANCEIA (PARADOR) [IDA],39205.0,223.0
903006,,50,-22.845654,-43.267762,2023-07-26 05:17:19,50.1,,ida,50 - SENTIDO JD. OCEANICO (PARADOR) [IDA],46391.7,139.0
903005,,42,-22.847055,-43.243901,2023-07-26 05:17:21,0.0,,ida,42 - GALEÃO X MADUREIRA MANANCEIA (PARADOR) [IDA],38824.0,243.0
903022,,50,-22.971837,-43.401174,2023-07-26 05:17:23,0.0,,ida,50 - SENTIDO JD. OCEANICO (PARADOR) [IDA],37742.3,193.0
903035,,17,-22.922152,-43.679729,2023-07-26 05:17:22,7.0,,ida,17 - SANTA CRUZ X CAMPO GRANDE (PARADOR) [IDA],19572.1,149.0
901059,,51,-22.947347,-43.392586,2023-07-26 05:17:15,35.5,,volta,51 - SENTIDO V. MILITAR (PARADOR) [VOLTA],48363.0,303.0
903003,,42,-22.852335,-43.312266,2023-07-26 05:17:26,0.0,,volta,42 - MADUREIRA MANANCEIA X GALEAO (PARADOR) [VOLTA],41712.4,54.0
901020,,22,-23.000716,-43.36524,2023-07-26 05:17:17,0.0,,ida,22 - ALVORADA X J. OCEÂNICO (PARADOR) [IDA],25521.6,
901022,,22,-23.000728,-43.366063,2023-07-26 05:16:58,0.0,,ida,22 - ALVORADA X J. OCEÂNICO (PARADOR) [IDA],18621.5,
901025,,51,-22.895791,-43.399345,2023-07-26 05:17:16,28.8,,ida,51 - SENTIDO RECREIO (PARADOR) [IDA],40720.6,155.0
901027,,41,-22.861941,-43.400228,2023-07-26 05:17:12,0.0,,volta,41 - TERMINAL RECREIO X PAULO DA PORTELA (EXPRESSO) [VOLTA],25990.3,230.0
901028,,40,-22.948386,-43.372556,2023-07-26 05:17:11,51.0,,ida,40 - PAULO DA PORTELA X ALVORADA (EXPRESSO) [IDA],23783.7,198.0
901030,,40,-22.877802,-43.336341,2023-07-26 05:17:21,0.4,,ida,40 - PAULO DA PORTELA X ALVORADA (EXPRESSO) [IDA],21836.4,50.0
901032,,40,-22.877757,-43.336567,2023-07-26 05:17:18,2.6,,ida,40 - PAULO DA PORTELA X ALVORADA (EXPRESSO) [IDA],25296.2,129.0
901034,,0,-22.912523,-43.360383,2023-07-26 05:17:04,44.8,,,,27521.4,5.0
901036,,52,-22.936386,-43.371636,2023-07-26 05:17:13,0.1,,ida,52 - SENTIDO ALVORADA (PARADOR) [IDA],22810.5,19.0
901041,,22,-22.96571,-43.391307,2023-07-26 05:17:26,0.0,,ida,22 - ALVORADA X J. OCEÂNICO (PARADOR) [IDA],26160.4,
903009,,42,-22.841311,-43.27659,2023-07-26 05:17:27,22.8,,ida,42 - GALEÃO X MADUREIRA MANANCEIA (PARADOR) [IDA],47195.3,241.0
903010,,42,-22.83954,-43.239751,2023-07-26 05:17:23,0.0,,ida,42 - GALEÃO X MADUREIRA MANANCEIA (PARADOR) [IDA],43702.3,
903011,,42,-22.855836,-43.255763,2023-07-26 05:17:20,22.6,,volta,42 - MADUREIRA MANANCEIA X GALEAO (PARADOR) [VOLTA],45342.5,40.0
903012,,42,-22.877792,-43.336605,2023-07-26 05:17:13,0.0,,volta,42 - MADUREIRA MANANCEIA X GALEAO (PARADOR) [VOLTA],47959.5,215.0
903015,,42,-22.839834,-43.239555,2023-07-26 05:17:16,0.0,,ida,42 - GALEÃO X MADUREIRA MANANCEIA (PARADOR) [IDA],47876.8,323.0
903016,,42,-22.840304,-43.240223,2023-07-26 05:17:25,30.0,,ida,42 - GALEÃO X MADUREIRA MANANCEIA (PARADOR) [IDA],42537.6,318.0
903017,,50,-23.000039,-43.356901,2023-07-26 05:17:27,42.0,,ida,50 - SENTIDO JD. OCEANICO (PARADOR) [IDA],44912.2,91.0
903020,,50,-22.973854,-43.36368,2023-07-26 05:17:14,46.9,,ida,50 - SENTIDO JD. OCEANICO (PARADOR) [IDA],43846.0,169.0
903024,,38,-22.876829,-43.329887,2023-07-26 05:17:23,0.0,,ida,38 - FUNDÃO X ALVORADA (PARADOR) [IDA],38022.8,
903025,,50,-23.003253,-43.324147,2023-07-26 05:17:22,0.0,,volta,50 - SENTIDO T. OLIMPICO (PARADOR) [VOLTA],39461.5,299.0
903014,,38,-22.924175,-43.373954,2023-07-26 05:17:10,49.1,,ida,38 - FUNDÃO X ALVORADA (PARADOR) [IDA],51731.5,174.0
901060,,51,-23.008505,-43.439917,2023-07-26 05:17:15,0.0,,volta,51 - SENTIDO V. MILITAR (PARADOR) [VOLTA],24784.0,75.0
903063,,17,-22.92023,-43.608146,2023-07-26 05:17:27,0.0,,ida,17 - SANTA CRUZ X CAMPO GRANDE (PARADOR) [IDA],21497.7,135.0
902113,,31,-22.852463,-43.312608,2023-07-26 05:17:27,0.0,,ida,31 - VICENTE DE CARVALHO X ALVORADA (SEMIDIRETO) [IDA],8853.8,
902118,,31,-22.870426,-43.335561,2023-07-26 05:17:17,19.9,,ida,31 - VICENTE DE CARVALHO X ALVORADA (SEMIDIRETO) [IDA],7642.3,20.0
902117,,31,-22.888635,-43.34616,2023-07-26 05:17:17,42.7,,ida,31 - VICENTE DE CARVALHO X ALVORADA (SEMIDIRETO) [IDA],10247.1,210.0
901044,,40,-22.921027,-43.369883,2023-07-26 05:17:19,48.9,,ida,40 - PAULO DA PORTELA X ALVORADA (EXPRESSO) [IDA],29601.2,239.0
903033,,42,-22.841229,-43.276147,2023-07-26 05:17:26,37.2,,ida,42 - GALEÃO X MADUREIRA MANANCEIA (PARADOR) [IDA],36573.1,288.0
902022,,46,-22.845585,-43.302026,2023-07-26 05:17:16,45.6,,ida,46 - PENHA X ALVORADA (EXPRESSO) [IDA],30785.6,225.0
901093,,22,-22.861546,-43.399406,2023-07-26 05:17:23,0.0,,ida,,27803.1,242.0
902059,,43,-22.936469,-43.37166,2023-07-26 05:17:09,0.0,,volta,43 - SANTA EFIGENIA X FUNDÃO (EXPRESSO) [VOLTA],35713.5,
902056,,46,-22.841438,-43.276981,2023-07-26 05:17:24,0.0,,ida,46 - PENHA X ALVORADA (EXPRESSO) [IDA],34645.4,
901091,,51,-22.937464,-43.39522,2023-07-26 05:17:21,52.7,,ida,51 - SENTIDO RECREIO (PARADOR) [IDA],31130.1,169.0
901096,,51,-22.964859,-43.391655,2023-07-26 05:17:25,0.0,,volta,51 - SENTIDO V. MILITAR (PARADOR) [VOLTA],34298.1,
901086,,53,-22.965332,-43.391601,2023-07-26 05:16:08,0.0,,ida,53 - SENTIDO ALVORADA (EXPRESSO) [IDA],48370.4,155.0
902032,,46,-23.000649,-43.365992,2023-07-26 05:17:24,28.4,,volta,46 - ALVORADA X PENHA (EXPRESSO) [VOLTA],36295.8,90.0
901094,,0,-22.955099,-43.392201,2023-07-26 05:17:15,58.6,,,,32750.0,43.0
902027,,43,-22.935323,-43.371889,2023-07-26 05:17:10,2.4,,ida,43 - FUNDÃO X SANTA EFIGENIA (EXPRESSO) [IDA],32880.1,158.0
902028,,46,-22.863553,-43.332624,2023-07-26 05:17:13,62.6,,volta,46 - ALVORADA X PENHA (EXPRESSO) [VOLTA],37597.1,53.0
902029,,46,-22.854282,-43.251883,2023-07-26 05:17:22,0.0,,ida,46 - PENHA X ALVORADA (EXPRESSO) [IDA],35412.3,
902018,,40,-22.896329,-43.351119,2023-07-26 05:17:20,47.0,,ida,40 - PAULO DA PORTELA X ALVORADA (EXPRESSO) [IDA],23642.0,221.0
902046,,46,-22.87901,-43.337561,2023-07-26 05:17:19,47.0,,ida,46 - PENHA X ALVORADA (EXPRESSO) [IDA],33376.3,262.0
12715,,10,-22.918243,-43.683049,2023-07-26 05:17:24,12.8,,volta,10 - ALVORADA X SANTA CRUZ (EXPRESSO) [VOLTA],42387.9,328.0
902010,,40,-22.965282,-43.391528,2023-07-26 05:17:20,5.2,,ida,40 - PAULO DA PORTELA X ALVORADA (EXPRESSO) [IDA],10957.7,157.0
901089,,0,-22.965147,-43.391747,2023-07-26 05:17:24,7.7,,,,45838.9,153.0
901062,,51,-23.008553,-43.440226,2023-07-26 05:17:23,0.0,,volta,51 - SENTIDO V. MILITAR (PARADOR) [VOLTA],46937.0,54.0
902033,,43,-22.854346,-43.251284,2023-07-26 05:17:08,0.0,,volta,43 - SANTA EFIGENIA X FUNDÃO (EXPRESSO) [VOLTA],33362.1,
902053,,46,-22.854241,-43.251351,2023-07-26 05:17:18,0.0,,ida,46 - PENHA X ALVORADA (EXPRESSO) [IDA],33488.9,
E902000,,41,-22.856725,-43.256571,2023-07-26 05:17:25,46.4,,volta,41 - TERMINAL RECREIO X PAULO DA PORTELA (EXPRESSO) [VOLTA],10384.6,221.0
901067,,52,-22.977915,-43.36533,2023-07-26 05:17:08,57.5,,volta,52 - SENTIDO V. MILITAR (PARADOR) [VOLTA],41771.6,22.0
E902004,,41,-22.854505,-43.251594,2023-07-26 05:17:20,0.0,,volta,41 - TERMINAL RECREIO X PAULO DA PORTELA (EXPRESSO) [VOLTA],13269.1,
12713,,18,-23.000059,-43.406571,2023-07-26 05:17:10,59.5,,ida,18 - RECREIO SHOPPING X JARDIM OCEÂNICO (EXPRESSO) [IDA],35258.8,91.0
902062,,46,-22.839867,-43.282213,2023-07-26 05:17:23,42.4,,volta,46 - ALVORADA X PENHA (EXPRESSO) [VOLTA],33295.8,123.0
902048,,46,-22.947107,-43.371988,2023-07-26 05:17:22,57.4,,volta,46 - ALVORADA X PENHA (EXPRESSO) [VOLTA],23969.4,18.0
902058,,46,-22.854174,-43.251917,2023-07-26 05:17:14,0.0,,ida,46 - PENHA X ALVORADA (EXPRESSO) [IDA],34575.2,
901068,,51,-22.979898,-43.408649,2023-07-26 05:17:10,57.4,,volta,51 - SENTIDO V. MILITAR (PARADOR) [VOLTA],50825.8,36.0
902003,,41,-22.844661,-43.238446,2023-07-26 05:17:18,0.0,,volta,41 - TERMINAL RECREIO X PAULO DA PORTELA (EXPRESSO) [VOLTA],17397.6,189.0
902102,,35,-22.876936,-43.337477,2023-07-26 05:17:21,31.1,,ida,35 - MADUREIRA X ALVORADA (PARADOR) [IDA],12380.8,303.0
901082,,53,-22.884501,-43.399492,2023-07-26 05:17:22,0.0,,ida,53 - SENTIDO ALVORADA (EXPRESSO) [IDA],47074.3,
902066,,46,-22.854409,-43.251676,2023-07-26 05:17:11,0.0,,ida,46 - PENHA X ALVORADA (EXPRESSO) [IDA],31314.1,
902052,,46,-22.97413,-43.363679,2023-07-26 05:17:22,23.3,,volta,46 - ALVORADA X PENHA (EXPRESSO) [VOLTA],35620.7,20.0
902050,,43,-22.872825,-43.336357,2023-07-26 05:17:16,0.9,,volta,43 - SANTA EFIGENIA X FUNDÃO (EXPRESSO) [VOLTA],31271.7,342.0
12716,,20,-22.922459,-43.679647,2023-07-26 05:17:23,10.3,,ida,20 - SANTA CRUZ X SALVADOR ALLENDE (EXPRESSO) [IDA],45563.6,163.0
902017,,31,-22.965739,-43.390457,2023-07-26 05:17:23,16.4,,ida,31 - VICENTE DE CARVALHO X ALVORADA (SEMIDIRETO) [IDA],23870.8,181.0
902008,,46,-22.91465,-43.360777,2023-07-26 05:17:23,44.3,,ida,46 - PENHA X ALVORADA (EXPRESSO) [IDA],10532.8,23.0
902047,,46,-22.841573,-43.277131,2023-07-26 05:17:15,0.0,,ida,46 - PENHA X ALVORADA (EXPRESSO) [IDA],23965.9,238.0
902051,,46,-22.91334,-43.360542,2023-07-26 05:17:19,56.8,,ida,46 - PENHA X ALVORADA (EXPRESSO) [IDA],33000.5,189.0
902067,,46,-22.973251,-43.382133,2023-07-26 05:17:19,0.0,,ida,46 - PENHA X ALVORADA (EXPRESSO) [IDA],34099.6,89.0
901088,,31,-22.965388,-43.3916,2023-07-26 05:17:15,0.0,,ida,31 - VICENTE DE CARVALHO X ALVORADA (SEMIDIRETO) [IDA],41618.2,153.0
901098,,51,-22.862043,-43.400434,2023-07-26 05:17:21,0.0,,ida,51 - SENTIDO RECREIO (PARADOR) [IDA],27295.2,
901055,,51,-22.870825,-43.410123,2023-07-26 05:17:11,59.7,,ida,51 - SENTIDO RECREIO (PARADOR) [IDA],46660.4,137.0
901076,,52,-22.86153,-43.399501,2023-07-26 05:17:28,0.0,,ida,52 - SENTIDO ALVORADA (PARADOR) [IDA],31275.1,
902054,,46,-22.849194,-43.264875,2023-07-26 05:17:18,52.8,,ida,46 - PENHA X ALVORADA (EXPRESSO) [IDA],35706.9,324.0
901079,,53,-22.97329,-43.380093,2023-07-26 05:17:22,0.0,,ida,53 - SENTIDO ALVORADA (EXPRESSO) [IDA],44063.2,89.0
901070,,52,-22.973389,-43.371638,2023-07-26 05:17:17,0.0,,ida,52 - SENTIDO ALVORADA (PARADOR) [IDA],40495.0,89.0
902080,,46,-22.935933,-43.371628,2023-07-26 05:17:26,26.4,,ida,46 - PENHA X ALVORADA (EXPRESSO) [IDA],34358.2,170.0
902065,,43,-22.837747,-43.290614,2023-07-26 05:17:22,0.0,,ida,43 - FUNDÃO X SANTA EFIGENIA (EXPRESSO) [IDA],35366.3,250.0
901069,,52,-23.00102,-43.367669,2023-07-26 05:17:23,0.0,,volta,52 - SENTIDO V. MILITAR (PARADOR) [VOLTA],37743.8,270.0
901074,,52,-22.876145,-43.405219,2023-07-26 05:17:19,18.4,,ida,52 - SENTIDO ALVORADA (PARADOR) [IDA],39516.7,141.0
902030,,31,-22.922264,-43.371986,2023-07-26 05:17:18,52.7,,ida,31 - VICENTE DE CARVALHO X ALVORADA (SEMIDIRETO) [IDA],11304.6,239.0
902071,,46,-23.001369,-43.367056,2023-07-26 05:17:21,0.0,,volta,46 - ALVORADA X PENHA (EXPRESSO) [VOLTA],35938.9,82.0
902072,,43,-22.850176,-43.247566,2023-07-26 05:17:24,42.4,,volta,43 - SANTA EFIGENIA X FUNDÃO (EXPRESSO) [VOLTA],32688.6,51.0
902101,,31,-22.876389,-43.33011,2023-07-26 05:17:10,0.0,,ida,31 - VICENTE DE CARVALHO X ALVORADA (SEMIDIRETO) [IDA],10054.6,
902064,,43,-22.879136,-43.337113,2023-07-26 05:17:24,0.0,,ida,43 - FUNDÃO X SANTA EFIGENIA (EXPRESSO) [IDA],0.0,101.0
902070,,46,-23.000951,-43.364338,2023-07-26 05:17:19,16.6,,volta,46 - ALVORADA X PENHA (EXPRESSO) [VOLTA],36299.0,299.0
901087,,53,-22.973084,-43.388322,2023-07-26 05:17:19,31.6,,ida,53 - SENTIDO ALVORADA (EXPRESSO) [IDA],47526.7,269.0
902085,,46,-22.855474,-43.255459,2023-07-26 05:17:19,44.7,,ida,46 - PENHA X ALVORADA (EXPRESSO) [IDA],34051.6,218.0
E902001,,41,-22.839234,-43.295838,2023-07-26 05:17:26,0.0,,volta,41 - TERMINAL RECREIO X PAULO DA PORTELA (EXPRESSO) [VOLTA],20875.6,234.0
E902006,,40,-22.877577,-43.33665,2023-07-26 05:17:15,0.0,,ida,40 - PAULO DA PORTELA X ALVORADA (EXPRESSO) [IDA],19305.4,
E902011,,40,-22.878575,-43.336287,2023-07-26 05:17:16,0.0,,ida,40 - PAULO DA PORTELA X ALVORADA (EXPRESSO) [IDA],8602.8,
902002,,41,-22.879154,-43.338469,2023-07-26 05:17:09,21.8,,volta,41 - TERMINAL RECREIO X PAULO DA PORTELA (EXPRESSO) [VOLTA],19836.2,88.0
901095,,51,-22.973095,-43.387044,2023-07-26 05:17:26,43.3,,volta,51 - SENTIDO V. MILITAR (PARADOR) [VOLTA],35037.1,270.0
902069,,41,-22.948837,-43.37269,2023-07-26 05:17:25,56.0,,ida,41 - PAULO DA PORTELA X TERMINAL RECREIO (EXPRESSO) [IDA],32589.2,194.0
902094,,35,-22.879071,-43.340943,2023-07-26 05:17:26,35.4,,volta,35 - ALVORADA  X  MADUREIRA (PARADOR) [VOLTA],9093.6,74.0
902081,,31,-22.876343,-43.329952,2023-07-26 05:17:10,0.0,,ida,31 - VICENTE DE CARVALHO X ALVORADA (SEMIDIRETO) [IDA],11487.0,
902075,,31,-22.857448,-43.329204,2023-07-26 05:17:20,20.6,,ida,31 - VICENTE DE CARVALHO X ALVORADA (SEMIDIRETO) [IDA],14098.8,4.0
902082,,35,-22.969988,-43.389945,2023-07-26 05:17:20,49.0,,ida,35 - MADUREIRA X ALVORADA (PARADOR) [IDA],10874.3,128.0
903062,,17,-22.914242,-43.601023,2023-07-26 05:17:18,15.2,,ida,17 - SANTA CRUZ X CAMPO GRANDE (PARADOR) [IDA],20192.9,88.0
902089,,35,-23.000913,-43.367243,2023-07-26 05:17:16,0.0,,volta,35 - ALVORADA  X  MADUREIRA (PARADOR) [VOLTA],9774.7,
903041,,50,-22.877052,-43.334172,2023-07-26 05:17:11,38.4,,ida,50 - SENTIDO JD. OCEANICO (PARADOR) [IDA],27434.5,311.0
903051,,50,-22.972316,-43.401108,2023-07-26 05:17:20,0.0,,ida,50 - SENTIDO JD. OCEANICO (PARADOR) [IDA],31059.3,162.0
902055,,46,-22.856847,-43.329216,2023-07-26 05:17:24,21.6,,ida,46 - PENHA X ALVORADA (EXPRESSO) [IDA],21.2,213.0
903044,,42,-22.839963,-43.239384,2023-07-26 05:17:14,0.0,,ida,42 - GALEÃO X MADUREIRA MANANCEIA (PARADOR) [IDA],29209.2,143.0
903036,,17,-22.910858,-43.587825,2023-07-26 05:17:17,37.3,,ida,17 - SANTA CRUZ X CAMPO GRANDE (PARADOR) [IDA],156822.6,84.0
902043,,46,-22.877482,-43.336963,2023-07-26 05:17:14,0.0,,ida,46 - PENHA X ALVORADA (EXPRESSO) [IDA],29100.7,
902036,,41,-22.915798,-43.361602,2023-07-26 05:17:14,31.2,,ida,41 - PAULO DA PORTELA X TERMINAL RECREIO (EXPRESSO) [IDA],32323.6,213.0
903039,,17,-22.910879,-43.587502,2023-07-26 05:17:26,19.5,,ida,17 - SANTA CRUZ X CAMPO GRANDE (PARADOR) [IDA],18372.6,89.0
903047,,42,-22.852537,-43.317376,2023-07-26 05:17:25,55.1,,ida,42 - GALEÃO X MADUREIRA MANANCEIA (PARADOR) [IDA],23087.0,86.0
902074,,31,-22.852506,-43.312633,2023-07-26 05:17:19,0.0,,ida,31 - VICENTE DE CARVALHO X ALVORADA (SEMIDIRETO) [IDA],9772.0,
903040,,17,-22.911357,-43.589824,2023-07-26 05:17:24,20.0,,volta,17 - CAMPO GRANDE  X SANTA CRUZ (PARADOR) [VOLTA],18467.5,239.0
902044,,43,-22.861676,-43.330693,2023-07-26 05:17:09,49.8,,ida,43 - FUNDÃO X SANTA EFIGENIA (EXPRESSO) [IDA],31234.2,215.0
902038,,46,-22.854496,-43.251396,2023-07-26 05:17:16,0.0,,ida,46 - PENHA X ALVORADA (EXPRESSO) [IDA],7575.2,
903064,,50,-22.97096,-43.400437,2023-07-26 05:17:10,28.1,,ida,50 - SENTIDO JD. OCEANICO (PARADOR) [IDA],22137.0,357.0
903069,,17,-22.918097,-43.68312,2023-07-26 05:17:17,0.0,,ida,17 - SANTA CRUZ X CAMPO GRANDE (PARADOR) [IDA],22413.1,47.0
902042,,46,-22.918825,-43.36583,2023-07-26 05:17:25,43.7,,volta,46 - ALVORADA X PENHA (EXPRESSO) [VOLTA],31927.3,59.0
902040,,46,-22.876719,-43.335697,2023-07-26 05:17:11,0.3,,volta,46 - ALVORADA X PENHA (EXPRESSO) [VOLTA],34117.2,26.0
903038,,17,-22.918535,-43.63949,2023-07-26 05:17:17,27.5,,volta,17 - CAMPO GRANDE  X SANTA CRUZ (PARADOR) [VOLTA],26545.8,230.0
903067,,17,-22.919792,-43.607068,2023-07-26 05:17:21,9.7,,ida,17 - SANTA CRUZ X CAMPO GRANDE (PARADOR) [IDA],23576.7,187.0
902076,,46,-22.85482,-43.252054,2023-07-26 05:17:13,0.0,,ida,46 - PENHA X ALVORADA (EXPRESSO) [IDA],27510.5,
902083,,31,-22.876358,-43.330275,2023-07-26 05:17:24,0.0,,ida,31 - VICENTE DE CARVALHO X ALVORADA (SEMIDIRETO) [IDA],5228.3,
902096,,35,-23.000639,-43.368625,2023-07-26 05:17:28,22.8,,volta,35 - ALVORADA  X  MADUREIRA (PARADOR) [VOLTA],14222.4,304.0
902100,,35,-22.878522,-43.336347,2023-07-26 05:17:09,0.0,,ida,35 - MADUREIRA X ALVORADA (PARADOR) [IDA],13435.3,
903059,,17,-22.918643,-43.682678,2023-07-26 05:17:24,0.0,,ida,17 - SANTA CRUZ X CAMPO GRANDE (PARADOR) [IDA],18750.4,326.0
902079,,46,-22.841415,-43.275745,2023-07-26 05:17:20,0.0,,ida,46 - PENHA X ALVORADA (EXPRESSO) [IDA],30822.0,
903066,,17,-22.931014,-43.673259,2023-07-26 05:17:03,18.2,,ida,17 - SANTA CRUZ X CAMPO GRANDE (PARADOR) [IDA],24877.6,131.0
902099,,35,-22.906244,-43.357683,2023-07-26 05:17:21,44.2,,ida,35 - MADUREIRA X ALVORADA (PARADOR) [IDA],11545.4,197.0
902091,,35,-22.977372,-43.365168,2023-07-26 05:17:22,59.8,,ida,35 - MADUREIRA X ALVORADA (PARADOR) [IDA],14055.1,201.0
901099,,51,-22.966959,-43.397279,2023-07-26 05:17:24,0.1,,ida,51 - SENTIDO RECREIO (PARADOR) [IDA],29491.6,203.0
903046,,42,-22.870071,-43.335438,2023-07-26 05:17:11,4.3,,volta,42 - MADUREIRA MANANCEIA X GALEAO (PARADOR) [VOLTA],29787.1,39.0
903070,,17,-22.912845,-43.594641,2023-07-26 05:17:20,52.8,,ida,17 - SANTA CRUZ X CAMPO GRANDE (PARADOR) [IDA],9258.0,65.0
44706,LRG8855,20,-22.91691,-43.683533,2023-07-26 05:17:16,0.0,,ida,20 - SANTA CRUZ X SALVADOR ALLENDE (EXPRESSO) [IDA],21875.4,
903065,,17,-22.91518,-43.605898,2023-07-26 05:17:21,0.4,,volta,17 - CAMPO GRANDE  X SANTA CRUZ (PARADOR) [VOLTA],16966.6,227.0
901008,,22,-23.000344,-43.341006,2023-07-26 05:18:10,31.8,,ida,22 - ALVORADA X J. OCEÂNICO (PARADOR) [IDA],22786.2,91.0
901011,RIV8A74,22,-23.00091,-43.365822,2023-07-26 05:18:08,0.2,,ida,22 - ALVORADA X J. OCEÂNICO (PARADOR) [IDA],23500.1,242.0
901007,,22,-23.00578,-43.318048,2023-07-26 05:18:09,58.9,,ida,22 - ALVORADA X J. OCEÂNICO (PARADOR) [IDA],21823.5,115.0
901009,,22,-23.00005,-43.358885,2023-07-26 05:18:17,35.2,,ida,22 - ALVORADA X J. OCEÂNICO (PARADOR) [IDA],20866.3,96.0
901010,RJM8G30,22,-23.0009,-43.3662,2023-07-26 05:18:26,0.0,,ida,22 - ALVORADA X J. OCEÂNICO (PARADOR) [IDA],22869.6,266.0
901017,,22,-23.000727,-43.366029,2023-07-26 05:18:25,0.0,,ida,22 - ALVORADA X J. OCEÂNICO (PARADOR) [IDA],25122.4,
901006,RJA9F56,22,-23.006464,-43.3129,2023-07-26 05:18:23,0.1,,volta,22 - J. OCEÂNICO X ALVORADA (PARADOR) [VOLTA],19383.9,271.0
901005,RJB8E53,22,-23.006377,-43.316142,2023-07-26 05:18:15,50.3,,volta,22 - J. OCEÂNICO X ALVORADA (PARADOR) [VOLTA],21643.7,283.0
901004,RJQ8J80,22,-23.000154,-43.344796,2023-07-26 05:18:23,53.0,,volta,22 - J. OCEÂNICO X ALVORADA (PARADOR) [VOLTA],21436.0,271.0
30504,,25,-23.012613,-43.460194,2023-07-26 05:18:25,41.1,,volta,25 - ALVORADA X MATO ALTO (PARADOR) [VOLTA],53635.8,254.0
30538,KXE7719,20,-22.949739,-43.651837,2023-07-26 05:18:10,52.2,,volta,20 - SALVADOR ALLENDE X SANTA CRUZ (EXPRESSO) [VOLTA],55901.4,318.0
50309,KPN6B05,13,-23.000933,-43.366715,2023-07-26 05:18:18,17.6,,volta,13 - ALVORADA X  MATO ALTO (EXPRESSO) [VOLTA],20092.5,95.0
30532,KYL8599,13,-23.008362,-43.44276,2023-07-26 05:18:15,0.0,,ida,13 - MATO ALTO X ALVORADA (EXPRESSO) [IDA],41769.3,72.0
13423,LSI5976,25,-23.000709,-43.5773,2023-07-26 05:18:10,59.8,,volta,25 - ALVORADA X MATO ALTO (PARADOR) [VOLTA],41123.9,284.0
47030,LSQ5263,20,-23.019524,-43.486375,2023-07-26 05:18:09,40.2,,ida,20 - SANTA CRUZ X SALVADOR ALLENDE (EXPRESSO) [IDA],53789.7,75.0
30519,LRE9804,11,-22.920074,-43.608092,2023-07-26 05:18:20,0.0,,ida,11 - SANTA CRUZ X ALVORADA (PARADOR) [IDA],51494.8,
90005,KWK6A89,20,-22.918278,-43.682982,2023-07-26 05:18:14,0.0,,ida,20 - SANTA CRUZ X SALVADOR ALLENDE (EXPRESSO) [IDA],49835.6,327.0
86875,KQB4103,12,-22.9259,-43.650237,2023-07-26 05:18:08,27.8,,ida,12 - PINGO D'AGUA X ALVORADA (EXPRESSO) [IDA],13017.5,205.0
30518,KYL8597,25,-23.000185,-43.374775,2023-07-26 05:18:24,40.2,,volta,25 - ALVORADA X MATO ALTO (PARADOR) [VOLTA],37112.2,269.0
902090,,35,-22.948478,-43.372531,2023-07-26 05:18:09,0.0,,ida,35 - MADUREIRA X ALVORADA (PARADOR) [IDA],15084.5,192.0
47029,LSQ5267,20,-22.916628,-43.683405,2023-07-26 05:18:18,0.0,,ida,20 - SANTA CRUZ X SALVADOR ALLENDE (EXPRESSO) [IDA],56965.1,64.0
86885,LTB5540,14,-22.916536,-43.631326,2023-07-26 05:18:09,22.0,,ida,14 - SANTA EUGÊNIA X SALVADOR ALLENDE (EXPRESSO) [IDA],514717.3,257.0
12738,KRR2404,25,-22.991949,-43.598626,2023-07-26 05:18:23,15.9,,ida,25 - MATO ALTO X ALVORADA (PARADOR) [IDA],37392.4,313.0
86886,LTB5541,14,-22.952135,-43.649784,2023-07-26 05:18:12,37.8,,ida,14 - SANTA EUGÊNIA X SALVADOR ALLENDE (EXPRESSO) [IDA],13093.9,152.0
13428,KXE7712,11,-22.91997,-43.607495,2023-07-26 05:18:24,0.0,,ida,11 - SANTA CRUZ X ALVORADA (PARADOR) [IDA],57799.4,90.0
47006,KWZ8630,18,-23.019106,-43.505103,2023-07-26 05:18:23,0.0,,ida,18 - RECREIO SHOPPING X JARDIM OCEÂNICO (EXPRESSO) [IDA],50888.5,
47007,LSP6018,18,-22.920676,-43.607732,2023-07-26 05:18:21,0.1,,ida,18 - RECREIO SHOPPING X JARDIM OCEÂNICO (EXPRESSO) [IDA],42179.7,158.0
90001,KPZ5E15,19,-22.994063,-43.597124,2023-07-26 05:18:25,20.7,,ida,19 - PINGO D'AGUA X SALVADOR ALLENDE (EXPRESSO) [IDA],44139.1,96.0
901057,,52,-22.898545,-43.397619,2023-07-26 05:18:14,48.0,,volta,52 - SENTIDO V. MILITAR (PARADOR) [VOLTA],51072.4,344.0
901003,RKM8C54,22,-23.001091,-43.366674,2023-07-26 05:18:08,24.3,,ida,22 - ALVORADA X J. OCEÂNICO (PARADOR) [IDA],22832.5,269.0
86874,KQB4102,20,-22.918856,-43.607523,2023-07-26 05:18:14,0.0,,ida,20 - SANTA CRUZ X SALVADOR ALLENDE (EXPRESSO) [IDA],512858.4,98.0
86879,LTN5696,18,-22.99309,-43.597893,2023-07-26 05:18:08,0.0,,ida,18 - RECREIO SHOPPING X JARDIM OCEÂNICO (EXPRESSO) [IDA],1813.0,
47009,KPZ8430,20,-22.920212,-43.607949,2023-07-26 05:18:24,0.0,,ida,20 - SANTA CRUZ X SALVADOR ALLENDE (EXPRESSO) [IDA],54120.7,115.0
47014,KZI4452,19,-22.91732,-43.607002,2023-07-26 05:18:13,0.0,,ida,19 - PINGO D'AGUA X SALVADOR ALLENDE (EXPRESSO) [IDA],38000.1,
30537,KXE7720,12,-22.935474,-43.666404,2023-07-26 05:18:17,31.3,,ida,12 - PINGO D'AGUA X ALVORADA (EXPRESSO) [IDA],51512.1,247.0
50301,KPP5B70,25,-23.018474,-43.482803,2023-07-26 05:18:25,0.0,,volta,25 - ALVORADA X MATO ALTO (PARADOR) [VOLTA],3954.3,253.0
47018,LRS2843,0,-22.917626,-43.607099,2023-07-26 05:18:07,0.0,,,,32975.1,
44713,KPZ3559,20,-22.920661,-43.607877,2023-07-26 05:18:09,0.0,,ida,20 - SANTA CRUZ X SALVADOR ALLENDE (EXPRESSO) [IDA],29573.1,
13401,KQO7822,19,-23.005357,-43.431849,2023-07-26 05:18:16,0.0,,ida,19 - PINGO D'AGUA X SALVADOR ALLENDE (EXPRESSO) [IDA],53650.2,251.0
13421,KWO8119,10,-22.920238,-43.608202,2023-07-26 05:18:17,0.0,,ida,10 - SANTA CRUZ X ALVORADA (EXPRESSO) [IDA],14957.8,
47026,KYA7928,10,-22.920584,-43.608013,2023-07-26 05:18:10,0.0,,ida,10 - SANTA CRUZ X ALVORADA (EXPRESSO) [IDA],32900.199,
86889,KRQ6878,10,-23.000893,-43.367123,2023-07-26 05:18:18,0.0,,volta,10 - ALVORADA X SANTA CRUZ (EXPRESSO) [VOLTA],514962.4,
12724,LMJ1118,18,-23.014183,-43.465432,2023-07-26 05:18:17,59.2,,ida,18 - RECREIO SHOPPING X JARDIM OCEÂNICO (EXPRESSO) [IDA],9647.2,75.0
30511,KPV2250,13,-23.019119,-43.485652,2023-07-26 05:18:12,58.7,,volta,13 - ALVORADA X  MATO ALTO (EXPRESSO) [VOLTA],49448.9,254.0
13427,KXE7711,0,-22.920658,-43.608261,2023-07-26 05:18:09,0.0,,,,51855.6,
12725,LMJ1327,25,-22.993388,-43.596949,2023-07-26 05:18:08,0.0,,ida,25 - MATO ALTO X ALVORADA (PARADOR) [IDA],39260.9,
13404,KQO7823,20,-23.008173,-43.441969,2023-07-26 05:18:23,0.0,,volta,20 - SALVADOR ALLENDE X SANTA CRUZ (EXPRESSO) [VOLTA],56107.7,74.0
47022,KRM7701,10,-22.996711,-43.593018,2023-07-26 05:18:09,51.8,,volta,10 - ALVORADA X SANTA CRUZ (EXPRESSO) [VOLTA],12957.1,304.0
13422,LSI5978,20,-23.00652,-43.553568,2023-07-26 05:18:11,59.6,,ida,20 - SANTA CRUZ X SALVADOR ALLENDE (EXPRESSO) [IDA],40391.1,104.0
12730,LSO8993,19,-23.001333,-43.574614,2023-07-26 05:18:27,60.5,,volta,19 - SALVADOR ALLENDE X PINGO D'AGUA (EXPRESSO) [VOLTA],9263.4,284.0
86872,LSH7386,13,-22.998683,-43.586756,2023-07-26 05:18:09,59.8,,ida,13 - MATO ALTO X ALVORADA (EXPRESSO) [IDA],22417.9,105.0
47017,LRS2841,20,-22.968662,-43.621811,2023-07-26 05:18:23,0.0,,ida,20 - SANTA CRUZ X SALVADOR ALLENDE (EXPRESSO) [IDA],47905.2,75.0
86859,KWJ9250,19,-23.012546,-43.4594,2023-07-26 05:18:11,26.5,,ida,19 - PINGO D'AGUA X SALVADOR ALLENDE (EXPRESSO) [IDA],18702.5,66.0
30509,KYM4574,13,-23.000952,-43.366715,2023-07-26 05:18:14,0.0,,volta,13 - ALVORADA X  MATO ALTO (EXPRESSO) [VOLTA],53044.3,
12710,KRO9724,13,-22.992658,-43.59837,2023-07-26 05:18:17,0.0,,ida,13 - MATO ALTO X ALVORADA (EXPRESSO) [IDA],38381.0,
12720,KXD9430,20,-23.012572,-43.459644,2023-07-26 05:18:18,4.6,,volta,20 - SALVADOR ALLENDE X SANTA CRUZ (EXPRESSO) [VOLTA],21771.3,258.0
12712,LSN8501,19,-22.920758,-43.607935,2023-07-26 05:18:12,0.0,,ida,19 - PINGO D'AGUA X SALVADOR ALLENDE (EXPRESSO) [IDA],31093.7,
13407,KPY9732,18,-23.018964,-43.505978,2023-07-26 05:18:11,0.0,,ida,18 - RECREIO SHOPPING X JARDIM OCEÂNICO (EXPRESSO) [IDA],45435.9,
30514,KYL8595,11,-22.920124,-43.607854,2023-07-26 05:18:27,0.0,,ida,11 - SANTA CRUZ X ALVORADA (PARADOR) [IDA],38408.7,
47010,KPZ8363,25,-22.999999,-43.408277,2023-07-26 05:18:13,29.5,,ida,25 - MATO ALTO X ALVORADA (PARADOR) [IDA],42592.1,91.0
86884,LSP9604,20,-23.001026,-43.368379,2023-07-26 05:18:26,5.4,,ida,20 - SANTA CRUZ X SALVADOR ALLENDE (EXPRESSO) [IDA],15305.2,103.0
90006,LRH6D12,20,-22.918417,-43.682779,2023-07-26 05:18:14,0.0,,ida,20 - SANTA CRUZ X SALVADOR ALLENDE (EXPRESSO) [IDA],29710.8,323.0
30531,LRC6592,19,-22.965822,-43.645933,2023-07-26 05:18:24,0.0,,ida,19 - PINGO D'AGUA X SALVADOR ALLENDE (EXPRESSO) [IDA],40608.2,286.0
30524,LRC6601,25,-23.012796,-43.46002,2023-07-26 05:18:21,58.8,,ida,25 - MATO ALTO X ALVORADA (PARADOR) [IDA],29236.6,75.0
13415,KQK7905,25,-23.000679,-43.366319,2023-07-26 05:18:14,0.0,,volta,25 - ALVORADA X MATO ALTO (PARADOR) [VOLTA],45135.0,87.0
901002,,22,-23.000958,-43.364634,2023-07-26 05:18:18,0.0,,ida,22 - ALVORADA X J. OCEÂNICO (PARADOR) [IDA],17407.4,253.0
B13,KYM5979,14,-22.935931,-43.666719,2023-07-26 05:18:07,31.2,,volta,14 - SALVADOR ALLENDE x SANTA EUGÊNIA (EXPRESSO) [VOLTA],1183.2,58.0
B16,LSI3468,14,-22.961249,-43.648374,2023-07-26 05:18:09,0.0,,ida,14 - SANTA EUGÊNIA X SALVADOR ALLENDE (EXPRESSO) [IDA],1124.0,
B17,KWY8231,14,-22.961309,-43.648441,2023-07-26 05:18:20,0.0,,ida,14 - SANTA EUGÊNIA X SALVADOR ALLENDE (EXPRESSO) [IDA],1235.7,
B20,LMH6141,14,-23.010721,-43.451667,2023-07-26 05:18:24,23.8,,ida,14 - SANTA EUGÊNIA X SALVADOR ALLENDE (EXPRESSO) [IDA],1169.8,75.0
B19,KZJ7238,14,-22.916566666666668,-43.631663333333336,2023-07-26 05:18:15,0.0,,ida,14 - SANTA EUGÊNIA X SALVADOR ALLENDE (EXPRESSO) [IDA],104993.2,225.0
B14,KRK9519,14,-22.968772,-43.623293,2023-07-26 05:18:18,60.2,,volta,14 - SALVADOR ALLENDE x SANTA EUGÊNIA (EXPRESSO) [VOLTA],1189.4,256.0
B11,KRK9516,14,-22.926601,-43.651441,2023-07-26 05:18:19,39.7,,ida,14 - SANTA EUGÊNIA X SALVADOR ALLENDE (EXPRESSO) [IDA],1222.4,251.0
B12,LMH5981,14,-22.916625,-43.633127,2023-07-26 05:18:19,0.0,,ida,14 - SANTA EUGÊNIA X SALVADOR ALLENDE (EXPRESSO) [IDA],1150.7,200.0
B24,LSO7028,14,-23.008495,-43.541714,2023-07-26 05:18:19,50.0,,ida,14 - SANTA EUGÊNIA X SALVADOR ALLENDE (EXPRESSO) [IDA],1203.8,120.0
B25,,14,-22.982781,-43.609534,2023-07-26 05:18:13,58.3,,ida,14 - SANTA EUGÊNIA X SALVADOR ALLENDE (EXPRESSO) [IDA],1115.6,156.0
B28,KQP5E29,14,-22.916493,-43.631084,2023-07-26 05:18:17,0.0,,ida,14 - SANTA EUGÊNIA X SALVADOR ALLENDE (EXPRESSO) [IDA],1141.7,258.0
B40,,14,-22.916536,-43.631331,2023-07-26 05:18:21,0.0,,ida,14 - SANTA EUGÊNIA X SALVADOR ALLENDE (EXPRESSO) [IDA],749.6,253.0
B41,,14,-22.916608,-43.631928,2023-07-26 05:18:15,0.0,,ida,14 - SANTA EUGÊNIA X SALVADOR ALLENDE (EXPRESSO) [IDA],1178.2,77.0
B47,,14,-22.945481,-43.657963,2023-07-26 05:18:26,58.7,,ida,14 - SANTA EUGÊNIA X SALVADOR ALLENDE (EXPRESSO) [IDA],1184.2,105.0
B048,,14,-22.916528,-43.631488,2023-07-26 05:18:09,0.0,,ida,14 - SANTA EUGÊNIA X SALVADOR ALLENDE (EXPRESSO) [IDA],1167.9,258.0
B49,,14,-22.972597,-43.6137,2023-07-26 05:18:24,58.5,,ida,14 - SANTA EUGÊNIA X SALVADOR ALLENDE (EXPRESSO) [IDA],1146.7,139.0
B54,,14,-22.961361,-43.648499,2023-07-26 04:30:23,0.0,,ida,14 - SANTA EUGÊNIA X SALVADOR ALLENDE (EXPRESSO) [IDA],1176.6,
B55,,14,-23.011057,-43.454302,2023-07-26 05:18:18,35.0,,volta,14 - SALVADOR ALLENDE x SANTA EUGÊNIA (EXPRESSO) [VOLTA],1157.8,254.0
B53,,14,-22.933335,-43.661833,2023-07-26 05:18:21,39.0,,ida,14 - SANTA EUGÊNIA X SALVADOR ALLENDE (EXPRESSO) [IDA],1199.5,253.0
901077,,52,-22.868075,-43.412822,2023-07-26 05:18:16,1.1,,ida,52 - SENTIDO ALVORADA (PARADOR) [IDA],26521.1,66.0
902119,,35,-22.914877,-43.360897,2023-07-26 05:18:21,0.0,,volta,35 - ALVORADA  X  MADUREIRA (PARADOR) [VOLTA],7692.5,28.0
901058,,51,-22.895505,-43.399418,2023-07-26 05:18:25,41.3,,volta,51 - SENTIDO V. MILITAR (PARADOR) [VOLTA],44201.2,337.0
903027,,50,-22.972807,-43.402158,2023-07-26 05:18:22,18.8,,ida,50 - SENTIDO JD. OCEANICO (PARADOR) [IDA],49614.2,86.0
901066,,52,-22.952769,-43.390358,2023-07-26 05:18:20,15.5,,volta,52 - SENTIDO V. MILITAR (PARADOR) [VOLTA],50014.0,38.0
903026,,50,-23.006764,-43.312407,2023-07-26 05:18:23,0.0,,volta,50 - SENTIDO T. OLIMPICO (PARADOR) [VOLTA],48961.4,95.0
903029,,50,-22.972466,-43.401059,2023-07-26 05:18:21,0.0,,ida,50 - SENTIDO JD. OCEANICO (PARADOR) [IDA],33512.4,179.0
902116,,35,-23.001049,-43.364662,2023-07-26 05:18:23,18.8,,volta,35 - ALVORADA  X  MADUREIRA (PARADOR) [VOLTA],11178.9,264.0
902115,,35,-22.973185,-43.385345,2023-07-26 05:18:13,0.0,,volta,35 - ALVORADA  X  MADUREIRA (PARADOR) [VOLTA],14867.6,271.0
901061,,51,-22.861704,-43.399832,2023-07-26 05:18:18,5.0,,ida,51 - SENTIDO RECREIO (PARADOR) [IDA],43312.5,59.0
903030,,50,-22.972141,-43.401162,2023-07-26 05:18:27,0.0,,ida,50 - SENTIDO JD. OCEANICO (PARADOR) [IDA],40967.7,178.0
901064,,22,-22.964563,-43.391739,2023-07-25 20:18:17,0.0,,ida,22 - ALVORADA X J. OCEÂNICO (PARADOR) [IDA],48930.5,68.0
901048,,51,-22.99419,-43.422827,2023-07-26 05:18:13,59.2,,ida,51 - SENTIDO RECREIO (PARADOR) [IDA],26347.5,216.0
901065,,52,-22.862228,-43.400572,2023-07-26 05:18:08,0.0,,ida,52 - SENTIDO ALVORADA (PARADOR) [IDA],35398.2,233.0
903031,,38,-22.87924,-43.341445,2023-07-26 05:18:26,35.0,,ida,38 - FUNDÃO X ALVORADA (PARADOR) [IDA],40605.0,228.0
903032,,42,-22.838004,-43.285567,2023-07-26 05:18:10,1.2,,volta,42 - MADUREIRA MANANCEIA X GALEAO (PARADOR) [VOLTA],42714.1,92.0
901075,,0,-22.862209,-43.401026,2023-07-26 05:18:17,0.0,,,,49006.0,230.0
903055,,17,-22.917774,-43.683305,2023-07-26 05:18:21,0.0,,ida,17 - SANTA CRUZ X CAMPO GRANDE (PARADOR) [IDA],18909.6,344.0
903037,,17,-22.91825,-43.638939,2023-07-26 05:18:07,0.0,,ida,17 - SANTA CRUZ X CAMPO GRANDE (PARADOR) [IDA],20709.6,65.0
903002,,42,-22.877349,-43.336073,2023-07-26 05:18:15,0.0,,volta,42 - MADUREIRA MANANCEIA X GALEAO (PARADOR) [VOLTA],6973.5,26.0
901080,,53,-22.966361,-43.396775,2023-07-26 05:18:13,30.1,,ida,53 - SENTIDO ALVORADA (EXPRESSO) [IDA],31284.6,220.0
902110,,35,-22.955107,-43.377017,2023-07-26 05:18:11,19.4,,volta,35 - ALVORADA  X  MADUREIRA (PARADOR) [VOLTA],8838.3,52.0
902114,,35,-22.878509,-43.336308,2023-07-26 05:18:24,0.0,,ida,35 - MADUREIRA X ALVORADA (PARADOR) [IDA],8978.3,
902078,,31,-22.876851,-43.329807,2023-07-26 05:18:15,0.0,,ida,31 - VICENTE DE CARVALHO X ALVORADA (SEMIDIRETO) [IDA],10282.0,
903054,,17,-22.930724,-43.673599,2023-07-26 05:18:20,0.0,,volta,17 - CAMPO GRANDE  X SANTA CRUZ (PARADOR) [VOLTA],17676.4,302.0
903021,,42,-22.849834,-43.308188,2023-07-26 05:18:08,0.0,,ida,42 - GALEÃO X MADUREIRA MANANCEIA (PARADOR) [IDA],34630.8,223.0
903056,,17,-22.917813,-43.683218,2023-07-26 05:18:18,0.0,,ida,17 - SANTA CRUZ X CAMPO GRANDE (PARADOR) [IDA],14656.1,164.0
903000,,50,-23.001254,-43.364661,2023-07-26 05:18:22,19.0,,volta,50 - SENTIDO T. OLIMPICO (PARADOR) [VOLTA],31891.0,87.0
903058,,17,-22.917397,-43.683397,2023-07-26 05:18:14,0.0,,ida,17 - SANTA CRUZ X CAMPO GRANDE (PARADOR) [IDA],9173.5,11.0
901072,,52,-22.972678,-43.401132,2023-07-26 05:18:26,23.6,,ida,52 - SENTIDO ALVORADA (PARADOR) [IDA],38631.9,171.0
902045,,31,-22.852297,-43.315869,2023-07-26 05:18:19,0.0,,ida,31 - VICENTE DE CARVALHO X ALVORADA (SEMIDIRETO) [IDA],6828.2,263.0
903007,,50,-22.973287,-43.376831,2023-07-26 05:18:09,0.0,,volta,50 - SENTIDO T. OLIMPICO (PARADOR) [VOLTA],41366.0,276.0
903004,,42,-22.852299,-43.315784,2023-07-26 05:18:25,15.7,,ida,42 - GALEÃO X MADUREIRA MANANCEIA (PARADOR) [IDA],39205.4,263.0
903006,,50,-22.851545,-43.263185,2023-07-26 05:18:20,46.3,,ida,50 - SENTIDO JD. OCEANICO (PARADOR) [IDA],46392.5,144.0
903005,,42,-22.84994,-43.247341,2023-07-26 05:18:21,52.5,,ida,42 - GALEÃO X MADUREIRA MANANCEIA (PARADOR) [IDA],38824.4,232.0
903022,,50,-22.972043,-43.401175,2023-07-26 05:18:23,0.0,,ida,50 - SENTIDO JD. OCEANICO (PARADOR) [IDA],37742.3,181.0
901059,,51,-22.940772,-43.394645,2023-07-26 05:18:15,0.2,,volta,51 - SENTIDO V. MILITAR (PARADOR) [VOLTA],48363.8,345.0
903003,,42,-22.849818,-43.308135,2023-07-26 05:18:27,39.2,,volta,42 - MADUREIRA MANANCEIA X GALEAO (PARADOR) [VOLTA],41712.9,50.0
901020,,22,-23.000707,-43.365281,2023-07-26 05:18:17,0.0,,ida,22 - ALVORADA X J. OCEÂNICO (PARADOR) [IDA],25521.6,
901022,,22,-23.000657,-43.366061,2023-07-26 05:18:15,0.1,,ida,22 - ALVORADA X J. OCEÂNICO (PARADOR) [IDA],18621.7,
901027,,41,-22.861949,-43.40025,2023-07-26 05:18:12,0.0,,volta,41 - TERMINAL RECREIO X PAULO DA PORTELA (EXPRESSO) [VOLTA],25990.3,230.0
901028,,40,-22.955504,-43.377764,2023-07-26 05:18:11,59.7,,ida,40 - PAULO DA PORTELA X ALVORADA (EXPRESSO) [IDA],23784.7,226.0
901030,,40,-22.877922,-43.336311,2023-07-26 05:18:20,0.0,,ida,40 - PAULO DA PORTELA X ALVORADA (EXPRESSO) [IDA],21836.4,50.0
901032,,40,-22.877716,-43.336692,2023-07-26 05:18:18,0.0,,ida,40 - PAULO DA PORTELA X ALVORADA (EXPRESSO) [IDA],25296.2,185.0
901034,,0,-22.906001,-43.357556,2023-07-26 05:18:04,46.9,,,,27522.2,16.0
901036,,52,-22.934563,-43.372133,2023-07-26 05:18:13,25.6,,ida,52 - SENTIDO ALVORADA (PARADOR) [IDA],22810.7,338.0
901041,,22,-22.965725,-43.391308,2023-07-26 05:18:25,0.0,,ida,22 - ALVORADA X J. OCEÂNICO (PARADOR) [IDA],26160.4,
903009,,42,-22.842106,-43.278686,2023-07-26 05:18:27,29.7,,ida,42 - GALEÃO X MADUREIRA MANANCEIA (PARADOR) [IDA],47195.6,340.0
903010,,42,-22.83954,-43.239751,2023-07-26 05:18:23,0.0,,ida,42 - GALEÃO X MADUREIRA MANANCEIA (PARADOR) [IDA],43702.3,
903011,,42,-22.854771,-43.253578,2023-07-26 05:18:20,11.9,,volta,42 - MADUREIRA MANANCEIA X GALEAO (PARADOR) [VOLTA],45342.8,89.0
903012,,42,-22.877705,-43.336584,2023-07-26 05:18:13,0.0,,volta,42 - MADUREIRA MANANCEIA X GALEAO (PARADOR) [VOLTA],47959.5,215.0
903015,,42,-22.839834,-43.239555,2023-07-26 05:18:16,0.0,,ida,42 - GALEÃO X MADUREIRA MANANCEIA (PARADOR) [IDA],47876.8,323.0
903016,,42,-22.833956,-43.238646,2023-07-26 05:18:24,61.9,,ida,42 - GALEÃO X MADUREIRA MANANCEIA (PARADOR) [IDA],42538.4,44.0
903017,,50,-23.000093,-43.353241,2023-07-26 05:18:27,27.3,,ida,50 - SENTIDO JD. OCEANICO (PARADOR) [IDA],44912.6,91.0
903020,,50,-22.980789,-43.365644,2023-07-26 05:18:08,51.3,,ida,50 - SENTIDO JD. OCEANICO (PARADOR) [IDA],43846.8,182.0
903024,,38,-22.876829,-43.329887,2023-07-26 05:18:23,0.0,,ida,38 - FUNDÃO X ALVORADA (PARADOR) [IDA],38022.8,
903025,,50,-23.002846,-43.324907,2023-07-26 05:18:21,32.1,,volta,50 - SENTIDO T. OLIMPICO (PARADOR) [VOLTA],39461.5,295.0
903014,,38,-22.926496,-43.373683,2023-07-26 05:18:10,21.8,,ida,38 - FUNDÃO X ALVORADA (PARADOR) [IDA],51731.7,173.0
901060,,51,-23.007639,-43.438395,2023-07-26 05:18:22,30.3,,volta,51 - SENTIDO V. MILITAR (PARADOR) [VOLTA],24784.2,50.0
903063,,17,-22.920199,-43.608162,2023-07-26 05:18:07,0.0,,ida,17 - SANTA CRUZ X CAMPO GRANDE (PARADOR) [IDA],21497.7,135.0
902113,,31,-22.852463,-43.312608,2023-07-26 05:18:27,0.0,,ida,31 - VICENTE DE CARVALHO X ALVORADA (SEMIDIRETO) [IDA],8853.8,
902118,,31,-22.8656,-43.334207,2023-07-26 05:18:18,37.4,,ida,31 - VICENTE DE CARVALHO X ALVORADA (SEMIDIRETO) [IDA],7642.9,18.0
902117,,31,-22.893729,-43.349161,2023-07-26 05:18:17,41.6,,ida,31 - VICENTE DE CARVALHO X ALVORADA (SEMIDIRETO) [IDA],10247.7,206.0
901044,,40,-22.922623,-43.37271,2023-07-26 05:18:19,0.0,,ida,40 - PAULO DA PORTELA X ALVORADA (EXPRESSO) [IDA],29601.6,246.0
903033,,42,-22.841879,-43.27755,2023-07-26 05:18:25,33.9,,ida,42 - GALEÃO X MADUREIRA MANANCEIA (PARADOR) [IDA],36573.2,226.0
902022,,46,-22.850324,-43.308991,2023-07-26 05:18:15,26.8,,ida,46 - PENHA X ALVORADA (EXPRESSO) [IDA],30786.5,232.0
901093,,22,-22.861445,-43.399268,2023-07-26 05:18:22,0.0,,ida,,27803.1,75.0
902059,,43,-22.933322,-43.372702,2023-07-26 05:18:09,45.7,,volta,43 - SANTA EFIGENIA X FUNDÃO (EXPRESSO) [VOLTA],35713.9,338.0
902056,,46,-22.841548,-43.277122,2023-07-26 05:18:24,0.0,,ida,46 - PENHA X ALVORADA (EXPRESSO) [IDA],34645.4,241.0
901091,,51,-22.94185,-43.394637,2023-07-26 05:18:21,34.1,,ida,51 - SENTIDO RECREIO (PARADOR) [IDA],31130.6,174.0
901096,,51,-22.964859,-43.391655,2023-07-26 05:18:25,0.0,,volta,51 - SENTIDO V. MILITAR (PARADOR) [VOLTA],34298.1,
901086,,53,-22.965302,-43.391568,2023-07-26 05:18:16,0.0,,ida,53 - SENTIDO ALVORADA (EXPRESSO) [IDA],48370.4,
902032,,46,-23.001056,-43.366493,2023-07-26 05:18:24,32.0,,volta,46 - ALVORADA X PENHA (EXPRESSO) [VOLTA],36296.2,270.0
901094,,0,-22.947606,-43.392036,2023-07-26 05:18:16,58.8,,,,32751.0,302.0
902027,,43,-22.938987,-43.372315,2023-07-26 05:18:10,42.8,,volta,43 - SANTA EFIGENIA X FUNDÃO (EXPRESSO) [VOLTA],32880.5,183.0
902028,,46,-22.856589,-43.328459,2023-07-26 05:18:14,41.5,,volta,46 - ALVORADA X PENHA (EXPRESSO) [VOLTA],37598.0,76.0
902029,,46,-22.854282,-43.251883,2023-07-26 05:18:23,0.0,,ida,46 - PENHA X ALVORADA (EXPRESSO) [IDA],35412.3,
902018,,40,-22.898018,-43.352559,2023-07-26 05:18:20,13.5,,ida,40 - PAULO DA PORTELA X ALVORADA (EXPRESSO) [IDA],23642.3,216.0
902046,,46,-22.879285,-43.341515,2023-07-26 05:18:07,34.4,,ida,46 - PENHA X ALVORADA (EXPRESSO) [IDA],33376.699,224.0
12715,,10,-22.917539,-43.683363,2023-07-26 05:18:24,0.0,,ida,10 - SANTA CRUZ X ALVORADA (EXPRESSO) [IDA],42388.0,335.0
902010,,40,-22.965297,-43.3915,2023-07-26 05:18:20,0.0,,ida,40 - PAULO DA PORTELA X ALVORADA (EXPRESSO) [IDA],10957.7,
901089,,0,-22.965213,-43.39168,2023-07-26 05:18:23,0.0,,,,45838.9,155.0
901062,,51,-23.008476,-43.439925,2023-07-26 05:18:24,0.0,,volta,51 - SENTIDO V. MILITAR (PARADOR) [VOLTA],46937.0,74.0
902033,,43,-22.854346,-43.251284,2023-07-26 05:18:07,0.0,,volta,43 - SANTA EFIGENIA X FUNDÃO (EXPRESSO) [VOLTA],33362.1,
902053,,46,-22.854241,-43.251351,2023-07-26 05:18:19,0.0,,ida,46 - PENHA X ALVORADA (EXPRESSO) [IDA],33488.9,
E902000,,41,-22.854433,-43.260519,2023-07-26 05:18:24,48.0,,volta,41 - TERMINAL RECREIO X PAULO DA PORTELA (EXPRESSO) [VOLTA],10385.2,303.0
901067,,52,-22.973335,-43.36582,2023-07-26 05:18:08,8.5,,volta,52 - SENTIDO V. MILITAR (PARADOR) [VOLTA],41772.3,262.0
E902004,,41,-22.854452,-43.25163,2023-07-26 05:18:20,0.0,,volta,41 - TERMINAL RECREIO X PAULO DA PORTELA (EXPRESSO) [VOLTA],13269.1,93.0
12713,,18,-23.00029,-43.396991,2023-07-26 05:18:10,59.4,,ida,18 - RECREIO SHOPPING X JARDIM OCEÂNICO (EXPRESSO) [IDA],35259.8,91.0
902062,,46,-22.842121,-43.277327,2023-07-26 05:18:23,37.5,,volta,46 - ALVORADA X PENHA (EXPRESSO) [VOLTA],33296.4,71.0
902048,,46,-22.939094,-43.372274,2023-07-26 05:18:22,51.8,,volta,46 - ALVORADA X PENHA (EXPRESSO) [VOLTA],23970.3,3.0
902058,,46,-22.854159,-43.251919,2023-07-26 05:18:14,0.0,,ida,46 - PENHA X ALVORADA (EXPRESSO) [IDA],34575.2,
901068,,51,-22.975743,-43.405437,2023-07-26 05:18:11,46.4,,volta,51 - SENTIDO V. MILITAR (PARADOR) [VOLTA],50826.4,35.0
902003,,41,-22.845218,-43.238854,2023-07-26 05:18:17,35.1,,volta,41 - TERMINAL RECREIO X PAULO DA PORTELA (EXPRESSO) [VOLTA],17397.7,221.0
902102,,35,-22.879095,-43.341363,2023-07-26 05:18:21,42.0,,ida,35 - MADUREIRA X ALVORADA (PARADOR) [IDA],12381.4,215.0
901082,,53,-22.883038,-43.399539,2023-07-26 05:18:21,27.4,,ida,53 - SENTIDO ALVORADA (EXPRESSO) [IDA],47074.5,292.0
902066,,46,-22.854409,-43.251676,2023-07-26 05:18:12,0.0,,ida,46 - PENHA X ALVORADA (EXPRESSO) [IDA],31314.1,
902052,,46,-22.973345,-43.370305,2023-07-26 05:18:22,60.2,,volta,46 - ALVORADA X PENHA (EXPRESSO) [VOLTA],35621.5,270.0
902050,,43,-22.870096,-43.335489,2023-07-26 05:18:16,0.0,,volta,43 - SANTA EFIGENIA X FUNDÃO (EXPRESSO) [VOLTA],31272.0,7.0
12716,,20,-22.925475,-43.679132,2023-07-26 05:18:02,45.7,,ida,20 - SANTA CRUZ X SALVADOR ALLENDE (EXPRESSO) [IDA],45563.9,175.0
902017,,31,-22.967087,-43.390337,2023-07-26 05:18:13,15.0,,ida,31 - VICENTE DE CARVALHO X ALVORADA (SEMIDIRETO) [IDA],23871.0,16.0
902008,,46,-22.907006,-43.35787,2023-07-26 05:18:22,59.7,,ida,46 - PENHA X ALVORADA (EXPRESSO) [IDA],10533.7,17.0
902047,,46,-22.841937,-43.277618,2023-07-26 05:18:15,0.0,,ida,46 - PENHA X ALVORADA (EXPRESSO) [IDA],23965.9,224.0
902051,,46,-22.916126,-43.361753,2023-07-26 05:18:19,24.1,,ida,46 - PENHA X ALVORADA (EXPRESSO) [IDA],33000.9,207.0
902067,,46,-22.973309,-43.378142,2023-07-26 05:18:18,46.2,,ida,46 - PENHA X ALVORADA (EXPRESSO) [IDA],34100.0,95.0
901088,,31,-22.96539,-43.39161,2023-07-26 05:18:15,0.0,,ida,31 - VICENTE DE CARVALHO X ALVORADA (SEMIDIRETO) [IDA],41618.2,153.0
901098,,51,-22.862043,-43.400434,2023-07-26 05:18:21,0.0,,ida,51 - SENTIDO RECREIO (PARADOR) [IDA],27295.2,
901055,,51,-22.876133,-43.405151,2023-07-26 05:18:11,0.1,,ida,51 - SENTIDO RECREIO (PARADOR) [IDA],46661.2,134.0
901076,,52,-22.86153,-43.399501,2023-07-26 05:18:07,0.0,,ida,52 - SENTIDO ALVORADA (PARADOR) [IDA],31275.1,
902054,,46,-22.844195,-43.268974,2023-07-26 05:18:18,47.3,,ida,46 - PENHA X ALVORADA (EXPRESSO) [IDA],35707.6,322.0
901079,,53,-22.97338,-43.376634,2023-07-26 05:18:22,53.1,,ida,53 - SENTIDO ALVORADA (EXPRESSO) [IDA],44063.5,90.0
901070,,52,-22.973413,-43.367912,2023-07-26 05:18:17,59.3,,ida,52 - SENTIDO ALVORADA (PARADOR) [IDA],40495.3,90.0
902080,,46,-22.938979,-43.372301,2023-07-26 05:18:25,46.9,,ida,46 - PENHA X ALVORADA (EXPRESSO) [IDA],34358.5,183.0
902065,,43,-22.839493,-43.296184,2023-07-26 05:18:23,35.9,,ida,43 - FUNDÃO X SANTA EFIGENIA (EXPRESSO) [IDA],35366.9,232.0
901069,,52,-23.000764,-43.368547,2023-07-26 05:18:23,0.0,,volta,52 - SENTIDO V. MILITAR (PARADOR) [VOLTA],37743.9,212.0
901074,,52,-22.878447,-43.40121,2023-07-26 05:18:19,51.1,,ida,52 - SENTIDO ALVORADA (PARADOR) [IDA],39517.2,126.0
902030,,31,-22.922708,-43.372949,2023-07-26 05:18:18,0.0,,ida,31 - VICENTE DE CARVALHO X ALVORADA (SEMIDIRETO) [IDA],11304.7,257.0
902071,,46,-23.001253,-43.364971,2023-07-26 05:18:21,15.3,,volta,46 - ALVORADA X PENHA (EXPRESSO) [VOLTA],35939.1,88.0
902072,,43,-22.847036,-43.243704,2023-07-26 05:18:24,38.5,,volta,43 - SANTA EFIGENIA X FUNDÃO (EXPRESSO) [VOLTA],32689.2,69.0
902101,,31,-22.876389,-43.33011,2023-07-26 05:18:10,0.0,,ida,31 - VICENTE DE CARVALHO X ALVORADA (SEMIDIRETO) [IDA],10054.6,
902064,,43,-22.878579,-43.336314,2023-07-26 05:18:24,0.0,,ida,43 - FUNDÃO X SANTA EFIGENIA (EXPRESSO) [IDA],0.0,
902070,,46,-23.001031,-43.366784,2023-07-26 05:18:15,26.1,,volta,46 - ALVORADA X PENHA (EXPRESSO) [VOLTA],36299.3,271.0
901083,,53,-22.883996,-43.39965,2023-07-26 05:18:20,20.1,,ida,53 - SENTIDO ALVORADA (EXPRESSO) [IDA],49425.2,206.0
901087,,53,-22.973002,-43.396494,2023-07-26 05:18:20,55.6,,ida,53 - SENTIDO ALVORADA (EXPRESSO) [IDA],47527.6,271.0
902085,,46,-22.855489,-43.259509,2023-07-26 05:18:19,38.3,,ida,46 - PENHA X ALVORADA (EXPRESSO) [IDA],34052.2,324.0
E902001,,41,-22.842792,-43.300314,2023-07-26 05:18:26,42.6,,volta,41 - TERMINAL RECREIO X PAULO DA PORTELA (EXPRESSO) [VOLTA],20876.2,213.0
E902006,,40,-22.877577,-43.33665,2023-07-26 05:18:15,0.0,,ida,40 - PAULO DA PORTELA X ALVORADA (EXPRESSO) [IDA],19305.4,
E902011,,40,-22.878575,-43.336287,2023-07-26 05:18:15,0.0,,ida,40 - PAULO DA PORTELA X ALVORADA (EXPRESSO) [IDA],8602.8,
902002,,41,-22.879162,-43.336526,2023-07-26 05:18:08,0.0,,volta,41 - TERMINAL RECREIO X PAULO DA PORTELA (EXPRESSO) [VOLTA],19836.4,87.0
901095,,51,-22.973012,-43.396427,2023-07-26 05:18:26,58.3,,volta,51 - SENTIDO V. MILITAR (PARADOR) [VOLTA],35038.1,270.0
902069,,41,-22.955829,-43.378102,2023-07-26 05:18:25,58.6,,ida,41 - PAULO DA PORTELA X TERMINAL RECREIO (EXPRESSO) [IDA],32590.2,229.0
902094,,35,-22.879153,-43.336745,2023-07-26 05:18:15,20.0,,volta,35 - ALVORADA  X  MADUREIRA (PARADOR) [VOLTA],9094.1,84.0
902081,,31,-22.876346,-43.329947,2023-07-26 05:18:10,0.0,,ida,31 - VICENTE DE CARVALHO X ALVORADA (SEMIDIRETO) [IDA],11487.0,
902075,,31,-22.856464,-43.327814,2023-07-26 05:18:19,0.0,,ida,31 - VICENTE DE CARVALHO X ALVORADA (SEMIDIRETO) [IDA],14099.0,77.0
902082,,35,-22.972858,-43.38588,2023-07-26 05:18:21,0.0,,ida,35 - MADUREIRA X ALVORADA (PARADOR) [IDA],10874.8,139.0
903062,,17,-22.913858,-43.597785,2023-07-26 05:18:18,0.0,,ida,17 - SANTA CRUZ X CAMPO GRANDE (PARADOR) [IDA],20193.2,85.0
902089,,35,-23.000913,-43.367243,2023-07-26 05:18:16,0.0,,volta,35 - ALVORADA  X  MADUREIRA (PARADOR) [VOLTA],9774.7,
903041,,50,-22.878951,-43.337164,2023-07-26 05:18:10,18.6,,ida,50 - SENTIDO JD. OCEANICO (PARADOR) [IDA],27435.1,255.0
903051,,50,-22.972286,-43.40106,2023-07-26 05:18:21,0.0,,ida,50 - SENTIDO JD. OCEANICO (PARADOR) [IDA],31059.3,200.0
902055,,46,-22.862667,-43.33152,2023-07-26 05:18:27,52.1,,ida,46 - PENHA X ALVORADA (EXPRESSO) [IDA],21.9,225.0
903044,,42,-22.839956,-43.239373,2023-07-26 05:18:14,0.0,,ida,42 - GALEÃO X MADUREIRA MANANCEIA (PARADOR) [IDA],29209.2,143.0
903036,,17,-22.910725,-43.583755,2023-07-26 05:18:16,0.0,,ida,17 - SANTA CRUZ X CAMPO GRANDE (PARADOR) [IDA],156823.0,66.0
902043,,46,-22.877482,-43.336963,2023-07-26 05:18:14,0.0,,ida,46 - PENHA X ALVORADA (EXPRESSO) [IDA],29100.7,
902036,,41,-22.919091,-43.366307,2023-07-26 05:18:14,45.9,,ida,41 - PAULO DA PORTELA X TERMINAL RECREIO (EXPRESSO) [IDA],32324.2,239.0
903039,,17,-22.910799,-43.584071,2023-07-26 05:18:26,0.0,,ida,17 - SANTA CRUZ X CAMPO GRANDE (PARADOR) [IDA],18373.0,40.0
903047,,42,-22.853298,-43.313553,2023-07-26 05:18:26,36.7,,ida,42 - GALEÃO X MADUREIRA MANANCEIA (PARADOR) [IDA],23087.4,78.0
902074,,31,-22.852506,-43.312633,2023-07-26 05:18:19,0.0,,ida,31 - VICENTE DE CARVALHO X ALVORADA (SEMIDIRETO) [IDA],9772.0,
903040,,17,-22.912205,-43.592943,2023-07-26 05:18:17,55.1,,volta,17 - CAMPO GRANDE  X SANTA CRUZ (PARADOR) [VOLTA],18467.8,249.0
902044,,43,-22.867995,-43.334955,2023-07-26 05:18:08,51.5,,ida,43 - FUNDÃO X SANTA EFIGENIA (EXPRESSO) [IDA],31235.0,190.0
902038,,46,-22.854456,-43.251032,2023-07-26 05:18:16,0.4,,ida,46 - PENHA X ALVORADA (EXPRESSO) [IDA],7575.2,76.0
903064,,50,-22.967124,-43.397061,2023-07-26 05:18:11,33.1,,ida,50 - SENTIDO JD. OCEANICO (PARADOR) [IDA],22137.5,41.0
903069,,17,-22.91808,-43.683138,2023-07-26 05:18:17,0.0,,ida,17 - SANTA CRUZ X CAMPO GRANDE (PARADOR) [IDA],22413.1,47.0
902042,,46,-22.916632,-43.362169,2023-07-26 05:18:25,0.0,,volta,46 - ALVORADA X PENHA (EXPRESSO) [VOLTA],31927.7,55.0
902040,,46,-22.87282,-43.336311,2023-07-26 05:18:11,17.5,,volta,46 - ALVORADA X PENHA (EXPRESSO) [VOLTA],34117.6,343.0
903038,,17,-22.920674,-43.643945,2023-07-26 05:18:17,23.4,,volta,17 - CAMPO GRANDE  X SANTA CRUZ (PARADOR) [VOLTA],26546.3,240.0
903067,,17,-22.920069,-43.607704,2023-07-26 05:18:22,3.6,,ida,17 - SANTA CRUZ X CAMPO GRANDE (PARADOR) [IDA],23576.8,101.0
902076,,46,-22.85482,-43.252054,2023-07-26 05:18:13,0.0,,ida,46 - PENHA X ALVORADA (EXPRESSO) [IDA],27510.5,
902083,,31,-22.876358,-43.330275,2023-07-26 05:18:23,0.0,,ida,31 - VICENTE DE CARVALHO X ALVORADA (SEMIDIRETO) [IDA],5228.3,
902096,,35,-22.995948,-43.365795,2023-07-26 05:18:18,56.5,,volta,35 - ALVORADA  X  MADUREIRA (PARADOR) [VOLTA],14223.0,3.0
902100,,35,-22.878522,-43.336347,2023-07-26 05:18:09,0.0,,ida,35 - MADUREIRA X ALVORADA (PARADOR) [IDA],13435.3,
903059,,17,-22.918643,-43.682678,2023-07-26 05:18:24,0.0,,ida,17 - SANTA CRUZ X CAMPO GRANDE (PARADOR) [IDA],18750.4,326.0
902079,,46,-22.841525,-43.276957,2023-07-26 05:18:21,12.3,,ida,46 - PENHA X ALVORADA (EXPRESSO) [IDA],30822.1,226.0
903066,,17,-22.935631,-43.667157,2023-07-26 05:18:23,0.0,,ida,17 - SANTA CRUZ X CAMPO GRANDE (PARADOR) [IDA],24878.4,146.0
902099,,35,-22.914404,-43.360785,2023-07-26 05:18:21,37.5,,ida,35 - MADUREIRA X ALVORADA (PARADOR) [IDA],11546.4,200.0
902091,,35,-22.984117,-43.365753,2023-07-26 05:18:21,13.2,,ida,35 - MADUREIRA X ALVORADA (PARADOR) [IDA],14055.9,176.0
901099,,51,-22.970582,-43.40054,2023-07-26 05:18:24,0.6,,ida,51 - SENTIDO RECREIO (PARADOR) [IDA],29492.2,208.0
903046,,42,-22.866941,-43.334676,2023-07-26 05:18:10,32.2,,volta,42 - MADUREIRA MANANCEIA X GALEAO (PARADOR) [VOLTA],29787.5,12.0
903070,,17,-22.911206,-43.585909,2023-07-26 05:18:21,57.8,,ida,17 - SANTA CRUZ X CAMPO GRANDE (PARADOR) [IDA],9258.9,100.0
44706,LRG8855,20,-22.91691,-43.683533,2023-07-26 05:18:15,0.0,,ida,20 - SANTA CRUZ X SALVADOR ALLENDE (EXPRESSO) [IDA],21875.4,
903065,,17,-22.9157,-43.607635,2023-07-26 05:18:21,0.1,,volta,17 - CAMPO GRANDE  X SANTA CRUZ (PARADOR) [VOLTA],16966.8,250.0
901008,,22,-23.00059,-43.334929,2023-07-26 05:19:11,0.0,,ida,22 - ALVORADA X J. OCEÂNICO (PARADOR) [IDA],22786.9,86.0
901011,RIV8A74,22,-23.000869,-43.365793,2023-07-26 05:19:09,0.0,,ida,22 - ALVORADA X J. OCEÂNICO (PARADOR) [IDA],23500.2,242.0
901007,,22,-23.006757,-43.31248,2023-07-26 05:19:09,0.0,,volta,22 - J. OCEÂNICO X ALVORADA (PARADOR) [VOLTA],21824.1,87.0
901009,,22,-23.000139,-43.353794,2023-07-26 05:18:57,46.8,,ida,22 - ALVORADA X J. OCEÂNICO (PARADOR) [IDA],20866.8,91.0
901010,RJM8G30,22,-23.00087,-43.366165,2023-07-26 05:19:06,0.0,,ida,22 - ALVORADA X J. OCEÂNICO (PARADOR) [IDA],22869.6,266.0
901017,,22,-23.000767,-43.366006,2023-07-26 05:19:06,0.0,,ida,22 - ALVORADA X J. OCEÂNICO (PARADOR) [IDA],25122.4,
901006,RJA9F56,22,-23.006454,-43.312936,2023-07-26 05:19:03,0.0,,volta,22 - J. OCEÂNICO X ALVORADA (PARADOR) [VOLTA],19383.9,271.0
901005,RJB8E53,22,-23.00407,-43.321951,2023-07-26 05:18:55,58.8,,volta,22 - J. OCEÂNICO X ALVORADA (PARADOR) [VOLTA],21644.4,294.0
901004,RJQ8J80,22,-23.000113,-43.347117,2023-07-26 05:19:02,28.6,,volta,22 - J. OCEÂNICO X ALVORADA (PARADOR) [VOLTA],21436.2,276.0
30504,,25,-23.014129,-43.466091,2023-07-26 05:19:05,47.8,,volta,25 - ALVORADA X MATO ALTO (PARADOR) [VOLTA],53636.5,251.0
30538,KXE7719,20,-22.945282,-43.65843,2023-07-26 05:19:09,52.8,,volta,20 - SALVADOR ALLENDE X SANTA CRUZ (EXPRESSO) [VOLTA],55902.3,286.0
50309,KPN6B05,13,-23.000763,-43.366145,2023-07-26 05:19:08,0.0,,volta,13 - ALVORADA X  MATO ALTO (EXPRESSO) [VOLTA],20092.5,44.0
30532,KYL8599,13,-23.007585,-43.439351,2023-07-26 05:18:54,47.0,,ida,13 - MATO ALTO X ALVORADA (EXPRESSO) [IDA],41769.7,73.0
13423,LSI5976,25,-22.998494,-43.586655,2023-07-26 05:19:10,59.7,,volta,25 - ALVORADA X MATO ALTO (PARADOR) [VOLTA],41124.8,284.0
47030,LSQ5263,20,-23.017246,-43.477428,2023-07-26 05:19:09,59.2,,ida,20 - SANTA CRUZ X SALVADOR ALLENDE (EXPRESSO) [IDA],53790.6,74.0
30519,LRE9804,11,-22.920074,-43.608092,2023-07-26 05:19:01,0.0,,ida,11 - SANTA CRUZ X ALVORADA (PARADOR) [IDA],51494.8,
90005,KWK6A89,20,-22.917974,-43.683195,2023-07-26 05:18:55,2.1,,ida,20 - SANTA CRUZ X SALVADOR ALLENDE (EXPRESSO) [IDA],49835.6,338.0
86875,KQB4103,12,-22.928437,-43.653819,2023-07-26 05:19:08,11.4,,ida,12 - PINGO D'AGUA X ALVORADA (EXPRESSO) [IDA],13018.0,218.0
30518,KYL8597,25,-23.000242,-43.377696,2023-07-26 05:19:05,5.6,,volta,25 - ALVORADA X MATO ALTO (PARADOR) [VOLTA],37112.5,279.0
902090,,35,-22.952399,-43.374765,2023-07-26 05:19:09,0.0,,ida,35 - MADUREIRA X ALVORADA (PARADOR) [IDA],15085.0,211.0
47029,LSQ5267,20,-22.916695,-43.683534,2023-07-26 05:18:59,0.0,,ida,20 - SANTA CRUZ X SALVADOR ALLENDE (EXPRESSO) [IDA],56965.1,183.0
86885,LTB5540,14,-22.916767,-43.632895,2023-07-26 05:19:08,0.0,,ida,14 - SANTA EUGÊNIA X SALVADOR ALLENDE (EXPRESSO) [IDA],514717.5,248.0
12738,KRR2404,25,-22.992406,-43.598588,2023-07-26 05:19:03,9.4,,ida,25 - MATO ALTO X ALVORADA (PARADOR) [IDA],37392.6,132.0
86886,LTB5541,14,-22.958343,-43.650058,2023-07-26 05:19:08,60.6,,ida,14 - SANTA EUGÊNIA X SALVADOR ALLENDE (EXPRESSO) [IDA],13094.6,188.0
13428,KXE7712,11,-22.91997,-43.607495,2023-07-26 05:19:04,0.0,,ida,11 - SANTA CRUZ X ALVORADA (PARADOR) [IDA],57799.4,90.0
47006,KWZ8630,18,-23.019107,-43.505104,2023-07-26 05:19:03,0.0,,ida,18 - RECREIO SHOPPING X JARDIM OCEÂNICO (EXPRESSO) [IDA],50888.5,
47007,LSP6018,18,-22.920706,-43.607746,2023-07-26 05:19:01,0.0,,ida,18 - RECREIO SHOPPING X JARDIM OCEÂNICO (EXPRESSO) [IDA],42179.7,158.0
13413,KWI9711,25,-22.993822,-43.597396,2023-07-26 05:15:49,0.0,,ida,25 - MATO ALTO X ALVORADA (PARADOR) [IDA],43512.3,133.0
90001,KPZ5E15,19,-22.994375,-43.596328,2023-07-26 05:18:45,0.0,,ida,19 - PINGO D'AGUA X SALVADOR ALLENDE (EXPRESSO) [IDA],44139.2,121.0
901057,,52,-22.893773,-43.399796,2023-07-26 05:18:55,60.5,,volta,52 - SENTIDO V. MILITAR (PARADOR) [VOLTA],51073.0,347.0
901003,RKM8C54,22,-23.000905,-43.366553,2023-07-26 05:19:10,16.1,,ida,22 - ALVORADA X J. OCEÂNICO (PARADOR) [IDA],22832.8,50.0
86874,KQB4102,20,-22.918856,-43.607523,2023-07-26 05:18:54,0.0,,ida,20 - SANTA CRUZ X SALVADOR ALLENDE (EXPRESSO) [IDA],512858.4,98.0
86879,LTN5696,18,-22.99309,-43.597893,2023-07-26 05:19:07,0.0,,ida,18 - RECREIO SHOPPING X JARDIM OCEÂNICO (EXPRESSO) [IDA],1813.0,
47009,KPZ8430,20,-22.92026,-43.607957,2023-07-26 05:19:05,0.0,,ida,20 - SANTA CRUZ X SALVADOR ALLENDE (EXPRESSO) [IDA],54120.8,115.0
47014,KZI4452,19,-22.917324,-43.607007,2023-07-26 05:18:53,0.0,,ida,19 - PINGO D'AGUA X SALVADOR ALLENDE (EXPRESSO) [IDA],38000.1,
30537,KXE7720,12,-22.935875,-43.667051,2023-07-26 05:19:10,17.5,,ida,12 - PINGO D'AGUA X ALVORADA (EXPRESSO) [IDA],51512.2,184.0
50301,KPP5B70,25,-23.019156,-43.485842,2023-07-26 05:19:04,40.7,,volta,25 - ALVORADA X MATO ALTO (PARADOR) [VOLTA],3954.6,255.0
47018,LRS2843,0,-22.917625,-43.607169,2023-07-26 05:19:07,0.0,,,,32975.1,
44713,KPZ3559,20,-22.920659,-43.607878,2023-07-26 05:19:09,0.0,,ida,20 - SANTA CRUZ X SALVADOR ALLENDE (EXPRESSO) [IDA],29573.1,
13401,KQO7822,19,-23.005346,-43.431855,2023-07-26 05:18:56,0.0,,ida,19 - PINGO D'AGUA X SALVADOR ALLENDE (EXPRESSO) [IDA],53650.2,251.0
13421,KWO8119,10,-22.920238,-43.608202,2023-07-26 05:18:57,0.0,,ida,10 - SANTA CRUZ X ALVORADA (EXPRESSO) [IDA],14957.8,
47026,KYA7928,10,-22.920584,-43.608013,2023-07-26 05:18:51,0.0,,ida,10 - SANTA CRUZ X ALVORADA (EXPRESSO) [IDA],32900.199,
86889,KRQ6878,10,-23.000893,-43.367123,2023-07-26 05:18:57,0.0,,volta,10 - ALVORADA X SANTA CRUZ (EXPRESSO) [VOLTA],514962.4,
12724,LMJ1118,18,-23.012675,-43.459692,2023-07-26 05:18:57,32.0,,ida,18 - RECREIO SHOPPING X JARDIM OCEÂNICO (EXPRESSO) [IDA],9647.8,61.0
30511,KPV2250,13,-23.019763,-43.487936,2023-07-26 05:18:52,0.0,,volta,13 - ALVORADA X  MATO ALTO (EXPRESSO) [VOLTA],49449.2,250.0
13427,KXE7711,0,-22.920648,-43.608212,2023-07-26 05:19:08,0.0,,,,51855.6,
12725,LMJ1327,25,-22.993388,-43.596949,2023-07-26 05:19:08,0.0,,ida,25 - MATO ALTO X ALVORADA (PARADOR) [IDA],39260.9,
13404,KQO7823,20,-23.007858,-43.440586,2023-07-26 05:19:03,35.3,,volta,20 - SALVADOR ALLENDE X SANTA CRUZ (EXPRESSO) [VOLTA],56107.9,77.0
47022,KRM7701,10,-22.994643,-43.59554,2023-07-26 05:19:09,18.8,,volta,10 - ALVORADA X SANTA CRUZ (EXPRESSO) [VOLTA],12957.4,310.0
13422,LSI5978,20,-23.0077,-43.547263,2023-07-26 05:18:51,59.0,,ida,20 - SANTA CRUZ X SALVADOR ALLENDE (EXPRESSO) [IDA],40391.8,89.0
12730,LSO8993,19,-22.999809,-43.580943,2023-07-26 05:19:07,60.4,,volta,19 - SALVADOR ALLENDE X PINGO D'AGUA (EXPRESSO) [VOLTA],9264.1,288.0
86872,LSH7386,13,-23.000911,-43.577336,2023-07-26 05:19:10,59.6,,ida,13 - MATO ALTO X ALVORADA (EXPRESSO) [IDA],22418.9,104.0
47017,LRS2841,20,-22.968492,-43.619132,2023-07-26 05:19:02,51.7,,ida,20 - SANTA CRUZ X SALVADOR ALLENDE (EXPRESSO) [IDA],47905.4,102.0
86859,KWJ9250,19,-23.012424,-43.458626,2023-07-26 05:18:51,25.2,,ida,19 - PINGO D'AGUA X SALVADOR ALLENDE (EXPRESSO) [IDA],18702.6,75.0
30509,KYM4574,13,-23.000952,-43.366715,2023-07-26 05:18:54,0.0,,volta,13 - ALVORADA X  MATO ALTO (EXPRESSO) [VOLTA],53044.3,
12710,KRO9724,13,-22.992658,-43.59837,2023-07-26 05:18:57,0.0,,ida,13 - MATO ALTO X ALVORADA (EXPRESSO) [IDA],38381.0,
12720,KXD9430,20,-23.013201,-43.462413,2023-07-26 05:18:57,7.6,,volta,20 - SALVADOR ALLENDE X SANTA CRUZ (EXPRESSO) [VOLTA],21771.6,253.0
12712,LSN8501,19,-22.920777,-43.607937,2023-07-26 05:18:51,0.0,,ida,19 - PINGO D'AGUA X SALVADOR ALLENDE (EXPRESSO) [IDA],31093.7,134.0
13407,KPY9732,18,-23.019107,-43.505861,2023-07-26 05:18:51,6.8,,ida,18 - RECREIO SHOPPING X JARDIM OCEÂNICO (EXPRESSO) [IDA],45435.9,130.0
30514,KYL8595,11,-22.920125,-43.607852,2023-07-26 05:19:07,0.0,,ida,11 - SANTA CRUZ X ALVORADA (PARADOR) [IDA],38408.7,
47010,KPZ8363,25,-23.000031,-43.408138,2023-07-26 05:18:53,0.0,,ida,25 - MATO ALTO X ALVORADA (PARADOR) [IDA],42592.1,92.0
12734,LSP8673,11,-22.920886,-43.608049,2023-07-26 05:19:08,0.0,,ida,11 - SANTA CRUZ X ALVORADA (PARADOR) [IDA],16895.0,
90006,LRH6D12,20,-22.91843,-43.682788,2023-07-26 05:18:54,0.0,,ida,20 - SANTA CRUZ X SALVADOR ALLENDE (EXPRESSO) [IDA],29710.8,323.0
30531,LRC6592,19,-22.96581,-43.645933,2023-07-26 05:19:04,0.0,,ida,19 - PINGO D'AGUA X SALVADOR ALLENDE (EXPRESSO) [IDA],40608.2,286.0
30524,LRC6601,25,-23.012239,-43.458022,2023-07-26 05:19:00,11.4,,ida,25 - MATO ALTO X ALVORADA (PARADOR) [IDA],29236.9,86.0
13415,KQK7905,25,-23.000682,-43.366313,2023-07-26 05:18:54,0.0,,volta,25 - ALVORADA X MATO ALTO (PARADOR) [VOLTA],45135.0,87.0
901002,,22,-23.001008,-43.364629,2023-07-26 05:18:58,0.0,,ida,22 - ALVORADA X J. OCEÂNICO (PARADOR) [IDA],17407.4,253.0
B13,KYM5979,14,-22.933685,-43.662971,2023-07-26 05:19:04,59.9,,volta,14 - SALVADOR ALLENDE x SANTA EUGÊNIA (EXPRESSO) [VOLTA],1183.7,84.0
B16,LSI3468,14,-22.961253,-43.648403,2023-07-26 05:19:10,0.0,,ida,14 - SANTA EUGÊNIA X SALVADOR ALLENDE (EXPRESSO) [IDA],1124.0,
B17,KWY8231,14,-22.961309,-43.648441,2023-07-26 05:19:00,0.0,,ida,14 - SANTA EUGÊNIA X SALVADOR ALLENDE (EXPRESSO) [IDA],1235.7,
B20,LMH6141,14,-23.009525,-43.44706,2023-07-26 05:19:04,53.2,,ida,14 - SANTA EUGÊNIA X SALVADOR ALLENDE (EXPRESSO) [IDA],1170.3,75.0
B19,KZJ7238,14,-22.916566666666668,-43.631663333333336,2023-07-26 05:18:55,0.0,,ida,14 - SANTA EUGÊNIA X SALVADOR ALLENDE (EXPRESSO) [IDA],104993.2,225.0
B14,KRK9519,14,-22.969428,-43.626464,2023-07-26 05:18:38,59.8,,volta,14 - SALVADOR ALLENDE x SANTA EUGÊNIA (EXPRESSO) [VOLTA],1189.7,257.0
B11,KRK9516,14,-22.928434,-43.65397,2023-07-26 05:19:00,0.0,,ida,14 - SANTA EUGÊNIA X SALVADOR ALLENDE (EXPRESSO) [IDA],1222.7,265.0
B12,LMH5981,14,-22.916958,-43.634252,2023-07-26 05:18:59,33.1,,ida,14 - SANTA EUGÊNIA X SALVADOR ALLENDE (EXPRESSO) [IDA],1150.8,276.0
B24,LSO7028,14,-23.010974,-43.536266,2023-07-26 05:19:00,57.5,,ida,14 - SANTA EUGÊNIA X SALVADOR ALLENDE (EXPRESSO) [IDA],1204.4,107.0
B25,,14,-22.987087,-43.605281,2023-07-26 05:18:53,59.8,,ida,14 - SANTA EUGÊNIA X SALVADOR ALLENDE (EXPRESSO) [IDA],1116.3,132.0
B28,KQP5E29,14,-22.916473,-43.631082,2023-07-26 05:18:57,0.0,,ida,14 - SANTA EUGÊNIA X SALVADOR ALLENDE (EXPRESSO) [IDA],1141.7,258.0
B40,,14,-22.916533,-43.631345,2023-07-26 05:19:01,0.0,,ida,14 - SANTA EUGÊNIA X SALVADOR ALLENDE (EXPRESSO) [IDA],749.6,253.0
B41,,14,-22.916608,-43.631928,2023-07-26 05:18:56,0.0,,ida,14 - SANTA EUGÊNIA X SALVADOR ALLENDE (EXPRESSO) [IDA],1178.2,77.0
B47,,14,-22.948828,-43.652799,2023-07-26 05:19:06,56.9,,ida,14 - SANTA EUGÊNIA X SALVADOR ALLENDE (EXPRESSO) [IDA],1184.9,138.0
B048,,14,-22.916528,-43.631488,2023-07-26 05:19:09,0.0,,ida,14 - SANTA EUGÊNIA X SALVADOR ALLENDE (EXPRESSO) [IDA],1167.9,258.0
B49,,14,-22.976486,-43.611906,2023-07-26 05:18:53,58.6,,ida,14 - SANTA EUGÊNIA X SALVADOR ALLENDE (EXPRESSO) [IDA],1147.2,161.0
B54,,14,-22.96136,-43.648499,2023-07-26 05:18:57,0.0,,ida,14 - SANTA EUGÊNIA X SALVADOR ALLENDE (EXPRESSO) [IDA],1176.6,
B55,,14,-23.012358,-43.458674,2023-07-26 05:18:58,12.4,,volta,14 - SALVADOR ALLENDE x SANTA EUGÊNIA (EXPRESSO) [VOLTA],1158.2,239.0
B53,,14,-22.933961,-43.664704,2023-07-26 05:19:08,44.1,,ida,14 - SANTA EUGÊNIA X SALVADOR ALLENDE (EXPRESSO) [IDA],1199.8,242.0
901077,,52,-22.866621,-43.410226,2023-07-26 05:18:56,45.7,,ida,52 - SENTIDO ALVORADA (PARADOR) [IDA],26521.4,63.0
902119,,35,-22.911174,-43.360272,2023-07-26 05:19:01,53.7,,volta,35 - ALVORADA  X  MADUREIRA (PARADOR) [VOLTA],7692.9,10.0
901058,,51,-22.890366,-43.400752,2023-07-26 05:19:05,56.2,,volta,51 - SENTIDO V. MILITAR (PARADOR) [VOLTA],44201.8,353.0
901071,,22,-22.965703,-43.391341,2023-07-26 05:16:35,0.0,,ida,22 - ALVORADA X J. OCEÂNICO (PARADOR) [IDA],43438.0,
903027,,50,-22.973066,-43.399657,2023-07-26 05:18:58,31.4,,ida,50 - SENTIDO JD. OCEANICO (PARADOR) [IDA],49614.5,111.0
901066,,52,-22.948083,-43.391236,2023-07-26 05:19:01,57.1,,volta,52 - SENTIDO V. MILITAR (PARADOR) [VOLTA],50014.6,302.0
903026,,50,-23.00684,-43.312353,2023-07-26 05:19:03,0.0,,volta,50 - SENTIDO T. OLIMPICO (PARADOR) [VOLTA],48961.4,95.0
903029,,50,-22.972482,-43.401069,2023-07-26 05:19:02,0.0,,ida,50 - SENTIDO JD. OCEANICO (PARADOR) [IDA],33512.4,179.0
902116,,35,-23.001102,-43.367419,2023-07-26 05:19:03,29.9,,volta,35 - ALVORADA  X  MADUREIRA (PARADOR) [VOLTA],11179.1,267.0
902115,,35,-22.973087,-43.385657,2023-07-26 05:19:00,26.7,,volta,35 - ALVORADA  X  MADUREIRA (PARADOR) [VOLTA],14867.6,313.0
901061,,51,-22.860675,-43.397791,2023-07-26 05:18:57,49.9,,ida,51 - SENTIDO RECREIO (PARADOR) [IDA],43312.7,62.0
903030,,50,-22.972141,-43.401162,2023-07-26 05:19:08,0.0,,ida,50 - SENTIDO JD. OCEANICO (PARADOR) [IDA],40967.7,178.0
901064,,22,-22.964603,-43.391733,2023-07-26 05:19:00,0.0,,ida,22 - ALVORADA X J. OCEÂNICO (PARADOR) [IDA],48930.5,
901073,,51,-22.931186,-43.39514,2023-07-26 05:18:59,36.3,,ida,51 - SENTIDO RECREIO (PARADOR) [IDA],41859.3,188.0
901048,,51,-22.998164,-43.427402,2023-07-26 05:18:53,59.4,,ida,51 - SENTIDO RECREIO (PARADOR) [IDA],26348.2,237.0
901065,,52,-22.86223,-43.400575,2023-07-26 05:19:08,0.0,,ida,52 - SENTIDO ALVORADA (PARADOR) [IDA],35398.2,233.0
903031,,38,-22.881909,-43.341943,2023-07-26 05:18:54,41.7,,ida,38 - FUNDÃO X ALVORADA (PARADOR) [IDA],40605.3,189.0
903032,,42,-22.838347,-43.284595,2023-07-26 05:19:10,42.6,,volta,42 - MADUREIRA MANANCEIA X GALEAO (PARADOR) [VOLTA],42714.2,125.0
901075,,0,-22.862209,-43.401026,2023-07-26 05:18:57,0.0,,,,49006.0,230.0
903055,,17,-22.917593,-43.683301,2023-07-26 05:19:01,0.0,,ida,17 - SANTA CRUZ X CAMPO GRANDE (PARADOR) [IDA],18909.6,334.0
903037,,17,-22.917,-43.634275,2023-07-26 05:19:07,41.1,,ida,17 - SANTA CRUZ X CAMPO GRANDE (PARADOR) [IDA],20710.1,99.0
903002,,42,-22.877353,-43.336055,2023-07-26 05:18:55,0.0,,volta,42 - MADUREIRA MANANCEIA X GALEAO (PARADOR) [VOLTA],6973.5,26.0
901080,,53,-22.970115,-43.400158,2023-07-26 05:18:53,45.5,,ida,53 - SENTIDO ALVORADA (EXPRESSO) [IDA],31285.1,216.0
902110,,35,-22.952055,-43.374398,2023-07-26 05:19:10,0.3,,volta,35 - ALVORADA  X  MADUREIRA (PARADOR) [VOLTA],8838.7,37.0
902114,,35,-22.878509,-43.336308,2023-07-26 05:19:04,0.0,,ida,35 - MADUREIRA X ALVORADA (PARADOR) [IDA],8978.3,
902078,,31,-22.876851,-43.329807,2023-07-26 05:18:54,0.0,,ida,31 - VICENTE DE CARVALHO X ALVORADA (SEMIDIRETO) [IDA],10282.0,
903054,,17,-22.93,-43.674519,2023-07-26 05:18:40,44.1,,volta,17 - CAMPO GRANDE  X SANTA CRUZ (PARADOR) [VOLTA],17676.5,312.0
903021,,42,-22.851718,-43.311536,2023-07-26 05:19:08,45.9,,ida,42 - GALEÃO X MADUREIRA MANANCEIA (PARADOR) [IDA],34631.2,231.0
903056,,17,-22.917849,-43.683237,2023-07-26 05:18:58,0.0,,ida,17 - SANTA CRUZ X CAMPO GRANDE (PARADOR) [IDA],14656.1,164.0
903000,,50,-23.000967,-43.364558,2023-07-26 05:19:02,21.7,,volta,50 - SENTIDO T. OLIMPICO (PARADOR) [VOLTA],31891.1,267.0
903058,,17,-22.915967,-43.684106,2023-07-26 05:19:00,12.8,,ida,17 - SANTA CRUZ X CAMPO GRANDE (PARADOR) [IDA],9173.7,253.0
901072,,52,-22.973261,-43.398544,2023-07-26 05:18:58,20.1,,ida,52 - SENTIDO ALVORADA (PARADOR) [IDA],38632.1,91.0
902045,,31,-22.852598,-43.319167,2023-07-26 05:18:59,46.0,,ida,31 - VICENTE DE CARVALHO X ALVORADA (SEMIDIRETO) [IDA],6828.5,266.0
903007,,50,-22.973203,-43.383185,2023-07-26 05:19:09,18.3,,volta,50 - SENTIDO T. OLIMPICO (PARADOR) [VOLTA],41366.6,269.0
903004,,42,-22.852637,-43.319505,2023-07-26 05:19:10,41.7,,ida,42 - GALEÃO X MADUREIRA MANANCEIA (PARADOR) [IDA],39205.8,265.0
903006,,50,-22.855257,-43.259736,2023-07-26 05:19:00,52.8,,ida,50 - SENTIDO JD. OCEANICO (PARADOR) [IDA],46393.1,144.0
903005,,42,-22.853749,-43.248675,2023-07-26 05:19:01,38.1,,ida,42 - GALEÃO X MADUREIRA MANANCEIA (PARADOR) [IDA],38824.9,242.0
903022,,50,-22.972024,-43.401193,2023-07-26 05:19:03,0.0,,ida,50 - SENTIDO JD. OCEANICO (PARADOR) [IDA],37742.3,181.0
901059,,51,-22.938693,-43.394881,2023-07-26 05:18:55,48.0,,volta,51 - SENTIDO V. MILITAR (PARADOR) [VOLTA],48364.0,350.0
903003,,42,-22.848821,-43.306941,2023-07-26 05:19:06,41.3,,volta,42 - MADUREIRA MANANCEIA X GALEAO (PARADOR) [VOLTA],41713.1,49.0
901020,,22,-23.000707,-43.365281,2023-07-26 05:18:58,0.0,,ida,22 - ALVORADA X J. OCEÂNICO (PARADOR) [IDA],25521.6,
901022,,22,-23.000678,-43.366125,2023-07-26 05:18:55,0.0,,ida,22 - ALVORADA X J. OCEÂNICO (PARADOR) [IDA],18621.7,
901027,,41,-22.861949,-43.40025,2023-07-26 05:18:52,0.0,,volta,41 - TERMINAL RECREIO X PAULO DA PORTELA (EXPRESSO) [VOLTA],25990.3,230.0
901028,,40,-22.959066,-43.385647,2023-07-26 05:19:10,58.3,,ida,40 - PAULO DA PORTELA X ALVORADA (EXPRESSO) [IDA],23785.6,256.0
901030,,40,-22.877879,-43.336377,2023-07-26 05:19:00,0.0,,ida,40 - PAULO DA PORTELA X ALVORADA (EXPRESSO) [IDA],21836.4,50.0
901032,,40,-22.877682,-43.336765,2023-07-26 05:18:58,0.0,,ida,40 - PAULO DA PORTELA X ALVORADA (EXPRESSO) [IDA],25296.2,185.0
901034,,0,-22.902127,-43.355312,2023-07-26 05:19:04,24.6,,,,27522.7,32.0
901036,,52,-22.931306,-43.373193,2023-07-26 05:18:54,36.1,,ida,52 - SENTIDO ALVORADA (PARADOR) [IDA],22811.1,355.0
901041,,22,-22.965725,-43.391308,2023-07-26 05:19:06,0.0,,ida,22 - ALVORADA X J. OCEÂNICO (PARADOR) [IDA],26160.4,
903009,,42,-22.840108,-43.281803,2023-07-26 05:19:07,7.5,,ida,42 - GALEÃO X MADUREIRA MANANCEIA (PARADOR) [IDA],47196.0,309.0
903010,,42,-22.83954,-43.239751,2023-07-26 05:19:03,0.0,,ida,42 - GALEÃO X MADUREIRA MANANCEIA (PARADOR) [IDA],43702.3,
903011,,42,-22.855109,-43.252343,2023-07-26 05:19:00,21.7,,volta,42 - MADUREIRA MANANCEIA X GALEAO (PARADOR) [VOLTA],45342.9,100.0
903012,,42,-22.877726,-43.336555,2023-07-26 05:18:53,0.0,,volta,42 - MADUREIRA MANANCEIA X GALEAO (PARADOR) [VOLTA],47959.5,215.0
903015,,42,-22.839834,-43.239555,2023-07-26 05:18:56,0.0,,ida,42 - GALEÃO X MADUREIRA MANANCEIA (PARADOR) [IDA],47876.8,323.0
903016,,42,-22.828882,-43.235206,2023-07-26 05:19:05,58.2,,ida,42 - GALEÃO X MADUREIRA MANANCEIA (PARADOR) [IDA],42539.1,32.0
903017,,50,-23.000129,-43.351713,2023-07-26 05:19:07,31.2,,ida,50 - SENTIDO JD. OCEANICO (PARADOR) [IDA],44912.7,90.0
903020,,50,-22.984104,-43.365891,2023-07-26 05:19:08,0.0,,ida,50 - SENTIDO JD. OCEANICO (PARADOR) [IDA],43847.2,190.0
903024,,38,-22.876829,-43.329887,2023-07-26 05:19:03,0.0,,ida,38 - FUNDÃO X ALVORADA (PARADOR) [IDA],38022.8,
903025,,50,-23.001201,-43.329334,2023-07-26 05:19:03,3.0,,volta,50 - SENTIDO T. OLIMPICO (PARADOR) [VOLTA],39462.0,222.0
903014,,38,-22.934093,-43.372352,2023-07-26 05:19:11,52.8,,ida,38 - FUNDÃO X ALVORADA (PARADOR) [IDA],51732.6,157.0
901060,,51,-23.004866,-43.435129,2023-07-26 05:18:55,59.3,,volta,51 - SENTIDO V. MILITAR (PARADOR) [VOLTA],24784.7,44.0
903063,,17,-22.920204,-43.608136,2023-07-26 05:19:07,0.0,,ida,17 - SANTA CRUZ X CAMPO GRANDE (PARADOR) [IDA],21497.7,135.0
902118,,31,-22.862954,-43.331789,2023-07-26 05:18:58,36.0,,ida,31 - VICENTE DE CARVALHO X ALVORADA (SEMIDIRETO) [IDA],7643.2,51.0
902117,,31,-22.896186,-43.351002,2023-07-26 05:18:57,41.7,,ida,31 - VICENTE DE CARVALHO X ALVORADA (SEMIDIRETO) [IDA],10248.1,223.0
901044,,40,-22.923874,-43.373989,2023-07-26 05:18:59,25.4,,ida,40 - PAULO DA PORTELA X ALVORADA (EXPRESSO) [IDA],29601.8,175.0
903033,,42,-22.840794,-43.28067,2023-07-26 05:19:06,46.2,,ida,42 - GALEÃO X MADUREIRA MANANCEIA (PARADOR) [IDA],36573.7,304.0
902022,,46,-22.851315,-43.310952,2023-07-26 05:18:56,46.8,,ida,46 - PENHA X ALVORADA (EXPRESSO) [IDA],30786.7,245.0
901093,,22,-22.861524,-43.399503,2023-07-26 05:19:02,0.0,,ida,,27803.1,242.0
902059,,43,-22.928923,-43.37345,2023-07-26 05:19:08,0.0,,volta,43 - SANTA EFIGENIA X FUNDÃO (EXPRESSO) [VOLTA],35714.4,359.0
902056,,46,-22.841549,-43.277134,2023-07-26 05:19:04,0.0,,ida,46 - PENHA X ALVORADA (EXPRESSO) [IDA],34645.4,
901091,,51,-22.94697,-43.393248,2023-07-26 05:19:01,57.5,,ida,51 - SENTIDO RECREIO (PARADOR) [IDA],31131.2,135.0
901096,,51,-22.965102,-43.391672,2023-07-26 05:19:05,7.4,,volta,51 - SENTIDO V. MILITAR (PARADOR) [VOLTA],34298.1,110.0
901086,,53,-22.965697,-43.391568,2023-07-26 05:18:56,12.7,,ida,53 - SENTIDO ALVORADA (EXPRESSO) [IDA],48370.5,181.0
902032,,46,-23.001035,-43.368062,2023-07-26 05:19:04,0.0,,volta,46 - ALVORADA X PENHA (EXPRESSO) [VOLTA],36296.4,277.0
901094,,0,-22.942647,-43.39445,2023-07-26 05:18:55,58.4,,,,32751.6,358.0
902027,,43,-22.944558,-43.372371,2023-07-26 05:19:10,7.6,,volta,43 - SANTA EFIGENIA X FUNDÃO (EXPRESSO) [VOLTA],32881.1,159.0
902028,,46,-22.855986,-43.325289,2023-07-26 05:18:53,42.3,,volta,46 - ALVORADA X PENHA (EXPRESSO) [VOLTA],37598.4,77.0
902029,,46,-22.854282,-43.251883,2023-07-26 05:19:02,0.0,,ida,46 - PENHA X ALVORADA (EXPRESSO) [IDA],35412.3,
902018,,40,-22.898519,-43.352921,2023-07-26 05:19:00,27.5,,ida,40 - PAULO DA PORTELA X ALVORADA (EXPRESSO) [IDA],23642.3,208.0
902046,,46,-22.882335,-43.342002,2023-07-26 05:18:59,0.0,,ida,46 - PENHA X ALVORADA (EXPRESSO) [IDA],33377.1,203.0
12715,,10,-22.917376,-43.683342,2023-07-26 05:19:04,0.0,,ida,10 - SANTA CRUZ X ALVORADA (EXPRESSO) [IDA],42388.0,321.0
902010,,40,-22.965297,-43.3915,2023-07-26 05:19:00,0.0,,ida,40 - PAULO DA PORTELA X ALVORADA (EXPRESSO) [IDA],10957.7,
901089,,0,-22.965185,-43.391687,2023-07-26 05:19:04,0.0,,,,45838.9,155.0
901062,,51,-23.008474,-43.439884,2023-07-26 05:19:03,0.0,,volta,51 - SENTIDO V. MILITAR (PARADOR) [VOLTA],46937.0,74.0
902033,,43,-22.854367,-43.251311,2023-07-26 05:19:08,0.0,,volta,43 - SANTA EFIGENIA X FUNDÃO (EXPRESSO) [VOLTA],33362.1,
902053,,46,-22.854241,-43.251351,2023-07-26 05:18:58,0.0,,ida,46 - PENHA X ALVORADA (EXPRESSO) [IDA],33488.9,
E902000,,41,-22.850474,-43.263902,2023-07-26 05:19:05,39.3,,volta,41 - TERMINAL RECREIO X PAULO DA PORTELA (EXPRESSO) [VOLTA],10385.8,328.0
901067,,52,-22.973327,-43.371206,2023-07-26 05:19:08,59.5,,volta,52 - SENTIDO V. MILITAR (PARADOR) [VOLTA],41772.8,270.0
E902004,,41,-22.854442,-43.251645,2023-07-26 05:19:00,0.0,,volta,41 - TERMINAL RECREIO X PAULO DA PORTELA (EXPRESSO) [VOLTA],13269.1,
12713,,18,-23.000464,-43.389593,2023-07-26 05:19:10,0.5,,ida,18 - RECREIO SHOPPING X JARDIM OCEÂNICO (EXPRESSO) [IDA],35260.5,88.0
902062,,46,-22.841921,-43.275823,2023-07-26 05:19:03,0.0,,ida,46 - PENHA X ALVORADA (EXPRESSO) [IDA],33296.5,55.0
902048,,46,-22.936438,-43.371705,2023-07-26 05:19:02,0.0,,volta,46 - ALVORADA X PENHA (EXPRESSO) [VOLTA],23970.6,17.0
902058,,46,-22.854159,-43.251919,2023-07-26 05:18:54,0.0,,ida,46 - PENHA X ALVORADA (EXPRESSO) [IDA],34575.2,
901068,,51,-22.970222,-43.400163,2023-07-26 05:19:11,0.0,,volta,51 - SENTIDO V. MILITAR (PARADOR) [VOLTA],50827.3,36.0
902003,,41,-22.847255,-43.244384,2023-07-26 05:19:04,38.6,,volta,41 - TERMINAL RECREIO X PAULO DA PORTELA (EXPRESSO) [VOLTA],17398.3,218.0
902102,,35,-22.882121,-43.341926,2023-07-26 05:19:01,0.0,,ida,35 - MADUREIRA X ALVORADA (PARADOR) [IDA],12381.8,191.0
901082,,53,-22.885517,-43.400714,2023-07-26 05:19:02,45.3,,ida,53 - SENTIDO ALVORADA (EXPRESSO) [IDA],47074.9,190.0
902066,,46,-22.854409,-43.251676,2023-07-26 05:18:51,0.0,,ida,46 - PENHA X ALVORADA (EXPRESSO) [IDA],31314.1,
902052,,46,-22.973281,-43.376776,2023-07-26 05:19:02,53.0,,volta,46 - ALVORADA X PENHA (EXPRESSO) [VOLTA],35622.1,269.0
902050,,43,-22.867847,-43.334909,2023-07-26 05:18:56,51.0,,volta,43 - SANTA EFIGENIA X FUNDÃO (EXPRESSO) [VOLTA],31272.3,10.0
902017,,31,-22.963928,-43.390319,2023-07-26 05:18:53,30.6,,ida,31 - VICENTE DE CARVALHO X ALVORADA (SEMIDIRETO) [IDA],23871.3,2.0
902060,,43,-22.839165,-43.24009,2023-07-26 05:15:07,0.0,,ida,43 - FUNDÃO X SANTA EFIGENIA (EXPRESSO) [IDA],30133.0,
902008,,46,-22.904606,-43.356932,2023-07-26 05:18:42,32.8,,ida,46 - PENHA X ALVORADA (EXPRESSO) [IDA],10534.0,27.0
902047,,46,-22.84212,-43.278702,2023-07-26 05:19:06,35.7,,ida,46 - PENHA X ALVORADA (EXPRESSO) [IDA],23966.1,339.0
902051,,46,-22.917287,-43.36319,2023-07-26 05:18:59,40.7,,ida,46 - PENHA X ALVORADA (EXPRESSO) [IDA],33001.0,239.0
902067,,46,-22.973384,-43.371984,2023-07-26 05:18:58,58.2,,ida,46 - PENHA X ALVORADA (EXPRESSO) [IDA],34100.6,91.0
901088,,31,-22.96539,-43.39161,2023-07-26 05:18:55,0.0,,ida,31 - VICENTE DE CARVALHO X ALVORADA (SEMIDIRETO) [IDA],41618.2,153.0
901098,,51,-22.862043,-43.400434,2023-07-26 05:19:01,0.0,,ida,51 - SENTIDO RECREIO (PARADOR) [IDA],27295.2,
901055,,51,-22.877822,-43.402732,2023-07-26 05:18:51,51.1,,ida,51 - SENTIDO RECREIO (PARADOR) [IDA],46661.5,105.0
901076,,52,-22.861813,-43.400024,2023-07-26 05:19:08,0.0,,ida,52 - SENTIDO ALVORADA (PARADOR) [IDA],31275.1,
902054,,46,-22.842077,-43.273391,2023-07-26 05:18:58,46.0,,ida,46 - PENHA X ALVORADA (EXPRESSO) [IDA],35708.1,288.0
901079,,53,-22.973396,-43.370293,2023-07-26 05:19:02,59.3,,ida,53 - SENTIDO ALVORADA (EXPRESSO) [IDA],44064.2,90.0
901070,,52,-22.973419,-43.365358,2023-07-26 05:18:57,0.0,,ida,52 - SENTIDO ALVORADA (PARADOR) [IDA],40495.6,88.0
902080,,46,-22.944604,-43.372286,2023-07-26 05:19:06,53.2,,ida,46 - PENHA X ALVORADA (EXPRESSO) [IDA],34359.2,167.0
901081,,53,-22.915442,-43.399088,2023-07-26 05:18:51,77.1,,ida,53 - SENTIDO ALVORADA (EXPRESSO) [IDA],41805.1,149.0
902065,,43,-22.84166,-43.299225,2023-07-26 05:19:02,54.0,,ida,43 - FUNDÃO X SANTA EFIGENIA (EXPRESSO) [IDA],35367.3,231.0
901069,,52,-23.00139,-43.367009,2023-07-26 05:19:03,19.7,,volta,52 - SENTIDO V. MILITAR (PARADOR) [VOLTA],37744.1,89.0
901074,,52,-22.883732,-43.40039,2023-07-26 05:18:59,60.4,,ida,52 - SENTIDO ALVORADA (PARADOR) [IDA],39517.8,190.0
902030,,31,-22.923235,-43.37402,2023-07-26 05:18:45,34.4,,ida,31 - VICENTE DE CARVALHO X ALVORADA (SEMIDIRETO) [IDA],11304.8,195.0
902071,,46,-23.001284,-43.364835,2023-07-26 05:19:01,0.0,,volta,46 - ALVORADA X PENHA (EXPRESSO) [VOLTA],35939.1,87.0
902072,,43,-22.846241,-43.239923,2023-07-26 05:19:04,44.2,,volta,43 - SANTA EFIGENIA X FUNDÃO (EXPRESSO) [VOLTA],32689.6,52.0
902101,,31,-22.876636,-43.330451,2023-07-26 05:19:10,12.5,,ida,31 - VICENTE DE CARVALHO X ALVORADA (SEMIDIRETO) [IDA],10054.7,144.0
902064,,41,-22.878579,-43.336314,2023-07-26 05:19:04,0.0,,ida,41 - PAULO DA PORTELA X TERMINAL RECREIO (EXPRESSO) [IDA],0.0,
902070,,46,-23.001025,-43.36758,2023-07-26 05:18:55,0.0,,volta,46 - ALVORADA X PENHA (EXPRESSO) [VOLTA],36299.4,269.0
901083,,53,-22.884774,-43.39961,2023-07-26 05:19:01,11.2,,ida,53 - SENTIDO ALVORADA (EXPRESSO) [IDA],49425.4,8.0
901087,,53,-22.972999,-43.398253,2023-07-26 05:18:59,12.3,,ida,53 - SENTIDO ALVORADA (EXPRESSO) [IDA],47527.8,270.0
902085,,46,-22.851704,-43.263011,2023-07-26 05:18:59,57.3,,ida,46 - PENHA X ALVORADA (EXPRESSO) [IDA],34052.8,325.0
E902001,,41,-22.84458,-43.30131,2023-07-26 05:19:06,0.0,,volta,41 - TERMINAL RECREIO X PAULO DA PORTELA (EXPRESSO) [VOLTA],20876.4,210.0
E902006,,40,-22.877577,-43.33665,2023-07-26 05:18:55,0.0,,ida,40 - PAULO DA PORTELA X ALVORADA (EXPRESSO) [IDA],19305.4,
E902011,,40,-22.878575,-43.336287,2023-07-26 05:18:55,0.0,,ida,40 - PAULO DA PORTELA X ALVORADA (EXPRESSO) [IDA],8602.8,
902002,,41,-22.879172,-43.336524,2023-07-26 05:19:08,0.0,,volta,41 - TERMINAL RECREIO X PAULO DA PORTELA (EXPRESSO) [VOLTA],19836.4,
901095,,51,-22.973002,-43.398265,2023-07-26 05:19:06,23.8,,volta,51 - SENTIDO V. MILITAR (PARADOR) [VOLTA],35038.3,268.0
902069,,41,-22.958592,-43.383561,2023-07-26 05:19:05,58.9,,ida,41 - PAULO DA PORTELA X TERMINAL RECREIO (EXPRESSO) [IDA],32590.8,256.0
902094,,35,-22.878774,-43.33636,2023-07-26 05:18:55,0.0,,volta,35 - ALVORADA  X  MADUREIRA (PARADOR) [VOLTA],9094.2,4.0
902081,,31,-22.876344,-43.329943,2023-07-26 05:19:10,0.0,,ida,31 - VICENTE DE CARVALHO X ALVORADA (SEMIDIRETO) [IDA],11487.0,
902075,,31,-22.856464,-43.327814,2023-07-26 05:19:00,0.0,,ida,31 - VICENTE DE CARVALHO X ALVORADA (SEMIDIRETO) [IDA],14099.0,77.0
902082,,35,-22.97321,-43.385414,2023-07-26 05:19:02,28.8,,ida,35 - MADUREIRA X ALVORADA (PARADOR) [IDA],10874.9,94.0
903062,,17,-22.913281,-43.595673,2023-07-26 05:18:58,0.0,,ida,17 - SANTA CRUZ X CAMPO GRANDE (PARADOR) [IDA],20193.4,37.0
902089,,35,-23.000913,-43.367243,2023-07-26 05:18:56,0.0,,volta,35 - ALVORADA  X  MADUREIRA (PARADOR) [VOLTA],9774.7,
903041,,50,-22.878951,-43.340866,2023-07-26 05:19:10,2.1,,ida,50 - SENTIDO JD. OCEANICO (PARADOR) [IDA],27435.5,259.0
903051,,50,-22.972289,-43.401085,2023-07-26 05:19:05,4.2,,ida,50 - SENTIDO JD. OCEANICO (PARADOR) [IDA],31059.3,237.0
902055,,46,-22.865105,-43.334119,2023-07-26 05:18:57,28.6,,ida,46 - PENHA X ALVORADA (EXPRESSO) [IDA],22.3,212.0
903044,,42,-22.839956,-43.239376,2023-07-26 05:18:55,0.0,,ida,42 - GALEÃO X MADUREIRA MANANCEIA (PARADOR) [IDA],29209.2,143.0
903036,,17,-22.910137,-43.582495,2023-07-26 05:18:57,48.0,,ida,17 - SANTA CRUZ X CAMPO GRANDE (PARADOR) [IDA],156823.2,66.0
902043,,46,-22.87739,-43.337133,2023-07-26 05:19:07,22.6,,ida,46 - PENHA X ALVORADA (EXPRESSO) [IDA],29100.7,328.0
902036,,41,-22.921147,-43.37002,2023-07-26 05:18:54,42.2,,ida,41 - PAULO DA PORTELA X TERMINAL RECREIO (EXPRESSO) [IDA],32324.7,239.0
903039,,17,-22.910254,-43.582786,2023-07-26 05:19:06,16.7,,ida,17 - SANTA CRUZ X CAMPO GRANDE (PARADOR) [IDA],18373.1,64.0
903047,,42,-22.851007,-43.310062,2023-07-26 05:19:05,12.6,,ida,42 - GALEÃO X MADUREIRA MANANCEIA (PARADOR) [IDA],23087.8,68.0
902074,,31,-22.852506,-43.312633,2023-07-26 05:18:59,0.0,,ida,31 - VICENTE DE CARVALHO X ALVORADA (SEMIDIRETO) [IDA],9772.0,
903040,,17,-22.913449,-43.595924,2023-07-26 05:18:56,0.0,,volta,17 - CAMPO GRANDE  X SANTA CRUZ (PARADOR) [VOLTA],18468.2,243.0
902044,,43,-22.874099,-43.335564,2023-07-26 05:19:09,31.8,,ida,43 - FUNDÃO X SANTA EFIGENIA (EXPRESSO) [IDA],31235.8,149.0
902038,,46,-22.854463,-43.250985,2023-07-26 05:18:57,0.0,,ida,46 - PENHA X ALVORADA (EXPRESSO) [IDA],7575.2,76.0
903064,,50,-22.963977,-43.394228,2023-07-26 05:19:10,0.0,,ida,50 - SENTIDO JD. OCEANICO (PARADOR) [IDA],22138.0,38.0
903069,,17,-22.918085,-43.683114,2023-07-26 05:18:57,0.0,,ida,17 - SANTA CRUZ X CAMPO GRANDE (PARADOR) [IDA],22413.1,47.0
902042,,46,-22.915419,-43.361224,2023-07-26 05:19:05,33.0,,volta,46 - ALVORADA X PENHA (EXPRESSO) [VOLTA],31927.9,29.0
902040,,46,-22.872677,-43.336302,2023-07-26 05:18:51,17.7,,volta,46 - ALVORADA X PENHA (EXPRESSO) [VOLTA],34117.6,356.0
903038,,17,-22.923624,-43.648626,2023-07-26 05:18:57,56.9,,volta,17 - CAMPO GRANDE  X SANTA CRUZ (PARADOR) [VOLTA],26546.9,224.0
12732,,18,-23.019238,-43.505557,2023-07-26 05:16:02,0.0,,ida,18 - RECREIO SHOPPING X JARDIM OCEÂNICO (EXPRESSO) [IDA],25699.1,
903067,,17,-22.920183,-43.607647,2023-07-26 05:19:00,0.0,,ida,17 - SANTA CRUZ X CAMPO GRANDE (PARADOR) [IDA],23576.8,159.0
902076,,46,-22.85482,-43.252054,2023-07-26 05:18:54,0.0,,ida,46 - PENHA X ALVORADA (EXPRESSO) [IDA],27510.5,
902083,,31,-22.876358,-43.330275,2023-07-26 05:19:03,0.0,,ida,31 - VICENTE DE CARVALHO X ALVORADA (SEMIDIRETO) [IDA],5228.3,
902096,,35,-22.994365,-43.365858,2023-07-26 05:18:53,0.0,,volta,35 - ALVORADA  X  MADUREIRA (PARADOR) [VOLTA],14223.2,357.0
902100,,35,-22.878522,-43.336347,2023-07-26 05:19:08,0.0,,ida,35 - MADUREIRA X ALVORADA (PARADOR) [IDA],13435.3,
903059,,17,-22.91862,-43.682663,2023-07-26 05:19:04,0.0,,ida,17 - SANTA CRUZ X CAMPO GRANDE (PARADOR) [IDA],18750.4,326.0
902079,,46,-22.841977,-43.277667,2023-07-26 05:19:00,0.0,,ida,46 - PENHA X ALVORADA (EXPRESSO) [IDA],30822.2,215.0
903066,,17,-22.93481,-43.665496,2023-07-26 05:19:03,32.8,,ida,17 - SANTA CRUZ X CAMPO GRANDE (PARADOR) [IDA],24878.6,35.0
902099,,35,-22.916113,-43.36171,2023-07-26 05:19:01,0.0,,ida,35 - MADUREIRA X ALVORADA (PARADOR) [IDA],11546.6,196.0
902091,,35,-22.98567,-43.365836,2023-07-26 05:19:02,45.3,,ida,35 - MADUREIRA X ALVORADA (PARADOR) [IDA],14056.1,181.0
901099,,51,-22.972716,-43.402713,2023-07-26 05:19:08,51.5,,ida,51 - SENTIDO RECREIO (PARADOR) [IDA],29492.5,237.0
903046,,42,-22.865603,-43.33427,2023-07-26 05:19:10,0.0,,volta,42 - MADUREIRA MANANCEIA X GALEAO (PARADOR) [VOLTA],29787.7,22.0
903070,,17,-22.910437,-43.583186,2023-07-26 05:19:00,29.1,,ida,17 - SANTA CRUZ X CAMPO GRANDE (PARADOR) [IDA],9259.2,61.0
44706,LRG8855,20,-22.91691,-43.683533,2023-07-26 05:18:56,0.0,,ida,20 - SANTA CRUZ X SALVADOR ALLENDE (EXPRESSO) [IDA],21875.4,
903065,,17,-22.91607,-43.610347,2023-07-26 05:19:01,42.8,,volta,17 - CAMPO GRANDE  X SANTA CRUZ (PARADOR) [VOLTA],16967.1,267.0
901008,,22,-23.001029,-43.330346,2023-07-26 05:20:11,24.0,,ida,22 - ALVORADA X J. OCEÂNICO (PARADOR) [IDA],22787.3,100.0
901011,RIV8A74,22,-23.000813,-43.365832,2023-07-26 05:20:09,0.0,,ida,22 - ALVORADA X J. OCEÂNICO (PARADOR) [IDA],23500.2,242.0
901007,,22,-23.006809,-43.312352,2023-07-26 05:20:08,0.0,,volta,22 - J. OCEÂNICO X ALVORADA (PARADOR) [VOLTA],21824.1,102.0
901009,,22,-23.000205,-43.349985,2023-07-26 05:19:57,46.0,,ida,22 - ALVORADA X J. OCEÂNICO (PARADOR) [IDA],20867.2,89.0
901013,,22,-23.000617,-43.364758,2023-07-26 04:20:37,0.0,,ida,22 - ALVORADA X J. OCEÂNICO (PARADOR) [IDA],31606.2,
901010,RJM8G30,22,-23.000862,-43.366164,2023-07-26 05:20:06,0.9,,ida,22 - ALVORADA X J. OCEÂNICO (PARADOR) [IDA],22869.6,266.0
901017,,22,-23.000697,-43.365447,2023-07-26 05:20:05,0.0,,ida,22 - ALVORADA X J. OCEÂNICO (PARADOR) [IDA],25122.4,88.0
901006,RJA9F56,22,-23.006399,-43.312934,2023-07-26 05:20:03,0.0,,volta,22 - J. OCEÂNICO X ALVORADA (PARADOR) [VOLTA],19383.9,271.0
901005,RJB8E53,22,-23.002444,-43.325903,2023-07-26 05:19:55,47.0,,volta,22 - J. OCEÂNICO X ALVORADA (PARADOR) [VOLTA],21644.8,293.0
901004,RJQ8J80,22,-23.00007,-43.35274,2023-07-26 05:20:03,13.5,,volta,22 - J. OCEÂNICO X ALVORADA (PARADOR) [VOLTA],21436.8,269.0
30504,,25,-23.015527,-43.471381,2023-07-26 05:20:06,36.0,,volta,25 - ALVORADA X MATO ALTO (PARADOR) [VOLTA],53637.0,249.0
30538,KXE7719,20,-22.940492,-43.664949,2023-07-26 05:20:09,49.4,,volta,20 - SALVADOR ALLENDE X SANTA CRUZ (EXPRESSO) [VOLTA],55903.2,302.0
50309,KPN6B05,13,-23.000763,-43.366145,2023-07-26 05:20:08,0.0,,volta,13 - ALVORADA X  MATO ALTO (EXPRESSO) [VOLTA],20092.5,
30532,KYL8599,13,-23.00551,-43.431388,2023-07-26 05:19:55,23.7,,ida,13 - MATO ALTO X ALVORADA (EXPRESSO) [IDA],41770.5,72.0
13423,LSI5976,25,-22.995047,-43.594998,2023-07-26 05:20:11,48.7,,volta,25 - ALVORADA X MATO ALTO (PARADOR) [VOLTA],41125.8,307.0
90002,LMB2D92,19,-22.966169,-43.645137,2023-07-26 05:19:55,0.0,,ida,19 - PINGO D'AGUA X SALVADOR ALLENDE (EXPRESSO) [IDA],55845.3,
47030,LSQ5263,20,-23.01489,-43.468214,2023-07-26 05:20:09,59.2,,ida,20 - SANTA CRUZ X SALVADOR ALLENDE (EXPRESSO) [IDA],53791.6,75.0
30519,LRE9804,11,-22.920074,-43.608092,2023-07-26 05:20:01,0.0,,ida,11 - SANTA CRUZ X ALVORADA (PARADOR) [IDA],51494.8,
13424,KRL4069,11,-22.920492,-43.607167,2023-07-26 04:19:37,0.0,,ida,11 - SANTA CRUZ X ALVORADA (PARADOR),2304.7,
90005,KWK6A89,20,-22.917743,-43.683338,2023-07-26 05:19:54,7.6,,ida,20 - SANTA CRUZ X SALVADOR ALLENDE (EXPRESSO) [IDA],49835.6,341.0
86875,KQB4103,12,-22.931716,-43.657266,2023-07-26 05:20:08,8.6,,ida,12 - PINGO D'AGUA X ALVORADA (EXPRESSO) [IDA],13018.5,230.0
30518,KYL8597,25,-23.000376,-43.383434,2023-07-26 05:20:04,6.3,,volta,25 - ALVORADA X MATO ALTO (PARADOR) [VOLTA],37113.1,264.0
902090,,35,-22.9554,-43.377541,2023-07-26 05:20:10,16.5,,ida,35 - MADUREIRA X ALVORADA (PARADOR) [IDA],15085.5,227.0
47029,LSQ5267,20,-22.916727,-43.683529,2023-07-26 05:19:58,0.8,,ida,20 - SANTA CRUZ X SALVADOR ALLENDE (EXPRESSO) [IDA],56965.1,60.0
47012,KPZ8364,20,-22.942969,-43.661818,2023-07-26 05:17:39,39.9,,ida,20 - SANTA CRUZ X SALVADOR ALLENDE (EXPRESSO) [IDA],54994.9,139.0
86885,LTB5540,14,-22.916761,-43.632908,2023-07-26 05:20:08,0.0,,ida,14 - SANTA EUGÊNIA X SALVADOR ALLENDE (EXPRESSO) [IDA],514717.5,248.0
13425,KRL4070,20,-22.951208,-43.650259,2023-07-26 05:17:47,33.8,,volta,20 - SALVADOR ALLENDE X SANTA CRUZ (EXPRESSO) [VOLTA],1201.6,317.0
12738,KRR2404,25,-22.992769,-43.598175,2023-07-26 05:20:03,0.0,,ida,25 - MATO ALTO X ALVORADA (PARADOR) [IDA],37392.6,
86886,LTB5541,14,-22.964382,-43.647809,2023-07-26 05:20:07,8.7,,ida,14 - SANTA EUGÊNIA X SALVADOR ALLENDE (EXPRESSO) [IDA],13095.3,179.0
13428,KXE7712,11,-22.919952,-43.607513,2023-07-26 05:20:04,0.0,,ida,11 - SANTA CRUZ X ALVORADA (PARADOR) [IDA],57799.4,90.0
47006,KWZ8630,18,-23.019107,-43.505104,2023-07-26 05:20:04,0.0,,ida,18 - RECREIO SHOPPING X JARDIM OCEÂNICO (EXPRESSO) [IDA],50888.5,
47007,LSP6018,18,-22.920715,-43.607733,2023-07-26 05:20:01,0.1,,ida,18 - RECREIO SHOPPING X JARDIM OCEÂNICO (EXPRESSO) [IDA],42179.7,158.0
13413,KWI9711,25,-22.993959,-43.597239,2023-07-26 05:18:49,0.0,,ida,25 - MATO ALTO X ALVORADA (PARADOR) [IDA],43512.3,132.0
90001,KPZ5E15,19,-22.996798,-43.593428,2023-07-26 05:19:45,58.0,,ida,19 - PINGO D'AGUA X SALVADOR ALLENDE (EXPRESSO) [IDA],44139.6,126.0
901057,,52,-22.886198,-43.4007,2023-07-26 05:19:55,2.5,,volta,52 - SENTIDO V. MILITAR (PARADOR) [VOLTA],51073.8,9.0
901003,RKM8C54,22,-23.000759,-43.366393,2023-07-26 05:20:07,0.0,,ida,22 - ALVORADA X J. OCEÂNICO (PARADOR) [IDA],22832.8,44.0
86874,KQB4102,20,-22.918837,-43.60749,2023-07-26 05:19:34,0.0,,ida,20 - SANTA CRUZ X SALVADOR ALLENDE (EXPRESSO) [IDA],512858.5,98.0
86879,LTN5696,13,-22.99309,-43.597893,2023-07-26 05:20:08,0.0,,ida,13 - MATO ALTO X ALVORADA (EXPRESSO) [IDA],1813.0,
47009,KPZ8430,20,-22.920256,-43.60807,2023-07-26 05:20:04,0.0,,ida,20 - SANTA CRUZ X SALVADOR ALLENDE (EXPRESSO) [IDA],54120.8,121.0
47014,KZI4452,19,-22.91734,-43.606992,2023-07-26 05:19:53,0.0,,ida,19 - PINGO D'AGUA X SALVADOR ALLENDE (EXPRESSO) [IDA],38000.1,
30537,KXE7720,12,-22.940089,-43.665835,2023-07-26 05:20:08,42.0,,ida,12 - PINGO D'AGUA X ALVORADA (EXPRESSO) [IDA],51512.7,139.0
50301,KPP5B70,25,-23.019752,-43.488141,2023-07-26 05:20:05,13.3,,volta,25 - ALVORADA X MATO ALTO (PARADOR) [VOLTA],3954.8,253.0
47018,LRS2843,0,-22.917653,-43.607174,2023-07-26 05:20:07,0.0,,,,32975.1,
44713,KPZ3559,20,-22.920658,-43.607882,2023-07-26 05:19:49,0.0,,ida,20 - SANTA CRUZ X SALVADOR ALLENDE (EXPRESSO) [IDA],29573.1,
13401,KQO7822,19,-23.005602,-43.432712,2023-07-26 05:19:56,23.6,,ida,19 - PINGO D'AGUA X SALVADOR ALLENDE (EXPRESSO) [IDA],53650.3,253.0
13421,KWO8119,10,-22.920238,-43.608202,2023-07-26 05:19:57,0.0,,ida,10 - SANTA CRUZ X ALVORADA (EXPRESSO) [IDA],14957.8,
27174,KQP5437,13,-23.015806,-43.519763,2023-07-26 05:19:19,38.8,,ida,13 - MATO ALTO X ALVORADA (EXPRESSO) [IDA],18881.8,98.0
47026,KYA7928,10,-22.920584,-43.608013,2023-07-26 05:19:51,0.0,,ida,10 - SANTA CRUZ X ALVORADA (EXPRESSO) [IDA],32900.199,
86889,KRQ6878,10,-23.000893,-43.367123,2023-07-26 05:19:57,0.0,,volta,10 - ALVORADA X SANTA CRUZ (EXPRESSO) [VOLTA],514962.4,
12724,LMJ1118,18,-23.012272,-43.457987,2023-07-26 05:19:58,12.1,,ida,18 - RECREIO SHOPPING X JARDIM OCEÂNICO (EXPRESSO) [IDA],9648.0,77.0
27209,LSL9B07,25,-23.01644,-43.515979,2023-07-26 05:19:52,50.9,,ida,25 - MATO ALTO X ALVORADA (PARADOR) [IDA],10083.6,106.0
30511,KPV2250,13,-23.020864,-43.495562,2023-07-26 05:19:52,61.8,,volta,13 - ALVORADA X  MATO ALTO (EXPRESSO) [VOLTA],49450.0,269.0
13427,KXE7711,0,-22.920648,-43.608212,2023-07-26 05:20:08,0.0,,,,51855.6,
12725,LMJ1327,25,-22.992338,-43.598225,2023-07-26 05:20:09,28.3,,ida,25 - MATO ALTO X ALVORADA (PARADOR) [IDA],39261.1,318.0
13404,KQO7823,20,-23.005848,-43.432623,2023-07-26 05:20:04,57.1,,volta,20 - SALVADOR ALLENDE X SANTA CRUZ (EXPRESSO) [VOLTA],56108.7,75.0
47022,KRM7701,10,-22.993685,-43.596696,2023-07-26 05:20:10,32.0,,volta,10 - ALVORADA X SANTA CRUZ (EXPRESSO) [VOLTA],12957.6,312.0
13422,LSI5978,20,-23.010337,-43.538398,2023-07-26 05:19:51,58.8,,ida,20 - SANTA CRUZ X SALVADOR ALLENDE (EXPRESSO) [IDA],40392.8,108.0
12730,LSO8993,19,-22.997596,-43.590445,2023-07-26 05:20:07,60.6,,volta,19 - SALVADOR ALLENDE X PINGO D'AGUA (EXPRESSO) [VOLTA],9265.1,285.0
86872,LSH7386,13,-23.003133,-43.567975,2023-07-26 05:20:10,59.3,,ida,13 - MATO ALTO X ALVORADA (EXPRESSO) [IDA],22419.9,105.0
12714,KXC7431,0,-22.919476,-43.607739,2023-07-26 04:21:29,0.0,,,,39737.7,
47017,LRS2841,20,-22.974688,-43.612628,2023-07-26 05:20:03,59.0,,ida,20 - SANTA CRUZ X SALVADOR ALLENDE (EXPRESSO) [IDA],47906.4,161.0
86859,KWJ9250,19,-23.011153,-43.45365,2023-07-26 05:19:51,0.0,,ida,19 - PINGO D'AGUA X SALVADOR ALLENDE (EXPRESSO) [IDA],18703.1,77.0
30509,KYM4574,13,-23.000932,-43.366775,2023-07-26 05:19:55,0.0,,volta,13 - ALVORADA X  MATO ALTO (EXPRESSO) [VOLTA],53044.3,
12710,KRO9724,13,-22.992666,-43.598372,2023-07-26 05:19:57,0.0,,ida,13 - MATO ALTO X ALVORADA (EXPRESSO) [IDA],38381.0,
12720,KXD9430,20,-23.013567,-43.463982,2023-07-26 05:19:58,42.7,,volta,20 - SALVADOR ALLENDE X SANTA CRUZ (EXPRESSO) [VOLTA],21771.8,255.0
12712,LSN8501,19,-22.920772,-43.607949,2023-07-26 05:19:52,0.0,,ida,19 - PINGO D'AGUA X SALVADOR ALLENDE (EXPRESSO) [IDA],31093.7,
13407,KPY9732,18,-23.019157,-43.505828,2023-07-26 05:19:51,0.0,,ida,18 - RECREIO SHOPPING X JARDIM OCEÂNICO (EXPRESSO) [IDA],45435.9,
30514,KYL8595,11,-22.920125,-43.607853,2023-07-26 05:20:07,0.0,,ida,11 - SANTA CRUZ X ALVORADA (PARADOR) [IDA],38408.7,
47010,KPZ8363,25,-23.00001,-43.406506,2023-07-26 05:19:53,0.0,,ida,25 - MATO ALTO X ALVORADA (PARADOR) [IDA],42592.3,92.0
12734,LSP8673,11,-22.920886,-43.608049,2023-07-26 05:20:08,0.0,,ida,11 - SANTA CRUZ X ALVORADA (PARADOR) [IDA],16895.0,
90006,LRH6D12,20,-22.91843,-43.682788,2023-07-26 05:19:54,0.0,,ida,20 - SANTA CRUZ X SALVADOR ALLENDE (EXPRESSO) [IDA],29710.8,323.0
30531,LRC6592,19,-22.96581,-43.645933,2023-07-26 05:20:03,0.0,,ida,19 - PINGO D'AGUA X SALVADOR ALLENDE (EXPRESSO) [IDA],40608.2,286.0
30524,LRC6601,25,-23.012129,-43.457461,2023-07-26 05:20:01,25.6,,ida,25 - MATO ALTO X ALVORADA (PARADOR) [IDA],29236.9,74.0
13415,KQK7905,25,-23.000724,-43.366312,2023-07-26 05:19:53,0.0,,volta,25 - ALVORADA X MATO ALTO (PARADOR) [VOLTA],45135.0,87.0
901002,,22,-23.000983,-43.364618,2023-07-26 05:19:58,0.0,,ida,22 - ALVORADA X J. OCEÂNICO (PARADOR) [IDA],17407.4,253.0
B13,KYM5979,14,-22.931729,-43.657261,2023-07-26 05:20:04,19.2,,volta,14 - SALVADOR ALLENDE x SANTA EUGÊNIA (EXPRESSO) [VOLTA],1184.3,51.0
B16,LSI3468,14,-22.96125,-43.648405,2023-07-26 05:20:09,0.0,,ida,14 - SANTA EUGÊNIA X SALVADOR ALLENDE (EXPRESSO) [IDA],1124.0,
B17,KWY8231,14,-22.961302,-43.648404,2023-07-26 05:20:00,0.0,,ida,14 - SANTA EUGÊNIA X SALVADOR ALLENDE (EXPRESSO) [IDA],1235.7,
B20,LMH6141,14,-23.008181,-43.442057,2023-07-26 05:20:04,0.0,,volta,14 - SALVADOR ALLENDE x SANTA EUGÊNIA (EXPRESSO) [VOLTA],1170.8,84.0
B19,KZJ7238,14,-22.916566666666668,-43.631663333333336,2023-07-26 05:19:55,0.0,,ida,14 - SANTA EUGÊNIA X SALVADOR ALLENDE (EXPRESSO) [IDA],104993.2,225.0
B14,KRK9519,14,-22.967723,-43.639084,2023-07-26 05:19:58,59.8,,volta,14 - SALVADOR ALLENDE x SANTA EUGÊNIA (EXPRESSO) [VOLTA],1191.1,287.0
B11,KRK9516,14,-22.931829,-43.657357,2023-07-26 05:19:59,0.2,,ida,14 - SANTA EUGÊNIA X SALVADOR ALLENDE (EXPRESSO) [IDA],1223.3,202.0
B12,LMH5981,14,-22.918339,-43.639202,2023-07-26 05:19:59,0.0,,ida,14 - SANTA EUGÊNIA X SALVADOR ALLENDE (EXPRESSO) [IDA],1151.3,248.0
B24,LSO7028,14,-23.011286,-43.533504,2023-07-26 05:19:19,52.9,,ida,14 - SANTA EUGÊNIA X SALVADOR ALLENDE (EXPRESSO) [IDA],1204.7,94.0
B25,,14,-22.992111,-43.598979,2023-07-26 05:19:53,47.3,,ida,14 - SANTA EUGÊNIA X SALVADOR ALLENDE (EXPRESSO) [IDA],1117.2,131.0
B28,KQP5E29,14,-22.916473,-43.631082,2023-07-26 05:19:57,0.0,,ida,14 - SANTA EUGÊNIA X SALVADOR ALLENDE (EXPRESSO) [IDA],1141.7,258.0
B40,,14,-22.916533,-43.631345,2023-07-26 05:20:01,0.0,,ida,14 - SANTA EUGÊNIA X SALVADOR ALLENDE (EXPRESSO) [IDA],749.6,253.0
B41,,14,-22.916632,-43.631933,2023-07-26 05:19:55,0.0,,ida,14 - SANTA EUGÊNIA X SALVADOR ALLENDE (EXPRESSO) [IDA],1178.2,77.0
901001,RJD7J89,22,-23.000977,-43.364872,2023-07-26 05:11:16,0.0,,ida,22 - ALVORADA X J. OCEÂNICO (PARADOR) [IDA],17343.0,269.0
B47,,14,-22.954799,-43.64953,2023-07-26 05:20:07,54.4,,ida,14 - SANTA EUGÊNIA X SALVADOR ALLENDE (EXPRESSO) [IDA],1185.6,183.0
B048,,14,-22.91651,-43.631463,2023-07-26 05:20:09,0.0,,ida,14 - SANTA EUGÊNIA X SALVADOR ALLENDE (EXPRESSO) [IDA],1167.9,258.0
B49,,14,-22.984482,-43.608202,2023-07-26 05:19:53,58.5,,ida,14 - SANTA EUGÊNIA X SALVADOR ALLENDE (EXPRESSO) [IDA],1148.2,134.0
B54,,14,-22.961342,-43.648519,2023-07-26 05:19:54,0.0,,ida,14 - SANTA EUGÊNIA X SALVADOR ALLENDE (EXPRESSO) [IDA],1176.6,
B55,,14,-23.013325,-43.462903,2023-07-26 05:19:58,38.0,,volta,14 - SALVADOR ALLENDE x SANTA EUGÊNIA (EXPRESSO) [VOLTA],1158.7,255.0
B53,,14,-22.936544,-43.666912,2023-07-26 05:20:08,7.4,,ida,14 - SANTA EUGÊNIA X SALVADOR ALLENDE (EXPRESSO) [IDA],1200.2,156.0
B51,,14,-23.01524,-43.522722,2023-07-26 05:18:16,44.5,,volta,14 - SALVADOR ALLENDE x SANTA EUGÊNIA (EXPRESSO) [VOLTA],1237.7,283.0
901077,,52,-22.863582,-43.403586,2023-07-26 05:19:56,44.0,,ida,52 - SENTIDO ALVORADA (PARADOR) [IDA],26522.1,64.0
902119,,35,-22.906002,-43.357547,2023-07-26 05:19:41,55.0,,volta,35 - ALVORADA  X  MADUREIRA (PARADOR) [VOLTA],7693.6,17.0
901058,,51,-22.885695,-43.400605,2023-07-26 05:20:05,24.9,,volta,51 - SENTIDO V. MILITAR (PARADOR) [VOLTA],44202.3,15.0
901071,,22,-22.965715,-43.391364,2023-07-26 05:19:56,0.0,,ida,22 - ALVORADA X J. OCEÂNICO (PARADOR) [IDA],43438.0,
903027,,50,-22.973233,-43.393616,2023-07-26 05:19:58,6.8,,ida,50 - SENTIDO JD. OCEANICO (PARADOR) [IDA],49615.1,72.0
901066,,52,-22.94401,-43.394312,2023-07-26 05:20:00,59.8,,volta,52 - SENTIDO V. MILITAR (PARADOR) [VOLTA],50015.2,354.0
903026,,50,-23.006606,-43.312629,2023-07-26 05:20:04,4.7,,volta,50 - SENTIDO T. OLIMPICO (PARADOR) [VOLTA],48961.6,257.0
903029,,50,-22.972456,-43.401054,2023-07-26 05:20:01,0.0,,ida,50 - SENTIDO JD. OCEANICO (PARADOR) [IDA],33512.4,179.0
902116,,35,-23.001413,-43.367053,2023-07-26 05:20:03,0.0,,volta,35 - ALVORADA  X  MADUREIRA (PARADOR) [VOLTA],11179.5,87.0
902115,,35,-22.970963,-43.388462,2023-07-26 05:19:34,15.2,,volta,35 - ALVORADA  X  MADUREIRA (PARADOR) [VOLTA],14868.0,307.0
901061,,51,-22.856772,-43.390132,2023-07-26 05:19:58,52.4,,ida,51 - SENTIDO RECREIO (PARADOR) [IDA],43313.6,51.0
903030,,50,-22.972193,-43.401187,2023-07-26 05:20:07,0.0,,ida,50 - SENTIDO JD. OCEANICO (PARADOR) [IDA],40967.7,178.0
901064,,22,-22.964623,-43.391746,2023-07-26 05:19:59,0.0,,ida,22 - ALVORADA X J. OCEÂNICO (PARADOR) [IDA],48930.5,
901073,,51,-22.939584,-43.394879,2023-07-26 05:19:59,62.5,,ida,51 - SENTIDO RECREIO (PARADOR) [IDA],41860.2,174.0
901048,,51,-23.000492,-43.430331,2023-07-26 05:19:53,0.0,,ida,51 - SENTIDO RECREIO (PARADOR) [IDA],26348.6,229.0
901065,,52,-22.863076,-43.402546,2023-07-26 05:20:08,51.5,,ida,52 - SENTIDO ALVORADA (PARADOR) [IDA],35398.4,243.0
903031,,38,-22.88775,-43.345414,2023-07-26 05:19:55,45.5,,ida,38 - FUNDÃO X ALVORADA (PARADOR) [IDA],40606.0,219.0
903032,,42,-22.84061,-43.281053,2023-07-26 05:20:10,50.4,,volta,42 - MADUREIRA MANANCEIA X GALEAO (PARADOR) [VOLTA],42714.7,124.0
901075,,0,-22.864397,-43.405538,2023-07-26 05:19:57,52.2,,,,49006.5,248.0
903055,,17,-22.917165,-43.683426,2023-07-26 05:20:01,10.3,,ida,17 - SANTA CRUZ X CAMPO GRANDE (PARADOR) [IDA],18909.6,348.0
903037,,17,-22.916788,-43.632499,2023-07-26 05:20:08,13.9,,ida,17 - SANTA CRUZ X CAMPO GRANDE (PARADOR) [IDA],20710.3,78.0
903002,,42,-22.877356,-43.336059,2023-07-26 05:19:55,0.0,,volta,42 - MADUREIRA MANANCEIA X GALEAO (PARADOR) [VOLTA],6973.5,26.0
901080,,53,-22.972744,-43.401069,2023-07-26 05:20:09,32.8,,ida,53 - SENTIDO ALVORADA (EXPRESSO) [IDA],31285.7,120.0
902110,,35,-22.948462,-43.372434,2023-07-26 05:20:10,29.7,,volta,35 - ALVORADA  X  MADUREIRA (PARADOR) [VOLTA],8839.2,18.0
902114,,35,-22.878509,-43.336308,2023-07-26 05:20:04,0.0,,ida,35 - MADUREIRA X ALVORADA (PARADOR) [IDA],8978.3,
902078,,31,-22.876851,-43.329807,2023-07-26 05:19:55,0.0,,ida,31 - VICENTE DE CARVALHO X ALVORADA (SEMIDIRETO) [IDA],10282.0,
903054,,17,-22.927367,-43.677748,2023-07-26 05:20:00,0.1,,volta,17 - CAMPO GRANDE  X SANTA CRUZ (PARADOR) [VOLTA],17676.9,313.0
903021,,42,-22.853203,-43.313997,2023-07-26 05:20:10,33.6,,ida,42 - GALEÃO X MADUREIRA MANANCEIA (PARADOR) [IDA],34631.5,287.0
903056,,17,-22.917853,-43.683257,2023-07-26 05:19:58,0.0,,ida,17 - SANTA CRUZ X CAMPO GRANDE (PARADOR) [IDA],14656.1,164.0
903000,,50,-23.000527,-43.36871,2023-07-26 05:20:03,28.1,,volta,50 - SENTIDO T. OLIMPICO (PARADOR) [VOLTA],31891.6,335.0
903058,,17,-22.917901,-43.684237,2023-07-26 05:19:54,0.2,,ida,17 - SANTA CRUZ X CAMPO GRANDE (PARADOR) [IDA],9174.0,174.0
901072,,52,-22.973255,-43.393263,2023-07-26 05:19:57,0.0,,ida,52 - SENTIDO ALVORADA (PARADOR) [IDA],38632.7,91.0
902045,,31,-22.855993,-43.325602,2023-07-26 05:19:59,48.6,,ida,31 - VICENTE DE CARVALHO X ALVORADA (SEMIDIRETO) [IDA],6829.3,257.0
903007,,50,-22.973158,-43.384887,2023-07-26 05:20:09,52.6,,volta,50 - SENTIDO T. OLIMPICO (PARADOR) [VOLTA],41366.8,270.0
903004,,42,-22.854708,-43.323039,2023-07-26 05:20:11,42.6,,ida,42 - GALEÃO X MADUREIRA MANANCEIA (PARADOR) [IDA],39206.2,229.0
903006,,50,-22.855959,-43.25582,2023-07-26 05:20:00,38.8,,ida,50 - SENTIDO JD. OCEANICO (PARADOR) [IDA],46393.7,38.0
903005,,42,-22.854796,-43.253373,2023-07-26 05:20:01,41.5,,ida,42 - GALEÃO X MADUREIRA MANANCEIA (PARADOR) [IDA],38825.5,284.0
903022,,50,-22.972046,-43.40118,2023-07-26 05:20:03,0.0,,ida,50 - SENTIDO JD. OCEANICO (PARADOR) [IDA],37742.3,181.0
903035,,17,-22.927816,-43.677283,2023-07-26 05:19:42,15.0,,ida,17 - SANTA CRUZ X CAMPO GRANDE (PARADOR) [IDA],19572.8,126.0
901059,,51,-22.930111,-43.395075,2023-07-26 05:19:55,53.7,,volta,51 - SENTIDO V. MILITAR (PARADOR) [VOLTA],48365.0,354.0
903003,,42,-22.845153,-43.301642,2023-07-26 05:20:07,37.0,,volta,42 - MADUREIRA MANANCEIA X GALEAO (PARADOR) [VOLTA],41713.7,32.0
901019,,22,-23.000912,-43.36533,2023-07-26 02:13:48,5.4,,ida,22 - ALVORADA X J. OCEÂNICO (PARADOR) [IDA],32123.9,269.0
901020,,22,-23.000707,-43.365281,2023-07-26 05:19:57,0.0,,ida,22 - ALVORADA X J. OCEÂNICO (PARADOR) [IDA],25521.6,
901022,,22,-23.000707,-43.366182,2023-07-26 05:19:55,0.0,,ida,22 - ALVORADA X J. OCEÂNICO (PARADOR) [IDA],18621.7,
901024,,22,-23.000995,-43.365164,2023-07-26 05:11:03,0.0,,ida,22 - ALVORADA X J. OCEÂNICO (PARADOR) [IDA],20662.9,267.0
901025,,51,-22.915776,-43.397963,2023-07-26 05:19:55,11.8,,ida,51 - SENTIDO RECREIO (PARADOR) [IDA],40723.1,122.0
901027,,41,-22.86216,-43.400556,2023-07-26 05:20:06,4.1,,volta,41 - TERMINAL RECREIO X PAULO DA PORTELA (EXPRESSO) [VOLTA],25990.3,195.0
901028,,40,-22.960214,-43.389753,2023-07-26 05:20:11,30.3,,ida,40 - PAULO DA PORTELA X ALVORADA (EXPRESSO) [IDA],23786.0,216.0
901030,,40,-22.87791,-43.336445,2023-07-26 05:20:00,0.0,,ida,40 - PAULO DA PORTELA X ALVORADA (EXPRESSO) [IDA],21836.4,50.0
901032,,40,-22.877593,-43.336828,2023-07-26 05:19:58,0.0,,ida,40 - PAULO DA PORTELA X ALVORADA (EXPRESSO) [IDA],25296.2,309.0
901034,,0,-22.897466,-43.351917,2023-07-26 05:20:03,28.0,,,,27523.3,37.0
901036,,52,-22.927577,-43.373581,2023-07-26 05:19:53,14.9,,ida,52 - SENTIDO ALVORADA (PARADOR) [IDA],22811.5,354.0
901041,,22,-22.965725,-43.391308,2023-07-26 05:20:05,0.0,,ida,22 - ALVORADA X J. OCEÂNICO (PARADOR) [IDA],26160.4,
903009,,42,-22.838585,-43.284208,2023-07-26 05:20:07,37.4,,ida,42 - GALEÃO X MADUREIRA MANANCEIA (PARADOR) [IDA],47196.3,304.0
903010,,42,-22.839631,-43.239615,2023-07-26 05:20:04,14.2,,ida,42 - GALEÃO X MADUREIRA MANANCEIA (PARADOR) [IDA],43702.3,127.0
903011,,42,-22.853371,-43.248233,2023-07-26 05:20:00,31.5,,volta,42 - MADUREIRA MANANCEIA X GALEAO (PARADOR) [VOLTA],45343.4,342.0
903012,,42,-22.877726,-43.336555,2023-07-26 05:19:53,0.0,,volta,42 - MADUREIRA MANANCEIA X GALEAO (PARADOR) [VOLTA],47959.5,215.0
903015,,42,-22.839834,-43.239555,2023-07-26 05:19:56,0.0,,ida,42 - GALEÃO X MADUREIRA MANANCEIA (PARADOR) [IDA],47876.8,323.0
903016,,42,-22.821793,-43.232515,2023-07-26 05:20:05,64.1,,ida,42 - GALEÃO X MADUREIRA MANANCEIA (PARADOR) [IDA],42540.1,311.0
903017,,50,-23.000189,-43.346326,2023-07-26 05:20:06,9.6,,ida,50 - SENTIDO JD. OCEANICO (PARADOR) [IDA],44913.3,97.0
903020,,50,-22.989175,-43.365826,2023-07-26 05:20:08,0.0,,ida,50 - SENTIDO JD. OCEANICO (PARADOR) [IDA],43847.8,177.0
903024,,38,-22.876829,-43.329887,2023-07-26 05:20:03,0.0,,ida,38 - FUNDÃO X ALVORADA (PARADOR) [IDA],38022.8,
903025,,50,-23.00055,-43.334276,2023-07-26 05:20:01,6.6,,volta,50 - SENTIDO T. OLIMPICO (PARADOR) [VOLTA],39462.5,268.0
903014,,38,-22.938735,-43.372259,2023-07-26 05:20:11,52.9,,ida,38 - FUNDÃO X ALVORADA (PARADOR) [IDA],51733.1,183.0
901060,,51,-23.00184,-43.431699,2023-07-26 05:19:56,51.4,,volta,51 - SENTIDO V. MILITAR (PARADOR) [VOLTA],24785.1,47.0
903063,,17,-22.920204,-43.608174,2023-07-26 05:20:08,0.0,,ida,17 - SANTA CRUZ X CAMPO GRANDE (PARADOR) [IDA],21497.7,135.0
902118,,31,-22.860069,-43.329693,2023-07-26 05:19:58,17.3,,ida,31 - VICENTE DE CARVALHO X ALVORADA (SEMIDIRETO) [IDA],7643.6,10.0
902117,,31,-22.901966,-43.355236,2023-07-26 05:19:57,46.7,,ida,31 - VICENTE DE CARVALHO X ALVORADA (SEMIDIRETO) [IDA],10248.9,212.0
901052,,51,-22.964312,-43.391752,2023-07-26 04:22:57,0.0,,volta,51 - SENTIDO V. MILITAR (PARADOR) [VOLTA],20219.3,
901044,,40,-22.926002,-43.373761,2023-07-26 05:19:59,34.5,,ida,40 - PAULO DA PORTELA X ALVORADA (EXPRESSO) [IDA],29602.0,175.0
903033,,42,-22.838898,-43.28351,2023-07-26 05:20:05,0.0,,ida,42 - GALEÃO X MADUREIRA MANANCEIA (PARADOR) [IDA],36574.0,313.0
902022,,46,-22.853084,-43.314078,2023-07-26 05:20:06,30.4,,ida,46 - PENHA X ALVORADA (EXPRESSO) [IDA],30787.1,294.0
901093,,22,-22.861524,-43.399503,2023-07-26 05:20:02,0.0,,ida,,27803.1,
902059,,43,-22.923603,-43.373907,2023-07-26 05:20:09,0.2,,volta,43 - SANTA EFIGENIA X FUNDÃO (EXPRESSO) [VOLTA],35715.0,356.0
901091,,51,-22.948067,-43.391509,2023-07-26 05:19:40,19.2,,ida,51 - SENTIDO RECREIO (PARADOR) [IDA],31131.4,128.0
901096,,51,-22.965663,-43.391278,2023-07-26 05:20:05,0.0,,volta,51 - SENTIDO V. MILITAR (PARADOR) [VOLTA],34298.2,154.0
901086,,53,-22.967055,-43.390646,2023-07-26 05:19:56,38.1,,ida,53 - SENTIDO ALVORADA (EXPRESSO) [IDA],48370.8,194.0
902032,,46,-23.001052,-43.367981,2023-07-26 05:20:04,0.0,,volta,46 - ALVORADA X PENHA (EXPRESSO) [VOLTA],36296.4,20.0
901094,,0,-22.933755,-43.395618,2023-07-26 05:19:56,57.9,,,,32752.6,8.0
902027,,43,-22.940861,-43.372497,2023-07-26 05:20:10,26.4,,volta,43 - SANTA EFIGENIA X FUNDÃO (EXPRESSO) [VOLTA],32881.6,5.0
902028,,46,-22.852633,-43.318965,2023-07-26 05:19:54,63.1,,volta,46 - ALVORADA X PENHA (EXPRESSO) [VOLTA],37599.1,86.0
902029,,46,-22.854282,-43.251883,2023-07-26 05:20:03,0.0,,ida,46 - PENHA X ALVORADA (EXPRESSO) [IDA],35412.3,
902018,,40,-22.904726,-43.357106,2023-07-26 05:20:00,53.5,,ida,40 - PAULO DA PORTELA X ALVORADA (EXPRESSO) [IDA],23643.2,205.0
902046,,46,-22.886971,-43.344801,2023-07-26 05:19:59,46.7,,ida,46 - PENHA X ALVORADA (EXPRESSO) [IDA],33377.699,219.0
12715,,10,-22.916809,-43.68362,2023-07-26 05:20:05,13.0,,ida,10 - SANTA CRUZ X ALVORADA (EXPRESSO) [IDA],42388.1,340.0
902010,,40,-22.965297,-43.3915,2023-07-26 05:20:00,0.0,,ida,40 - PAULO DA PORTELA X ALVORADA (EXPRESSO) [IDA],10957.7,
901089,,0,-22.965185,-43.391687,2023-07-26 05:20:03,0.0,,,,45838.9,155.0
901062,,51,-23.008484,-43.439856,2023-07-26 05:20:04,0.0,,volta,51 - SENTIDO V. MILITAR (PARADOR) [VOLTA],46937.1,74.0
902033,,43,-22.854367,-43.251311,2023-07-26 05:20:08,0.0,,volta,43 - SANTA EFIGENIA X FUNDÃO (EXPRESSO) [VOLTA],33362.1,
902053,,46,-22.854241,-43.251351,2023-07-26 05:19:58,0.0,,ida,46 - PENHA X ALVORADA (EXPRESSO) [IDA],33488.9,
E902000,,41,-22.845477,-43.267835,2023-07-26 05:20:04,0.0,,volta,41 - TERMINAL RECREIO X PAULO DA PORTELA (EXPRESSO) [VOLTA],10386.5,318.0
901067,,52,-22.973274,-43.377164,2023-07-26 05:20:08,21.7,,volta,52 - SENTIDO V. MILITAR (PARADOR) [VOLTA],41773.4,268.0
E902004,,41,-22.854442,-43.251645,2023-07-26 05:20:01,0.0,,volta,41 - TERMINAL RECREIO X PAULO DA PORTELA (EXPRESSO) [VOLTA],13269.1,
12713,,18,-23.00051,-43.388425,2023-07-26 05:20:10,26.6,,ida,18 - RECREIO SHOPPING X JARDIM OCEÂNICO (EXPRESSO) [IDA],35260.6,92.0
902062,,46,-22.841928,-43.275801,2023-07-26 05:20:03,0.0,,ida,46 - PENHA X ALVORADA (EXPRESSO) [IDA],33296.6,55.0
902048,,46,-22.935256,-43.37176,2023-07-26 05:20:02,35.5,,volta,46 - ALVORADA X PENHA (EXPRESSO) [VOLTA],23970.7,339.0
902058,,46,-22.854159,-43.251919,2023-07-26 05:19:54,0.0,,ida,46 - PENHA X ALVORADA (EXPRESSO) [IDA],34575.2,
901068,,51,-22.96779,-43.397875,2023-07-26 05:19:51,54.2,,volta,51 - SENTIDO V. MILITAR (PARADOR) [VOLTA],50827.6,41.0
902003,,41,-22.851878,-43.248547,2023-07-26 05:19:57,47.5,,volta,41 - TERMINAL RECREIO X PAULO DA PORTELA (EXPRESSO) [VOLTA],17399.1,170.0
902102,,35,-22.885774,-43.343723,2023-07-26 05:20:01,51.1,,ida,35 - MADUREIRA X ALVORADA (PARADOR) [IDA],12382.2,220.0
901082,,53,-22.88811,-43.40103,2023-07-26 05:20:01,42.1,,ida,53 - SENTIDO ALVORADA (EXPRESSO) [IDA],47075.2,175.0
902066,,46,-22.854409,-43.251676,2023-07-26 05:19:52,0.0,,ida,46 - PENHA X ALVORADA (EXPRESSO) [IDA],31314.1,
902052,,46,-22.973215,-43.379545,2023-07-26 05:20:02,0.0,,volta,46 - ALVORADA X PENHA (EXPRESSO) [VOLTA],35622.4,268.0
902050,,43,-22.860943,-43.329981,2023-07-26 05:19:56,51.8,,volta,43 - SANTA EFIGENIA X FUNDÃO (EXPRESSO) [VOLTA],31273.2,30.0
902063,,46,-23.000668,-43.367512,2023-07-26 05:00:34,0.0,,volta,46 - ALVORADA X PENHA (EXPRESSO) [VOLTA],33267.5,
902017,,31,-22.960394,-43.389791,2023-07-26 05:19:53,0.0,,ida,31 - VICENTE DE CARVALHO X ALVORADA (SEMIDIRETO) [IDA],23871.7,27.0
E902015,,46,-22.965803,-43.391744,2023-07-26 04:23:13,0.0,,ida,46 - PENHA X ALVORADA (EXPRESSO) [IDA],8188.1,
902060,,43,-22.839165,-43.24009,2023-07-26 05:20:09,0.0,,ida,43 - FUNDÃO X SANTA EFIGENIA (EXPRESSO) [IDA],30133.0,
902008,,46,-22.898308,-43.352631,2023-07-26 05:20:02,34.3,,ida,46 - PENHA X ALVORADA (EXPRESSO) [IDA],10534.9,39.0
902047,,46,-22.839476,-43.282735,2023-07-26 05:19:55,46.8,,ida,46 - PENHA X ALVORADA (EXPRESSO) [IDA],23966.6,314.0
902051,,46,-22.9209,-43.369603,2023-07-26 05:19:59,39.1,,ida,46 - PENHA X ALVORADA (EXPRESSO) [IDA],33001.8,239.0
902067,,46,-22.973402,-43.3666,2023-07-26 05:19:58,0.0,,ida,46 - PENHA X ALVORADA (EXPRESSO) [IDA],34101.2,90.0
901088,,31,-22.96539,-43.39161,2023-07-26 05:19:24,0.0,,ida,31 - VICENTE DE CARVALHO X ALVORADA (SEMIDIRETO) [IDA],41618.2,153.0
901098,,51,-22.862229,-43.400776,2023-07-26 05:20:01,1.2,,ida,51 - SENTIDO RECREIO (PARADOR) [IDA],27295.2,210.0
901090,,53,-22.965422,-43.39136,2023-07-26 04:11:09,0.0,,ida,53 - SENTIDO ALVORADA (EXPRESSO) [IDA],36783.0,57.0
901055,,51,-22.885147,-43.400624,2023-07-26 05:19:52,46.5,,ida,51 - SENTIDO RECREIO (PARADOR) [IDA],46662.5,189.0
901076,,52,-22.861951,-43.400236,2023-07-26 05:20:08,0.0,,ida,52 - SENTIDO ALVORADA (PARADOR) [IDA],31275.1,
902054,,46,-22.841363,-43.276919,2023-07-26 05:19:58,1.6,,ida,46 - PENHA X ALVORADA (EXPRESSO) [IDA],35708.5,286.0
901079,,53,-22.974813,-43.364074,2023-07-26 05:20:01,36.2,,ida,53 - SENTIDO ALVORADA (EXPRESSO) [IDA],44065.0,202.0
901070,,52,-22.978591,-43.36567,2023-07-26 05:19:57,59.8,,ida,52 - SENTIDO ALVORADA (PARADOR) [IDA],40496.3,196.0
902080,,46,-22.952471,-43.374847,2023-07-26 05:20:05,59.6,,ida,46 - PENHA X ALVORADA (EXPRESSO) [IDA],34360.1,212.0
901081,,53,-22.922598,-43.397677,2023-07-26 05:19:52,58.2,,ida,53 - SENTIDO ALVORADA (EXPRESSO) [IDA],41806.0,201.0
902065,,43,-22.846673,-43.303924,2023-07-26 05:20:03,44.5,,ida,43 - FUNDÃO X SANTA EFIGENIA (EXPRESSO) [IDA],35368.1,239.0
901069,,52,-23.001436,-43.366828,2023-07-26 05:20:03,0.0,,volta,52 - SENTIDO V. MILITAR (PARADOR) [VOLTA],37744.2,89.0
901074,,52,-22.886335,-43.400807,2023-07-26 05:19:59,0.0,,ida,52 - SENTIDO ALVORADA (PARADOR) [IDA],39518.1,191.0
902030,,31,-22.932209,-43.37311,2023-07-26 05:19:58,40.8,,ida,31 - VICENTE DE CARVALHO X ALVORADA (SEMIDIRETO) [IDA],11305.8,173.0
902071,,46,-23.001,-43.365967,2023-07-26 05:20:01,24.9,,volta,46 - ALVORADA X PENHA (EXPRESSO) [VOLTA],35939.4,269.0
902072,,43,-22.845296,-43.238866,2023-07-26 05:20:08,15.0,,volta,43 - SANTA EFIGENIA X FUNDÃO (EXPRESSO) [VOLTA],32689.7,39.0
902101,,31,-22.876606,-43.329854,2023-07-26 05:20:11,0.0,,ida,31 - VICENTE DE CARVALHO X ALVORADA (SEMIDIRETO) [IDA],10054.8,
902064,,41,-22.878579,-43.336314,2023-07-26 05:20:04,0.0,,ida,41 - PAULO DA PORTELA X TERMINAL RECREIO (EXPRESSO) [IDA],0.0,
901083,,53,-22.884499,-43.399372,2023-07-26 05:20:00,0.0,,ida,53 - SENTIDO ALVORADA (EXPRESSO) [IDA],49425.5,5.0
901087,,53,-22.968445,-43.398424,2023-07-26 05:19:59,56.3,,ida,53 - SENTIDO ALVORADA (EXPRESSO) [IDA],47528.5,40.0
902085,,46,-22.848094,-43.265748,2023-07-26 05:19:59,33.1,,ida,46 - PENHA X ALVORADA (EXPRESSO) [IDA],34053.3,317.0
E902001,,41,-22.847276,-43.305004,2023-07-26 05:20:06,52.4,,volta,41 - TERMINAL RECREIO X PAULO DA PORTELA (EXPRESSO) [VOLTA],20876.9,237.0
E902006,,40,-22.876861,-43.339832,2023-07-26 05:19:54,42.1,,ida,40 - PAULO DA PORTELA X ALVORADA (EXPRESSO) [IDA],19305.9,222.0
E902011,,40,-22.878575,-43.336287,2023-07-26 05:19:55,0.0,,ida,40 - PAULO DA PORTELA X ALVORADA (EXPRESSO) [IDA],8602.8,
E902014,,41,-22.965207,-43.392077,2023-07-26 05:12:13,0.0,,volta,41 - TERMINAL RECREIO X PAULO DA PORTELA (EXPRESSO) [VOLTA],16099.0,
902002,,41,-22.879172,-43.336524,2023-07-26 05:20:09,0.0,,volta,41 - TERMINAL RECREIO X PAULO DA PORTELA (EXPRESSO) [VOLTA],19836.4,
901095,,51,-22.968074,-43.398106,2023-07-26 05:20:06,58.0,,volta,51 - SENTIDO V. MILITAR (PARADOR) [VOLTA],35039.0,41.0
902069,,41,-22.959832,-43.38873,2023-07-26 05:20:05,0.0,,ida,41 - PAULO DA PORTELA X TERMINAL RECREIO (EXPRESSO) [IDA],32591.4,240.0
902094,,35,-22.87877,-43.336341,2023-07-26 05:19:55,0.0,,ida,35 - MADUREIRA X ALVORADA (PARADOR) [IDA],9094.2,
902081,,31,-22.876343,-43.32994,2023-07-26 05:20:10,0.0,,ida,31 - VICENTE DE CARVALHO X ALVORADA (SEMIDIRETO) [IDA],11487.0,
902075,,31,-22.856289,-43.327115,2023-07-26 05:19:59,36.6,,ida,31 - VICENTE DE CARVALHO X ALVORADA (SEMIDIRETO) [IDA],14099.1,76.0
902082,,35,-22.973266,-43.382049,2023-07-26 05:20:01,31.6,,ida,35 - MADUREIRA X ALVORADA (PARADOR) [IDA],10875.2,85.0
903062,,17,-22.911369,-43.589822,2023-07-26 05:19:58,24.4,,ida,17 - SANTA CRUZ X CAMPO GRANDE (PARADOR) [IDA],20194.1,69.0
902089,,35,-23.000913,-43.367243,2023-07-26 05:19:57,0.0,,volta,35 - ALVORADA  X  MADUREIRA (PARADOR) [VOLTA],9774.7,
903041,,50,-22.883969,-43.342625,2023-07-26 05:20:10,39.1,,ida,50 - SENTIDO JD. OCEANICO (PARADOR) [IDA],27436.1,197.0
903051,,50,-22.972253,-43.401058,2023-07-26 05:20:01,2.1,,ida,50 - SENTIDO JD. OCEANICO (PARADOR) [IDA],31059.3,320.0
902055,,46,-22.870255,-43.335588,2023-07-26 05:19:56,18.8,,ida,46 - PENHA X ALVORADA (EXPRESSO) [IDA],22.9,194.0
903044,,42,-22.839951,-43.239375,2023-07-26 05:19:54,0.0,,ida,42 - GALEÃO X MADUREIRA MANANCEIA (PARADOR) [IDA],29209.2,143.0
902086,,31,-22.876437,-43.330201,2023-07-26 04:24:30,0.0,,ida,31 - VICENTE DE CARVALHO X ALVORADA (SEMIDIRETO) [IDA],11193.1,
903036,,17,-22.907284,-43.574973,2023-07-26 05:19:56,42.0,,ida,17 - SANTA CRUZ X CAMPO GRANDE (PARADOR) [IDA],156824.0,74.0
902043,,46,-22.877785,-43.340754,2023-07-26 05:19:54,49.1,,ida,46 - PENHA X ALVORADA (EXPRESSO) [IDA],29101.2,214.0
902036,,41,-22.924066,-43.37395,2023-07-26 05:19:54,4.4,,ida,41 - PAULO DA PORTELA X TERMINAL RECREIO (EXPRESSO) [IDA],32325.3,178.0
903039,,17,-22.907595,-43.575988,2023-07-26 05:20:06,31.5,,ida,17 - SANTA CRUZ X CAMPO GRANDE (PARADOR) [IDA],18373.9,73.0
903047,,42,-22.84794,-43.305777,2023-07-26 05:20:04,60.2,,ida,42 - GALEÃO X MADUREIRA MANANCEIA (PARADOR) [IDA],23088.4,50.0
902074,,31,-22.852506,-43.312633,2023-07-26 05:19:59,0.0,,ida,31 - VICENTE DE CARVALHO X ALVORADA (SEMIDIRETO) [IDA],9772.0,
903040,,17,-22.914306,-43.601434,2023-07-26 05:20:10,6.1,,volta,17 - CAMPO GRANDE  X SANTA CRUZ (PARADOR) [VOLTA],18468.7,186.0
902044,,43,-22.87895,-43.337339,2023-07-26 05:19:57,48.7,,ida,43 - FUNDÃO X SANTA EFIGENIA (EXPRESSO) [IDA],31236.4,248.0
902038,,46,-22.854686,-43.250564,2023-07-26 05:20:05,8.3,,ida,46 - PENHA X ALVORADA (EXPRESSO) [IDA],7575.3,97.0
902041,,43,-22.854185,-43.251491,2023-07-26 04:23:45,0.0,,ida,43 - FUNDÃO X SANTA EFIGENIA (EXPRESSO) [IDA],34223.9,
903064,,50,-22.963972,-43.394214,2023-07-26 05:20:10,0.0,,ida,50 - SENTIDO JD. OCEANICO (PARADOR) [IDA],22138.0,38.0
902037,,41,-22.854415,-43.251539,2023-07-26 04:47:02,0.0,,volta,41 - TERMINAL RECREIO X PAULO DA PORTELA (EXPRESSO) [VOLTA],35848.8,
903069,,17,-22.91809,-43.683123,2023-07-26 05:19:57,0.0,,ida,17 - SANTA CRUZ X CAMPO GRANDE (PARADOR) [IDA],22413.1,47.0
902042,,46,-22.912724,-43.360422,2023-07-26 05:20:05,47.1,,volta,46 - ALVORADA X PENHA (EXPRESSO) [VOLTA],31928.2,7.0
902040,,46,-22.869298,-43.335231,2023-07-26 05:19:51,33.4,,volta,46 - ALVORADA X PENHA (EXPRESSO) [VOLTA],34118.0,19.0
903038,,17,-22.926442,-43.650886,2023-07-26 05:19:57,37.8,,volta,17 - CAMPO GRANDE  X SANTA CRUZ (PARADOR) [VOLTA],26547.3,250.0
903053,,17,-22.901398,-43.554416,2023-07-26 04:53:35,19.7,,volta,17 - CAMPO GRANDE  X SANTA CRUZ (PARADOR) [VOLTA],21458.7,102.0
903042,,38,-22.877009,-43.330339,2023-07-26 03:25:13,0.0,,ida,38 - FUNDÃO X ALVORADA (PARADOR) [IDA],28971.9,175.0
12732,,18,-23.019238,-43.505557,2023-07-26 05:19:58,0.0,,ida,18 - RECREIO SHOPPING X JARDIM OCEÂNICO (EXPRESSO) [IDA],25699.1,
903067,,17,-22.920183,-43.607647,2023-07-26 05:19:59,0.0,,ida,17 - SANTA CRUZ X CAMPO GRANDE (PARADOR) [IDA],23576.8,159.0
902076,,46,-22.85482,-43.252054,2023-07-26 05:19:53,0.0,,ida,46 - PENHA X ALVORADA (EXPRESSO) [IDA],27510.5,
902083,,31,-22.876358,-43.330275,2023-07-26 05:20:02,0.0,,ida,31 - VICENTE DE CARVALHO X ALVORADA (SEMIDIRETO) [IDA],5228.3,
902096,,35,-22.988754,-43.365757,2023-07-26 05:19:54,0.0,,volta,35 - ALVORADA  X  MADUREIRA (PARADOR) [VOLTA],14223.8,359.0
902100,,35,-22.878522,-43.336347,2023-07-26 05:20:09,0.0,,ida,35 - MADUREIRA X ALVORADA (PARADOR) [IDA],13435.3,
903059,,17,-22.91862,-43.682663,2023-07-26 05:20:04,0.0,,ida,17 - SANTA CRUZ X CAMPO GRANDE (PARADOR) [IDA],18750.4,326.0
902079,,46,-22.842256,-43.278637,2023-07-26 05:20:09,24.8,,ida,46 - PENHA X ALVORADA (EXPRESSO) [IDA],30822.3,330.0
903066,,17,-22.933597,-43.662387,2023-07-26 05:20:03,34.6,,ida,17 - SANTA CRUZ X CAMPO GRANDE (PARADOR) [IDA],24879.0,74.0
902099,,35,-22.919477,-43.367045,2023-07-26 05:20:02,56.7,,ida,35 - MADUREIRA X ALVORADA (PARADOR) [IDA],11547.3,241.0
902091,,35,-22.989908,-43.365885,2023-07-26 05:20:01,36.3,,ida,35 - MADUREIRA X ALVORADA (PARADOR) [IDA],14056.5,183.0
901099,,51,-22.977136,-43.4066,2023-07-26 05:20:04,0.0,,ida,51 - SENTIDO RECREIO (PARADOR) [IDA],29493.1,209.0
903046,,42,-22.862944,-43.33181,2023-07-26 05:19:50,50.6,,volta,42 - MADUREIRA MANANCEIA X GALEAO (PARADOR) [VOLTA],29788.1,52.0
903070,,17,-22.907363,-43.575231,2023-07-26 05:20:01,39.5,,ida,17 - SANTA CRUZ X CAMPO GRANDE (PARADOR) [IDA],9260.1,70.0
86835,,12,-22.91919,-43.607858,2023-07-26 04:48:37,0.0,,ida,12 - PINGO D'AGUA X ALVORADA (EXPRESSO) [IDA],13546.9,
44706,LRG8855,20,-22.91691,-43.683533,2023-07-26 05:19:55,0.0,,ida,20 - SANTA CRUZ X SALVADOR ALLENDE (EXPRESSO) [IDA],21875.4,
903065,,17,-22.915675,-43.61621,2023-07-26 05:20:02,0.0,,volta,17 - CAMPO GRANDE  X SANTA CRUZ (PARADOR) [VOLTA],16967.7,215.0
901008,,22,-23.006868,-43.311926,2023-07-26 05:25:31,16.3,,volta,22 - J. OCEÂNICO X ALVORADA (PARADOR) [VOLTA],22789.3,103.0
901011,RIV8A74,22,-23.000104,-43.362719,2023-07-26 05:25:29,49.8,,ida,22 - ALVORADA X J. OCEÂNICO (PARADOR) [IDA],23501.1,90.0
901007,,22,-23.006263,-43.312889,2023-07-26 05:25:29,0.0,,volta,22 - J. OCEÂNICO X ALVORADA (PARADOR) [VOLTA],21824.4,296.0
901009,,22,-23.001442,-43.328815,2023-07-26 05:25:17,11.9,,ida,22 - ALVORADA X J. OCEÂNICO (PARADOR) [IDA],20869.4,117.0
901010,RJM8G30,22,-23.000239,-43.347756,2023-07-26 05:25:26,29.2,,ida,22 - ALVORADA X J. OCEÂNICO (PARADOR) [IDA],22872.0,92.0
901017,,22,-23.000867,-43.366222,2023-07-26 05:25:26,0.0,,ida,22 - ALVORADA X J. OCEÂNICO (PARADOR) [IDA],25122.8,217.0
901006,RJA9F56,22,-23.001564,-43.328235,2023-07-26 05:25:23,0.0,,volta,22 - J. OCEÂNICO X ALVORADA (PARADOR) [VOLTA],19385.6,294.0
901005,RJB8E53,22,-23.000162,-43.346788,2023-07-26 05:25:15,0.5,,volta,22 - J. OCEÂNICO X ALVORADA (PARADOR) [VOLTA],21647.0,262.0
901004,RJQ8J80,22,-23.000967,-43.365181,2023-07-26 05:25:22,0.0,,ida,22 - ALVORADA X J. OCEÂNICO (PARADOR) [IDA],21438.8,261.0
30504,,25,-23.020966,-43.496785,2023-07-26 05:25:25,0.0,,volta,25 - ALVORADA X MATO ALTO (PARADOR) [VOLTA],53639.7,278.0
47031,KYW5240,25,-23.000669,-43.36516,2023-07-26 05:25:23,0.0,,volta,25 - ALVORADA X MATO ALTO (PARADOR) [VOLTA],50908.2,91.0
30533,KWO8120,13,-22.918967,-43.607678,2023-07-26 05:15:49,0.0,,ida,13 - MATO ALTO X ALVORADA (EXPRESSO) [IDA],52594.9,
30538,KXE7719,20,-22.921122,-43.680493,2023-07-26 05:25:29,15.9,,volta,20 - SALVADOR ALLENDE X SANTA CRUZ (EXPRESSO) [VOLTA],55906.1,317.0
50309,KPN6B05,13,-23.000753,-43.366131,2023-07-26 05:25:28,0.0,,volta,13 - ALVORADA X  MATO ALTO (EXPRESSO) [VOLTA],20092.5,
30532,KYL8599,13,-23.000564,-43.387343,2023-07-26 05:25:14,44.3,,ida,13 - MATO ALTO X ALVORADA (EXPRESSO) [IDA],41775.1,91.0
13423,LSI5976,25,-22.992938,-43.598049,2023-07-26 05:25:30,0.0,,ida,25 - MATO ALTO X ALVORADA (PARADOR) [IDA],41126.5,136.0
90002,LMB2D92,19,-22.966209,-43.644892,2023-07-26 05:25:15,0.0,,ida,19 - PINGO D'AGUA X SALVADOR ALLENDE (EXPRESSO) [IDA],55845.4,104.0
47030,LSQ5263,20,-23.008335,-43.442576,2023-07-26 05:25:30,19.9,,volta,20 - SALVADOR ALLENDE X SANTA CRUZ (EXPRESSO) [VOLTA],53794.3,91.0
30519,LRE9804,11,-22.920074,-43.608092,2023-07-26 05:25:20,0.0,,ida,11 - SANTA CRUZ X ALVORADA (PARADOR) [IDA],51494.8,
90005,KWK6A89,20,-22.916907,-43.683475,2023-07-26 05:25:15,0.0,,ida,20 - SANTA CRUZ X SALVADOR ALLENDE (EXPRESSO) [IDA],49835.7,297.0
86851,KQO8674,14,-22.918762,-43.606965,2023-07-26 05:25:13,0.0,,ida,14 - SANTA EUGÊNIA X SALVADOR ALLENDE (EXPRESSO) [IDA],12881.3,
86875,KQB4103,12,-22.941946,-43.662722,2023-07-26 05:25:28,47.6,,ida,12 - PINGO D'AGUA X ALVORADA (EXPRESSO) [IDA],13020.5,140.0
30518,KYL8597,25,-22.999805,-43.409915,2023-07-26 05:25:25,48.1,,volta,25 - ALVORADA X MATO ALTO (PARADOR) [VOLTA],37115.8,268.0
47029,LSQ5267,20,-22.92238,-43.679647,2023-07-26 05:25:19,0.0,,ida,20 - SANTA CRUZ X SALVADOR ALLENDE (EXPRESSO) [IDA],56966.2,166.0
47012,KPZ8364,20,-22.970214,-43.630318,2023-07-26 05:25:18,53.1,,ida,20 - SANTA CRUZ X SALVADOR ALLENDE (EXPRESSO) [IDA],55000.0,92.0
86885,LTB5540,14,-22.926982,-43.652293,2023-07-26 05:25:29,32.0,,ida,14 - SANTA EUGÊNIA X SALVADOR ALLENDE (EXPRESSO) [IDA],514719.8,242.0
12738,KRR2404,25,-22.992769,-43.598175,2023-07-26 05:25:23,0.0,,ida,25 - MATO ALTO X ALVORADA (PARADOR) [IDA],37392.6,
86886,LTB5541,14,-22.964693,-43.64781,2023-07-26 05:20:28,5.6,,ida,14 - SANTA EUGÊNIA X SALVADOR ALLENDE (EXPRESSO) [IDA],13095.4,181.0
13428,KXE7712,11,-22.920193,-43.607859,2023-07-26 05:25:15,0.0,,ida,11 - SANTA CRUZ X ALVORADA (PARADOR) [IDA],57799.4,172.0
47006,KWZ8630,18,-23.019067,-43.505106,2023-07-26 05:25:21,0.0,,ida,18 - RECREIO SHOPPING X JARDIM OCEÂNICO (EXPRESSO) [IDA],50888.5,
47007,LSP6018,18,-22.920637,-43.607655,2023-07-26 05:25:21,0.0,,ida,18 - RECREIO SHOPPING X JARDIM OCEÂNICO (EXPRESSO) [IDA],42179.7,158.0
13413,KWI9711,25,-23.007524,-43.549057,2023-07-26 05:25:29,58.8,,ida,25 - MATO ALTO X ALVORADA (PARADOR) [IDA],43517.5,104.0
90001,KPZ5E15,19,-23.009565,-43.539879,2023-07-26 05:25:25,60.9,,ida,19 - PINGO D'AGUA X SALVADOR ALLENDE (EXPRESSO) [IDA],44145.3,125.0
901057,,52,-22.866996,-43.410975,2023-07-26 05:25:15,60.2,,volta,52 - SENTIDO V. MILITAR (PARADOR) [VOLTA],51076.8,62.0
901003,RKM8C54,22,-23.000847,-43.366637,2023-07-26 05:25:32,21.1,,ida,22 - ALVORADA X J. OCEÂNICO (PARADOR) [IDA],22833.7,43.0
86874,KQB4102,20,-22.919106,-43.60708,2023-07-26 05:25:30,19.1,,ida,20 - SANTA CRUZ X SALVADOR ALLENDE (EXPRESSO) [IDA],512858.5,168.0
86879,LTN5696,13,-22.994012,-43.597217,2023-07-26 05:25:27,0.0,,ida,13 - MATO ALTO X ALVORADA (EXPRESSO) [IDA],1813.1,
47009,KPZ8430,20,-22.920207,-43.608012,2023-07-26 05:25:24,0.0,,ida,20 - SANTA CRUZ X SALVADOR ALLENDE (EXPRESSO) [IDA],54120.8,121.0
47014,KZI4452,19,-22.917256,-43.606992,2023-07-26 05:25:12,0.0,,ida,19 - PINGO D'AGUA X SALVADOR ALLENDE (EXPRESSO) [IDA],38000.1,
30537,KXE7720,12,-22.965386,-43.647876,2023-07-26 05:25:17,15.0,,ida,12 - PINGO D'AGUA X ALVORADA (EXPRESSO) [IDA],51516.4,182.0
50301,KPP5B70,25,-23.018279,-43.508782,2023-07-26 05:25:04,15.8,,volta,25 - ALVORADA X MATO ALTO (PARADOR) [VOLTA],3957.0,287.0
47018,LRS2843,0,-22.91759,-43.607077,2023-07-26 05:25:18,0.1,,,,32975.1,
44713,KPZ3559,20,-22.920659,-43.607884,2023-07-26 05:25:29,0.0,,ida,20 - SANTA CRUZ X SALVADOR ALLENDE (EXPRESSO) [IDA],29573.1,
13401,KQO7822,19,-23.012409,-43.45914,2023-07-26 05:25:16,22.3,,volta,19 - SALVADOR ALLENDE X PINGO D'AGUA (EXPRESSO) [VOLTA],53653.1,245.0
13421,KWO8119,10,-22.920238,-43.608202,2023-07-26 05:25:17,0.0,,ida,10 - SANTA CRUZ X ALVORADA (EXPRESSO) [IDA],14957.8,
27174,KQP5437,13,-23.016854,-43.475928,2023-07-26 05:25:20,56.5,,ida,13 - MATO ALTO X ALVORADA (EXPRESSO) [IDA],18886.5,74.0
47026,KYA7928,10,-22.920584,-43.608013,2023-07-26 05:25:30,0.0,,ida,10 - SANTA CRUZ X ALVORADA (EXPRESSO) [IDA],32900.199,
86889,KRQ6878,10,-23.000893,-43.367123,2023-07-26 05:25:18,0.0,,volta,10 - ALVORADA X SANTA CRUZ (EXPRESSO) [VOLTA],514962.4,
12724,LMJ1118,18,-23.004898,-43.429688,2023-07-26 05:25:17,46.6,,ida,18 - RECREIO SHOPPING X JARDIM OCEÂNICO (EXPRESSO) [IDA],9651.0,70.0
27209,LSL9B07,25,-23.020453,-43.490123,2023-07-26 05:25:32,43.1,,ida,25 - MATO ALTO X ALVORADA (PARADOR) [IDA],10086.4,76.0
27176,LRK9563,18,-23.014552,-43.466941,2023-07-26 05:25:29,61.6,,ida,18 - RECREIO SHOPPING X JARDIM OCEÂNICO (EXPRESSO) [IDA],13514.4,75.0
30511,KPV2250,13,-23.008853,-43.540585,2023-07-26 05:25:31,35.3,,volta,13 - ALVORADA X  MATO ALTO (EXPRESSO) [VOLTA],49454.8,305.0
13427,KXE7711,0,-22.920646,-43.608327,2023-07-26 05:25:27,0.0,,,,51855.6,
12725,LMJ1327,25,-22.992374,-43.598594,2023-07-26 05:25:28,0.0,,ida,25 - MATO ALTO X ALVORADA (PARADOR) [IDA],39261.3,
13404,KQO7823,20,-23.002919,-43.424463,2023-07-26 05:25:24,0.0,,ida,20 - SANTA CRUZ X SALVADOR ALLENDE (EXPRESSO) [IDA],56110.9,245.0
47022,KRM7701,10,-22.96866,-43.622349,2023-07-26 05:25:29,0.0,,volta,10 - ALVORADA X SANTA CRUZ (EXPRESSO) [VOLTA],12961.7,257.0
13422,LSI5978,20,-23.021041,-43.494282,2023-07-26 05:25:31,53.3,,ida,20 - SANTA CRUZ X SALVADOR ALLENDE (EXPRESSO) [IDA],40397.5,85.0
12730,LSO8993,19,-22.97854,-43.610996,2023-07-26 05:25:27,60.2,,volta,19 - SALVADOR ALLENDE X PINGO D'AGUA (EXPRESSO) [VOLTA],9268.2,341.0
86872,LSH7386,13,-23.011182,-43.534598,2023-07-26 05:24:50,58.7,,ida,13 - MATO ALTO X ALVORADA (EXPRESSO) [IDA],22423.5,91.0
47017,LRS2841,20,-22.996472,-43.593897,2023-07-26 05:25:22,47.1,,ida,20 - SANTA CRUZ X SALVADOR ALLENDE (EXPRESSO) [IDA],47909.6,133.0
86859,KWJ9250,19,-23.001842,-43.420041,2023-07-26 05:25:31,37.1,,volta,19 - SALVADOR ALLENDE X PINGO D'AGUA (EXPRESSO) [VOLTA],18706.7,73.0
30509,KYM4574,13,-23.000343,-43.389013,2023-07-26 05:25:14,38.0,,volta,13 - ALVORADA X  MATO ALTO (EXPRESSO) [VOLTA],53047.0,271.0
12710,KRO9724,13,-22.993084,-43.597912,2023-07-26 05:25:18,0.0,,ida,13 - MATO ALTO X ALVORADA (EXPRESSO) [IDA],38381.0,
12720,KXD9430,20,-23.020883,-43.496119,2023-07-26 05:25:18,62.0,,volta,20 - SALVADOR ALLENDE X SANTA CRUZ (EXPRESSO) [VOLTA],21775.2,272.0
13407,KPY9732,18,-23.018936,-43.483998,2023-07-26 05:25:31,38.5,,ida,18 - RECREIO SHOPPING X JARDIM OCEÂNICO (EXPRESSO) [IDA],45438.2,75.0
30514,KYL8595,11,-22.920122,-43.607858,2023-07-26 05:25:27,0.0,,ida,11 - SANTA CRUZ X ALVORADA (PARADOR) [IDA],38408.7,
47010,KPZ8363,25,-23.000485,-43.380125,2023-07-26 05:25:13,32.3,,ida,25 - MATO ALTO X ALVORADA (PARADOR) [IDA],42595.0,87.0
12734,LSP8673,11,-22.919108,-43.608168,2023-07-26 05:25:28,16.9,,ida,11 - SANTA CRUZ X ALVORADA (PARADOR) [IDA],16895.3,17.0
90006,LRH6D12,20,-22.918067,-43.68306,2023-07-26 05:25:14,0.0,,ida,20 - SANTA CRUZ X SALVADOR ALLENDE (EXPRESSO) [IDA],29710.8,332.0
30524,LRC6601,25,-23.004607,-43.428749,2023-07-26 05:25:20,58.2,,ida,25 - MATO ALTO X ALVORADA (PARADOR) [IDA],29240.0,70.0
13415,KQK7905,25,-23.000643,-43.366313,2023-07-26 05:25:27,0.0,,volta,25 - ALVORADA X MATO ALTO (PARADOR) [VOLTA],45135.0,
901002,,22,-23.000974,-43.36457,2023-07-26 05:22:42,0.0,,ida,22 - ALVORADA X J. OCEÂNICO (PARADOR) [IDA],17407.4,253.0
B13,KYM5979,14,-22.916801,-43.632669,2023-07-26 05:25:24,0.0,,ida,14 - SANTA EUGÊNIA X SALVADOR ALLENDE (EXPRESSO) [IDA],1187.5,75.0
B16,LSI3468,14,-22.961269,-43.648433,2023-07-26 05:25:30,0.0,,ida,14 - SANTA EUGÊNIA X SALVADOR ALLENDE (EXPRESSO) [IDA],1124.0,
B35,LTI1196,14,-22.961228,-43.648332,2023-07-26 05:25:21,0.0,,ida,14 - SANTA EUGÊNIA X SALVADOR ALLENDE (EXPRESSO) [IDA],1073.3,
B17,KWY8231,14,-22.961357,-43.648283,2023-07-26 05:25:20,0.0,,ida,14 - SANTA EUGÊNIA X SALVADOR ALLENDE (EXPRESSO) [IDA],1235.8,42.0
B20,LMH6141,14,-23.00797,-43.442201,2023-07-26 05:25:24,39.4,,volta,14 - SALVADOR ALLENDE x SANTA EUGÊNIA (EXPRESSO) [VOLTA],1174.4,254.0
B19,KZJ7238,14,-22.916566666666668,-43.631663333333336,2023-07-26 05:25:14,0.0,,ida,14 - SANTA EUGÊNIA X SALVADOR ALLENDE (EXPRESSO) [IDA],104993.2,225.0
B14,KRK9519,14,-22.941317,-43.663218,2023-07-26 05:25:18,61.3,,volta,14 - SALVADOR ALLENDE x SANTA EUGÊNIA (EXPRESSO) [VOLTA],1195.4,315.0
B11,KRK9516,14,-22.941083,-43.663776,2023-07-26 05:25:19,34.0,,ida,14 - SANTA EUGÊNIA X SALVADOR ALLENDE (EXPRESSO) [IDA],1225.1,113.0
B12,LMH5981,14,-22.932879,-43.660268,2023-07-26 05:25:19,49.2,,ida,14 - SANTA EUGÊNIA X SALVADOR ALLENDE (EXPRESSO) [IDA],1154.1,251.0
B24,LSO7028,14,-23.015882,-43.519338,2023-07-26 05:20:59,59.2,,ida,14 - SANTA EUGÊNIA X SALVADOR ALLENDE (EXPRESSO) [IDA],1206.3,97.0
B25,,14,-23.006479,-43.55357,2023-07-26 05:25:13,58.3,,ida,14 - SANTA EUGÊNIA X SALVADOR ALLENDE (EXPRESSO) [IDA],1122.2,105.0
B28,KQP5E29,14,-22.916478,-43.631108,2023-07-26 05:25:17,0.1,,ida,14 - SANTA EUGÊNIA X SALVADOR ALLENDE (EXPRESSO) [IDA],1141.7,258.0
B40,,14,-22.916732,-43.633018,2023-07-26 05:25:21,0.0,,ida,14 - SANTA EUGÊNIA X SALVADOR ALLENDE (EXPRESSO) [IDA],749.8,244.0
B41,,14,-22.916635,-43.632097,2023-07-26 05:25:16,4.3,,ida,14 - SANTA EUGÊNIA X SALVADOR ALLENDE (EXPRESSO) [IDA],1178.2,255.0
901001,RJD7J89,22,-23.000963,-43.365233,2023-07-26 05:25:30,0.0,,ida,22 - ALVORADA X J. OCEÂNICO (PARADOR) [IDA],17343.0,
B47,,14,-22.96991,-43.628106,2023-07-26 05:25:26,59.0,,ida,14 - SANTA EUGÊNIA X SALVADOR ALLENDE (EXPRESSO) [IDA],1189.0,77.0
B048,,14,-22.916537,-43.631464,2023-07-26 05:25:27,0.0,,ida,14 - SANTA EUGÊNIA X SALVADOR ALLENDE (EXPRESSO) [IDA],1167.9,258.0
B49,,14,-23.002484,-43.570661,2023-07-26 05:25:13,59.5,,ida,14 - SANTA EUGÊNIA X SALVADOR ALLENDE (EXPRESSO) [IDA],1152.6,105.0
B54,,14,-22.961389,-43.648484,2023-07-26 05:25:14,0.0,,ida,14 - SANTA EUGÊNIA X SALVADOR ALLENDE (EXPRESSO) [IDA],1176.6,
B55,,14,-23.020924,-43.495605,2023-07-26 05:25:18,62.2,,volta,14 - SALVADOR ALLENDE x SANTA EUGÊNIA (EXPRESSO) [VOLTA],1162.1,270.0
B53,,14,-22.964092,-43.647784,2023-07-26 05:25:27,0.0,,ida,14 - SANTA EUGÊNIA X SALVADOR ALLENDE (EXPRESSO) [IDA],1204.3,178.0
B51,,14,-22.998277,-43.587424,2023-07-26 05:25:20,59.0,,volta,14 - SALVADOR ALLENDE x SANTA EUGÊNIA (EXPRESSO) [VOLTA],1244.6,284.0
901077,,52,-22.858496,-43.393213,2023-07-26 05:25:16,0.0,,ida,52 - SENTIDO ALVORADA (PARADOR) [IDA],26525.5,245.0
902119,,35,-22.885296,-43.343208,2023-07-26 05:25:21,48.3,,volta,35 - ALVORADA  X  MADUREIRA (PARADOR) [VOLTA],7696.3,40.0
901058,,51,-22.863341,-43.403037,2023-07-26 05:25:25,58.0,,volta,51 - SENTIDO V. MILITAR (PARADOR) [VOLTA],44206.1,64.0
901071,,22,-22.973043,-43.392457,2023-07-26 05:25:20,59.3,,ida,22 - ALVORADA X J. OCEÂNICO (PARADOR) [IDA],43439.9,272.0
903027,,50,-22.973345,-43.375996,2023-07-26 05:25:19,20.1,,ida,50 - SENTIDO JD. OCEANICO (PARADOR) [IDA],49616.9,89.0
903026,,50,-23.006523,-43.314761,2023-07-26 05:25:23,38.0,,volta,50 - SENTIDO T. OLIMPICO (PARADOR) [VOLTA],48961.8,273.0
903029,,50,-22.972793,-43.400992,2023-07-26 05:25:32,24.9,,ida,50 - SENTIDO JD. OCEANICO (PARADOR) [IDA],33512.5,133.0
902116,,35,-23.001004,-43.365638,2023-07-26 05:25:22,27.5,,volta,35 - ALVORADA  X  MADUREIRA (PARADOR) [VOLTA],11179.9,271.0
902115,,35,-22.955168,-43.377166,2023-07-26 05:25:14,7.7,,volta,35 - ALVORADA  X  MADUREIRA (PARADOR) [VOLTA],14870.7,49.0
901061,,51,-22.86091,-43.39829,2023-07-26 05:25:17,34.7,,ida,51 - SENTIDO RECREIO (PARADOR) [IDA],43316.0,242.0
903030,,50,-22.972203,-43.40126,2023-07-26 05:25:27,0.0,,ida,50 - SENTIDO JD. OCEANICO (PARADOR) [IDA],40967.7,178.0
901064,,22,-22.964606,-43.391719,2023-07-26 05:25:19,0.0,,ida,22 - ALVORADA X J. OCEÂNICO (PARADOR) [IDA],48930.5,
901073,,51,-22.963665,-43.394286,2023-07-26 05:25:19,26.6,,ida,51 - SENTIDO RECREIO (PARADOR) [IDA],41863.4,224.0
901048,,51,-23.008484,-43.440092,2023-07-26 05:25:33,0.1,,volta,51 - SENTIDO V. MILITAR (PARADOR) [VOLTA],26350.2,62.0
901065,,52,-22.88593,-43.400742,2023-07-26 05:25:28,25.5,,ida,52 - SENTIDO ALVORADA (PARADOR) [IDA],35402.3,187.0
903031,,38,-22.908462,-43.358525,2023-07-26 05:25:14,53.7,,ida,38 - FUNDÃO X ALVORADA (PARADOR) [IDA],40608.8,214.0
903032,,42,-22.854093,-43.261058,2023-07-26 05:25:30,49.3,,volta,42 - MADUREIRA MANANCEIA X GALEAO (PARADOR) [VOLTA],42717.4,135.0
901075,,51,-22.886359,-43.400814,2023-07-26 05:25:17,0.0,,volta,51 - SENTIDO V. MILITAR (PARADOR) [VOLTA],49010.2,186.0
903055,,17,-22.927475,-43.677719,2023-07-26 05:25:21,34.5,,ida,17 - SANTA CRUZ X CAMPO GRANDE (PARADOR) [IDA],18911.4,130.0
903037,,17,-22.916112,-43.611248,2023-07-26 05:25:27,0.0,,ida,17 - SANTA CRUZ X CAMPO GRANDE (PARADOR) [IDA],20712.5,76.0
903002,,42,-22.86129,-43.330213,2023-07-26 05:25:15,0.4,,volta,42 - MADUREIRA MANANCEIA X GALEAO (PARADOR) [VOLTA],6975.5,39.0
901080,,53,-22.973382,-43.372747,2023-07-26 05:25:13,53.0,,ida,53 - SENTIDO ALVORADA (EXPRESSO) [IDA],31289.0,90.0
902110,,35,-22.933498,-43.372596,2023-07-26 05:25:31,37.2,,volta,35 - ALVORADA  X  MADUREIRA (PARADOR) [VOLTA],8840.9,337.0
902114,,35,-22.878238,-43.336323,2023-07-26 05:25:23,0.0,,ida,35 - MADUREIRA X ALVORADA (PARADOR) [IDA],8978.3,
902078,,31,-22.870892,-43.335792,2023-07-26 05:25:14,33.0,,ida,31 - VICENTE DE CARVALHO X ALVORADA (SEMIDIRETO) [IDA],10283.7,21.0
903054,,17,-22.915953,-43.684114,2023-07-26 05:25:32,19.1,,ida,17 - SANTA CRUZ X CAMPO GRANDE (PARADOR) [IDA],17678.4,257.0
903021,,42,-22.863602,-43.332732,2023-07-26 05:25:28,46.5,,ida,42 - GALEÃO X MADUREIRA MANANCEIA (PARADOR) [IDA],34634.1,232.0
903056,,17,-22.917819,-43.683249,2023-07-26 05:25:19,0.0,,ida,17 - SANTA CRUZ X CAMPO GRANDE (PARADOR) [IDA],14656.1,164.0
903000,,50,-22.973482,-43.363888,2023-07-26 05:25:25,37.8,,volta,50 - SENTIDO T. OLIMPICO (PARADOR) [VOLTA],31894.7,308.0
903058,,17,-22.918415,-43.682839,2023-07-26 05:25:14,0.2,,ida,17 - SANTA CRUZ X CAMPO GRANDE (PARADOR) [IDA],9174.5,254.0
901072,,52,-22.973419,-43.366485,2023-07-26 05:25:18,14.4,,ida,52 - SENTIDO ALVORADA (PARADOR) [IDA],38635.4,92.0
902045,,31,-22.877123,-43.336045,2023-07-26 05:25:19,0.0,,ida,31 - VICENTE DE CARVALHO X ALVORADA (SEMIDIRETO) [IDA],6832.2,205.0
903007,,50,-22.971714,-43.401048,2023-07-26 05:25:29,7.3,,ida,50 - SENTIDO JD. OCEANICO (PARADOR) [IDA],41368.6,182.0
903004,,42,-22.870383,-43.335649,2023-07-26 05:25:30,5.6,,ida,42 - GALEÃO X MADUREIRA MANANCEIA (PARADOR) [IDA],39208.6,208.0
903006,,50,-22.84159,-43.239191,2023-07-26 05:25:19,36.4,,ida,50 - SENTIDO JD. OCEANICO (PARADOR) [IDA],46396.6,342.0
903005,,42,-22.845537,-43.26779,2023-07-26 05:25:20,15.1,,ida,42 - GALEÃO X MADUREIRA MANANCEIA (PARADOR) [IDA],38827.8,318.0
903022,,50,-22.97208,-43.401153,2023-07-26 05:25:23,0.0,,ida,50 - SENTIDO JD. OCEANICO (PARADOR) [IDA],37742.3,181.0
903035,,17,-22.93453,-43.665292,2023-07-26 05:25:22,0.0,,ida,17 - SANTA CRUZ X CAMPO GRANDE (PARADOR) [IDA],19574.5,25.0
901059,,51,-22.897962,-43.397876,2023-07-26 05:25:15,59.2,,volta,51 - SENTIDO V. MILITAR (PARADOR) [VOLTA],48368.9,329.0
903003,,42,-22.838991,-43.283463,2023-07-26 05:25:26,23.0,,volta,42 - MADUREIRA MANANCEIA X GALEAO (PARADOR) [VOLTA],41716.0,114.0
901020,,22,-23.000767,-43.364383,2023-07-26 05:25:32,10.8,,ida,22 - ALVORADA X J. OCEÂNICO (PARADOR) [IDA],25521.7,154.0
901022,,22,-23.000673,-43.365409,2023-07-26 05:25:15,0.1,,ida,22 - ALVORADA X J. OCEÂNICO (PARADOR) [IDA],18621.8,100.0
901024,,22,-23.000984,-43.365488,2023-07-26 05:24:19,0.0,,ida,22 - ALVORADA X J. OCEÂNICO (PARADOR) [IDA],20662.9,268.0
901025,,51,-22.945043,-43.394286,2023-07-26 05:25:16,60.0,,ida,51 - SENTIDO RECREIO (PARADOR) [IDA],40726.5,172.0
901027,,51,-22.862097,-43.401016,2023-07-26 05:25:32,0.0,,ida,51 - SENTIDO RECREIO (PARADOR) [IDA],25990.3,226.0
901028,,40,-22.973275,-43.379087,2023-07-26 05:25:30,55.0,,ida,40 - PAULO DA PORTELA X ALVORADA (EXPRESSO) [IDA],23788.4,90.0
901030,,40,-22.877652,-43.336794,2023-07-26 05:25:21,0.0,,ida,40 - PAULO DA PORTELA X ALVORADA (EXPRESSO) [IDA],21836.4,304.0
901032,,40,-22.892059,-43.34823,2023-07-26 05:25:18,0.0,,ida,40 - PAULO DA PORTELA X ALVORADA (EXPRESSO) [IDA],25298.5,206.0
901034,,0,-22.878587,-43.336315,2023-07-26 05:25:24,17.2,,,,27526.2,358.0
901036,,52,-22.916636,-43.36219,2023-07-26 05:25:13,0.0,,ida,52 - SENTIDO ALVORADA (PARADOR) [IDA],22813.4,53.0
901040,,41,-22.965541,-43.390553,2023-07-26 05:25:32,6.4,,volta,41 - TERMINAL RECREIO X PAULO DA PORTELA (EXPRESSO) [VOLTA],29562.0,113.0
901041,,22,-22.96497,-43.391961,2023-07-26 05:25:26,0.0,,ida,22 - ALVORADA X J. OCEÂNICO (PARADOR) [IDA],26160.5,171.0
903009,,42,-22.846323,-43.303237,2023-07-26 05:25:28,57.8,,ida,42 - GALEÃO X MADUREIRA MANANCEIA (PARADOR) [IDA],47198.7,241.0
903010,,42,-22.839716,-43.239523,2023-07-26 05:25:23,0.0,,ida,42 - GALEÃO X MADUREIRA MANANCEIA (PARADOR) [IDA],43702.3,141.0
903011,,42,-22.839162,-43.241046,2023-07-26 05:25:32,20.8,,volta,42 - MADUREIRA MANANCEIA X GALEAO (PARADOR) [VOLTA],45345.7,19.0
903012,,42,-22.877771,-43.336302,2023-07-26 05:25:33,0.0,,volta,42 - MADUREIRA MANANCEIA X GALEAO (PARADOR) [VOLTA],47960.6,22.0
903015,,42,-22.839834,-43.239555,2023-07-26 05:25:15,0.0,,ida,42 - GALEÃO X MADUREIRA MANANCEIA (PARADOR) [IDA],47876.8,323.0
903016,,42,-22.809876,-43.251689,2023-07-26 05:25:25,28.4,,ida,42 - GALEÃO X MADUREIRA MANANCEIA (PARADOR) [IDA],42543.4,207.0
903017,,50,-23.002815,-43.325393,2023-07-26 05:25:27,0.0,,ida,50 - SENTIDO JD. OCEANICO (PARADOR) [IDA],44915.5,114.0
903020,,50,-23.000711,-43.367958,2023-07-26 05:25:32,25.1,,ida,50 - SENTIDO JD. OCEANICO (PARADOR) [IDA],43850.1,86.0
903024,,38,-22.87687,-43.33004,2023-07-26 05:25:24,0.0,,ida,38 - FUNDÃO X ALVORADA (PARADOR) [IDA],38022.8,
903025,,50,-22.999998,-43.352944,2023-07-26 05:25:22,0.0,,volta,50 - SENTIDO T. OLIMPICO (PARADOR) [VOLTA],39464.5,282.0
903014,,38,-22.960673,-43.391716,2023-07-26 05:25:30,7.9,,ida,38 - FUNDÃO X ALVORADA (PARADOR) [IDA],51736.8,248.0
901060,,51,-22.977298,-43.406638,2023-07-26 05:25:15,37.9,,volta,51 - SENTIDO V. MILITAR (PARADOR) [VOLTA],24788.9,30.0
903063,,17,-22.92025,-43.60814,2023-07-26 05:25:27,0.0,,ida,17 - SANTA CRUZ X CAMPO GRANDE (PARADOR) [IDA],21497.7,135.0
901000,,22,-23.000951,-43.365755,2023-07-26 05:25:25,0.0,,ida,22 - ALVORADA X J. OCEÂNICO (PARADOR) [IDA],30203.5,257.0
902113,,31,-22.852998,-43.313339,2023-07-26 05:25:17,0.0,,ida,31 - VICENTE DE CARVALHO X ALVORADA (SEMIDIRETO) [IDA],8853.9,
902118,,31,-22.852758,-43.312743,2023-07-26 05:25:17,0.0,,ida,31 - VICENTE DE CARVALHO X ALVORADA (SEMIDIRETO) [IDA],7645.9,52.0
902117,,31,-22.927453,-43.373596,2023-07-26 05:25:17,40.4,,ida,31 - VICENTE DE CARVALHO X ALVORADA (SEMIDIRETO) [IDA],10252.6,174.0
901044,,40,-22.956454,-43.378984,2023-07-26 05:25:19,59.2,,ida,40 - PAULO DA PORTELA X ALVORADA (EXPRESSO) [IDA],29605.7,231.0
903033,,42,-22.841658,-43.299243,2023-07-26 05:25:26,23.9,,ida,42 - GALEÃO X MADUREIRA MANANCEIA (PARADOR) [IDA],36575.8,236.0
902022,,46,-22.870428,-43.335737,2023-07-26 05:25:16,0.0,,ida,46 - PENHA X ALVORADA (EXPRESSO) [IDA],30790.6,183.0
901093,,51,-22.862058,-43.400371,2023-07-26 05:25:23,0.0,,ida,51 - SENTIDO RECREIO (PARADOR) [IDA],27803.2,237.0
902059,,43,-22.906482,-43.357735,2023-07-26 05:25:29,59.6,,volta,43 - SANTA EFIGENIA X FUNDÃO (EXPRESSO) [VOLTA],35717.6,17.0
901091,,51,-22.970125,-43.400209,2023-07-26 05:25:21,43.2,,ida,51 - SENTIDO RECREIO (PARADOR) [IDA],31134.4,216.0
901096,,51,-22.965659,-43.39124,2023-07-26 05:25:25,0.0,,volta,51 - SENTIDO V. MILITAR (PARADOR) [VOLTA],34298.2,154.0
901086,,53,-22.96686,-43.397045,2023-07-26 05:25:16,58.4,,ida,53 - SENTIDO ALVORADA (EXPRESSO) [IDA],48373.8,43.0
902032,,46,-23.001052,-43.367981,2023-07-26 05:25:24,0.0,,volta,46 - ALVORADA X PENHA (EXPRESSO) [VOLTA],36296.4,
902027,,43,-22.940395,-43.372442,2023-07-26 05:25:30,0.0,,volta,43 - SANTA EFIGENIA X FUNDÃO (EXPRESSO) [VOLTA],32881.6,
902031,,41,-22.854087,-43.251728,2023-07-26 04:25:47,0.0,,volta,41 - TERMINAL RECREIO X PAULO DA PORTELA (EXPRESSO) [VOLTA],34805.7,
902028,,46,-22.84131,-43.298512,2023-07-26 05:25:13,58.4,,volta,46 - ALVORADA X PENHA (EXPRESSO) [VOLTA],37601.8,55.0
902029,,46,-22.854238,-43.251812,2023-07-26 05:25:23,0.0,,ida,46 - PENHA X ALVORADA (EXPRESSO) [IDA],35412.3,
902018,,40,-22.9213,-43.370298,2023-07-26 05:25:20,0.0,,ida,40 - PAULO DA PORTELA X ALVORADA (EXPRESSO) [IDA],23645.6,239.0
902046,,46,-22.913177,-43.360522,2023-07-26 05:25:20,59.8,,ida,46 - PENHA X ALVORADA (EXPRESSO) [IDA],33381.0,188.0
12715,,20,-22.918777,-43.682602,2023-07-26 05:25:24,0.0,,ida,20 - SANTA CRUZ X SALVADOR ALLENDE (EXPRESSO) [IDA],42389.0,
902010,,40,-22.965603,-43.390508,2023-07-26 05:25:20,13.8,,ida,40 - PAULO DA PORTELA X ALVORADA (EXPRESSO) [IDA],10957.8,167.0
901089,,0,-22.965159,-43.391654,2023-07-26 05:22:31,0.0,,,,45838.9,155.0
901062,,51,-23.008081,-43.438986,2023-07-26 05:25:28,18.9,,volta,51 - SENTIDO V. MILITAR (PARADOR) [VOLTA],46937.2,111.0
902033,,43,-22.854364,-43.251309,2023-07-26 05:25:28,0.0,,volta,43 - SANTA EFIGENIA X FUNDÃO (EXPRESSO) [VOLTA],33362.1,
902053,,46,-22.85454,-43.251254,2023-07-26 05:25:18,0.0,,ida,46 - PENHA X ALVORADA (EXPRESSO) [IDA],33488.9,
E902000,,41,-22.83835,-43.2938,2023-07-26 05:25:25,60.4,,volta,41 - TERMINAL RECREIO X PAULO DA PORTELA (EXPRESSO) [VOLTA],10389.5,261.0
901067,,52,-22.971453,-43.400635,2023-07-26 05:25:30,17.0,,volta,52 - SENTIDO V. MILITAR (PARADOR) [VOLTA],41776.0,303.0
E902004,,41,-22.854452,-43.251596,2023-07-26 05:25:20,0.0,,volta,41 - TERMINAL RECREIO X PAULO DA PORTELA (EXPRESSO) [VOLTA],13269.1,94.0
12713,,18,-23.000112,-43.354007,2023-07-26 05:25:30,7.0,,ida,18 - RECREIO SHOPPING X JARDIM OCEÂNICO (EXPRESSO) [IDA],35264.2,90.0
902048,,46,-22.916958,-43.36265,2023-07-26 05:25:22,30.2,,volta,46 - ALVORADA X PENHA (EXPRESSO) [VOLTA],23973.5,47.0
902058,,46,-22.854163,-43.251917,2023-07-26 05:25:14,0.0,,ida,46 - PENHA X ALVORADA (EXPRESSO) [IDA],34575.2,
901068,,51,-22.946678,-43.393313,2023-07-26 05:25:31,54.5,,volta,51 - SENTIDO V. MILITAR (PARADOR) [VOLTA],50830.5,318.0
902003,,41,-22.849349,-43.264754,2023-07-26 05:25:18,53.1,,volta,41 - TERMINAL RECREIO X PAULO DA PORTELA (EXPRESSO) [VOLTA],17401.6,323.0
902102,,35,-22.902492,-43.355585,2023-07-26 05:25:21,52.8,,ida,35 - MADUREIRA X ALVORADA (PARADOR) [IDA],12384.5,211.0
901082,,53,-22.899485,-43.397764,2023-07-26 05:21:36,61.2,,ida,53 - SENTIDO ALVORADA (EXPRESSO) [IDA],47076.5,178.0
902066,,46,-22.854504,-43.251037,2023-07-26 05:25:32,0.0,,ida,46 - PENHA X ALVORADA (EXPRESSO) [IDA],31314.2,
902052,,46,-22.960376,-43.389806,2023-07-26 05:25:22,0.0,,volta,46 - ALVORADA X PENHA (EXPRESSO) [VOLTA],35624.7,25.0
902050,,43,-22.852751,-43.312778,2023-07-26 05:25:16,0.0,,volta,43 - SANTA EFIGENIA X FUNDÃO (EXPRESSO) [VOLTA],31275.5,49.0
902063,,46,-23.001382,-43.3668,2023-07-26 05:25:19,33.9,,volta,46 - ALVORADA X PENHA (EXPRESSO) [VOLTA],33268.6,87.0
902017,,31,-22.945666,-43.371963,2023-07-26 05:25:33,50.6,,ida,31 - VICENTE DE CARVALHO X ALVORADA (SEMIDIRETO) [IDA],23874.4,349.0
902008,,46,-22.879032,-43.340517,2023-07-26 05:25:23,40.2,,ida,46 - PENHA X ALVORADA (EXPRESSO) [IDA],10537.4,95.0
902047,,46,-22.852695,-43.312816,2023-07-26 05:25:15,19.7,,ida,46 - PENHA X ALVORADA (EXPRESSO) [IDA],23970.4,231.0
902051,,46,-22.937158,-43.372036,2023-07-26 05:25:19,30.0,,ida,46 - PENHA X ALVORADA (EXPRESSO) [IDA],33003.9,196.0
902067,,46,-23.001395,-43.367211,2023-07-26 05:25:19,0.0,,volta,46 - ALVORADA X PENHA (EXPRESSO) [VOLTA],34104.9,85.0
901088,,31,-22.966926,-43.390599,2023-07-26 05:25:23,0.0,,ida,31 - VICENTE DE CARVALHO X ALVORADA (SEMIDIRETO) [IDA],41618.5,192.0
901078,,52,-22.964539,-43.391953,2023-07-26 05:25:31,0.0,,ida,52 - SENTIDO ALVORADA (PARADOR) [IDA],33603.6,246.0
901098,,51,-22.866647,-43.41039,2023-07-26 05:25:21,53.5,,ida,51 - SENTIDO RECREIO (PARADOR) [IDA],27296.3,242.0
901090,,53,-22.965406,-43.391355,2023-07-26 05:25:33,0.0,,ida,53 - SENTIDO ALVORADA (EXPRESSO) [IDA],36783.0,
901076,,52,-22.862192,-43.400582,2023-07-26 05:25:27,0.0,,ida,52 - SENTIDO ALVORADA (PARADOR) [IDA],31275.2,
902054,,46,-22.84157,-43.276987,2023-07-26 05:25:18,0.0,,ida,46 - PENHA X ALVORADA (EXPRESSO) [IDA],35708.5,
901079,,53,-23.001302,-43.366969,2023-07-26 05:25:22,11.1,,volta,53 - SENTIDO SULACAP (EXPRESSO) [VOLTA],44068.2,87.0
901084,,53,-22.88404,-43.399719,2023-07-26 05:25:17,0.0,,ida,53 - SENTIDO ALVORADA (EXPRESSO) [IDA],52311.9,
901070,,52,-23.001399,-43.367654,2023-07-26 05:25:18,16.2,,volta,52 - SENTIDO V. MILITAR (PARADOR) [VOLTA],40499.1,82.0
902080,,46,-22.973284,-43.382018,2023-07-26 05:25:26,19.2,,ida,46 - PENHA X ALVORADA (EXPRESSO) [IDA],34364.0,90.0
901081,,53,-22.965339,-43.395858,2023-07-26 05:25:32,51.7,,ida,53 - SENTIDO ALVORADA (EXPRESSO) [IDA],41811.3,220.0
902065,,43,-22.854797,-43.323184,2023-07-26 05:25:22,37.1,,ida,43 - FUNDÃO X SANTA EFIGENIA (EXPRESSO) [IDA],35370.4,228.0
901069,,52,-22.983762,-43.365686,2023-07-26 05:25:23,12.0,,volta,52 - SENTIDO V. MILITAR (PARADOR) [VOLTA],37746.9,359.0
901074,,52,-22.922017,-43.397434,2023-07-26 05:25:19,59.8,,ida,52 - SENTIDO ALVORADA (PARADOR) [IDA],39522.4,201.0
902030,,31,-22.957955,-43.380982,2023-07-26 05:25:17,50.3,,ida,31 - VICENTE DE CARVALHO X ALVORADA (SEMIDIRETO) [IDA],11309.1,241.0
902071,,46,-22.973303,-43.366038,2023-07-26 05:25:21,19.9,,volta,46 - ALVORADA X PENHA (EXPRESSO) [VOLTA],35943.1,266.0
902072,,43,-22.83951,-43.239744,2023-07-26 05:25:24,0.0,,ida,43 - FUNDÃO X SANTA EFIGENIA (EXPRESSO) [IDA],32690.7,
902101,,31,-22.876606,-43.329854,2023-07-26 05:25:30,0.0,,ida,31 - VICENTE DE CARVALHO X ALVORADA (SEMIDIRETO) [IDA],10054.8,
902068,,43,-22.854457,-43.251718,2023-07-26 05:25:30,0.0,,ida,43 - FUNDÃO X SANTA EFIGENIA (EXPRESSO) [IDA],35600.1,
902064,,41,-22.877566,-43.336956,2023-07-26 05:25:25,0.0,,ida,41 - PAULO DA PORTELA X TERMINAL RECREIO (EXPRESSO) [IDA],0.0,
901083,,53,-22.884443,-43.400488,2023-07-26 05:25:21,19.4,,ida,53 - SENTIDO ALVORADA (EXPRESSO) [IDA],49425.9,194.0
901087,,53,-22.93589,-43.39546,2023-07-26 05:25:19,59.1,,ida,53 - SENTIDO ALVORADA (EXPRESSO) [IDA],47532.7,349.0
902085,,46,-22.838044,-43.292273,2023-07-26 05:25:19,53.9,,ida,46 - PENHA X ALVORADA (EXPRESSO) [IDA],34056.6,257.0
E902001,,41,-22.858235,-43.329404,2023-07-26 05:25:26,39.1,,volta,41 - TERMINAL RECREIO X PAULO DA PORTELA (EXPRESSO) [VOLTA],20880.0,188.0
E902006,,40,-22.898247,-43.35277,2023-07-26 05:25:15,3.1,,ida,40 - PAULO DA PORTELA X ALVORADA (EXPRESSO) [IDA],19308.6,215.0
E902011,,40,-22.878575,-43.336287,2023-07-26 05:25:16,0.0,,ida,40 - PAULO DA PORTELA X ALVORADA (EXPRESSO) [IDA],8602.8,
E902014,,41,-22.965207,-43.392077,2023-07-26 05:25:19,0.0,,volta,41 - TERMINAL RECREIO X PAULO DA PORTELA (EXPRESSO) [VOLTA],16099.0,
902002,,41,-22.879172,-43.336524,2023-07-26 05:25:28,0.0,,volta,41 - TERMINAL RECREIO X PAULO DA PORTELA (EXPRESSO) [VOLTA],19836.4,
901095,,51,-22.938397,-43.394908,2023-07-26 05:25:07,54.1,,volta,51 - SENTIDO V. MILITAR (PARADOR) [VOLTA],35042.9,350.0
902069,,41,-22.979864,-43.408771,2023-07-26 05:25:25,36.7,,ida,41 - PAULO DA PORTELA X TERMINAL RECREIO (EXPRESSO) [IDA],32594.5,216.0
902094,,35,-22.878509,-43.336305,2023-07-26 05:25:15,0.0,,ida,35 - MADUREIRA X ALVORADA (PARADOR) [IDA],9094.2,
903068,,17,-22.907814,-43.577124,2023-07-26 05:25:19,14.1,,volta,17 - CAMPO GRANDE  X SANTA CRUZ (PARADOR) [VOLTA],20738.4,255.0
902081,,31,-22.878316,-43.329135,2023-07-26 05:25:30,19.6,,ida,31 - VICENTE DE CARVALHO X ALVORADA (SEMIDIRETO) [IDA],11487.3,177.0
902075,,31,-22.851199,-43.310575,2023-07-26 05:25:20,17.0,,ida,31 - VICENTE DE CARVALHO X ALVORADA (SEMIDIRETO) [IDA],14101.4,247.0
902082,,35,-22.984167,-43.365769,2023-07-26 05:25:22,0.0,,ida,35 - MADUREIRA X ALVORADA (PARADOR) [IDA],10878.3,178.0
903062,,17,-22.907138,-43.570565,2023-07-26 05:25:17,2.1,,ida,17 - SANTA CRUZ X CAMPO GRANDE (PARADOR) [IDA],20196.2,89.0
902089,,35,-23.000911,-43.367237,2023-07-26 05:25:16,0.0,,volta,35 - ALVORADA  X  MADUREIRA (PARADOR) [VOLTA],9774.7,
903041,,50,-22.907125,-43.357952,2023-07-26 05:25:30,56.4,,ida,50 - SENTIDO JD. OCEANICO (PARADOR) [IDA],27439.1,196.0
903051,,50,-22.97232,-43.401057,2023-07-26 05:25:33,8.3,,ida,50 - SENTIDO JD. OCEANICO (PARADOR) [IDA],31059.3,176.0
902055,,46,-22.885024,-43.343038,2023-07-26 05:25:27,42.4,,ida,46 - PENHA X ALVORADA (EXPRESSO) [IDA],25.1,213.0
903044,,42,-22.847113,-43.243854,2023-07-26 05:25:33,4.5,,ida,42 - GALEÃO X MADUREIRA MANANCEIA (PARADOR) [IDA],29210.4,171.0
902043,,41,-22.901302,-43.35481,2023-07-26 05:25:14,57.5,,volta,41 - TERMINAL RECREIO X PAULO DA PORTELA (EXPRESSO) [VOLTA],29104.3,212.0
902036,,41,-22.93793,-43.372252,2023-07-26 05:25:14,39.1,,ida,41 - PAULO DA PORTELA X TERMINAL RECREIO (EXPRESSO) [IDA],32326.9,186.0
903047,,42,-22.842128,-43.273449,2023-07-26 05:25:27,42.6,,ida,42 - GALEÃO X MADUREIRA MANANCEIA (PARADOR) [IDA],23092.3,111.0
902074,,31,-22.852455,-43.312623,2023-07-26 05:25:19,0.0,,ida,31 - VICENTE DE CARVALHO X ALVORADA (SEMIDIRETO) [IDA],9772.0,
903040,,17,-22.915725,-43.62604,2023-07-26 05:25:16,51.4,,volta,17 - CAMPO GRANDE  X SANTA CRUZ (PARADOR) [VOLTA],18471.4,290.0
902044,,43,-22.906471,-43.357745,2023-07-26 05:25:29,58.5,,ida,43 - FUNDÃO X SANTA EFIGENIA (EXPRESSO) [IDA],31240.3,197.0
902038,,46,-22.840509,-43.239934,2023-07-26 05:25:29,33.7,,ida,46 - PENHA X ALVORADA (EXPRESSO) [IDA],7577.6,311.0
903064,,50,-22.973291,-43.393326,2023-07-26 05:25:31,0.0,,ida,50 - SENTIDO JD. OCEANICO (PARADOR) [IDA],22140.3,68.0
902037,,41,-22.854415,-43.251539,2023-07-26 05:25:20,0.0,,volta,41 - TERMINAL RECREIO X PAULO DA PORTELA (EXPRESSO) [VOLTA],35848.8,
903069,,17,-22.916256,-43.684723,2023-07-26 05:25:31,11.1,,ida,17 - SANTA CRUZ X CAMPO GRANDE (PARADOR) [IDA],22413.5,196.0
902042,,46,-22.887432,-43.34515,2023-07-26 05:25:26,15.3,,volta,46 - ALVORADA X PENHA (EXPRESSO) [VOLTA],31931.5,34.0
902040,,46,-22.852773,-43.312843,2023-07-26 05:25:31,0.3,,volta,46 - ALVORADA X PENHA (EXPRESSO) [VOLTA],34121.5,49.0
903038,,17,-22.932273,-43.671561,2023-07-26 05:25:17,45.8,,volta,17 - CAMPO GRANDE  X SANTA CRUZ (PARADOR) [VOLTA],26549.9,309.0
903053,,17,-22.914223,-43.601934,2023-07-26 05:25:33,0.0,,volta,17 - CAMPO GRANDE  X SANTA CRUZ (PARADOR) [VOLTA],21465.0,269.0
902076,,46,-22.854551,-43.251796,2023-07-26 05:25:13,0.0,,ida,46 - PENHA X ALVORADA (EXPRESSO) [IDA],27510.5,
902083,,31,-22.876534,-43.329835,2023-07-26 05:25:23,0.0,,ida,31 - VICENTE DE CARVALHO X ALVORADA (SEMIDIRETO) [IDA],5228.4,
902096,,35,-22.973297,-43.375763,2023-07-26 05:25:13,0.0,,volta,35 - ALVORADA  X  MADUREIRA (PARADOR) [VOLTA],14226.8,274.0
902100,,35,-22.8798,-43.341799,2023-07-26 05:25:28,43.8,,ida,35 - MADUREIRA X ALVORADA (PARADOR) [IDA],13436.3,183.0
903059,,17,-22.918619,-43.682704,2023-07-26 05:25:24,0.0,,ida,17 - SANTA CRUZ X CAMPO GRANDE (PARADOR) [IDA],18750.4,326.0
902079,,46,-22.846291,-43.303205,2023-07-26 05:25:20,52.7,,ida,46 - PENHA X ALVORADA (EXPRESSO) [IDA],30825.4,241.0
903066,,17,-22.920521,-43.643654,2023-07-26 05:25:23,26.4,,ida,17 - SANTA CRUZ X CAMPO GRANDE (PARADOR) [IDA],24881.5,57.0
902099,,35,-22.93511,-43.37198,2023-07-26 05:25:21,33.7,,ida,35 - MADUREIRA X ALVORADA (PARADOR) [IDA],11549.4,162.0
902091,,35,-23.001088,-43.367031,2023-07-26 05:25:22,28.3,,volta,35 - ALVORADA  X  MADUREIRA (PARADOR) [VOLTA],14058.7,266.0
901099,,51,-23.000895,-43.430799,2023-07-26 05:25:24,41.2,,ida,51 - SENTIDO RECREIO (PARADOR) [IDA],29496.8,228.0
903046,,42,-22.852409,-43.316287,2023-07-26 05:25:30,31.6,,volta,42 - MADUREIRA MANANCEIA X GALEAO (PARADOR) [VOLTA],29790.3,83.0
86835,,12,-22.91919,-43.607858,2023-07-26 05:25:32,0.0,,ida,12 - PINGO D'AGUA X ALVORADA (EXPRESSO) [IDA],13546.9,
44706,LRG8855,20,-22.91691,-43.683533,2023-07-26 05:25:16,0.0,,ida,20 - SANTA CRUZ X SALVADOR ALLENDE (EXPRESSO) [IDA],21875.4,
903065,,17,-22.916827,-43.632727,2023-07-26 05:25:21,0.0,,volta,17 - CAMPO GRANDE  X SANTA CRUZ (PARADOR) [VOLTA],16969.5,214.0
901008,,22,-23.006608,-43.312968,2023-07-26 05:26:31,0.0,,volta,22 - J. OCEÂNICO X ALVORADA (PARADOR) [VOLTA],22789.5,271.0
901011,RIV8A74,22,-23.000064,-43.358666,2023-07-26 05:26:29,41.9,,ida,22 - ALVORADA X J. OCEÂNICO (PARADOR) [IDA],23501.5,91.0
901007,,22,-23.006294,-43.316201,2023-07-26 05:26:29,53.2,,volta,22 - J. OCEÂNICO X ALVORADA (PARADOR) [VOLTA],21824.7,284.0
901009,,22,-23.003349,-43.324155,2023-07-26 05:26:17,23.5,,ida,22 - ALVORADA X J. OCEÂNICO (PARADOR) [IDA],20869.9,106.0
901010,RJM8G30,22,-23.000257,-43.345531,2023-07-26 05:26:26,34.4,,ida,22 - ALVORADA X J. OCEÂNICO (PARADOR) [IDA],22872.3,91.0
901017,,22,-23.00086,-43.366194,2023-07-26 05:26:26,0.0,,ida,22 - ALVORADA X J. OCEÂNICO (PARADOR) [IDA],25122.8,217.0
901006,RJA9F56,22,-23.000837,-43.330705,2023-07-26 05:26:23,42.6,,volta,22 - J. OCEÂNICO X ALVORADA (PARADOR) [VOLTA],19385.9,278.0
901005,RJB8E53,22,-23.000122,-43.352651,2023-07-26 05:26:28,9.2,,volta,22 - J. OCEÂNICO X ALVORADA (PARADOR) [VOLTA],21647.6,255.0
901004,RJQ8J80,22,-23.001123,-43.36734,2023-07-26 05:26:23,29.1,,ida,22 - ALVORADA X J. OCEÂNICO (PARADOR) [IDA],21439.0,265.0
30504,,25,-23.020378,-43.500697,2023-07-26 05:26:25,28.9,,volta,25 - ALVORADA X MATO ALTO (PARADOR) [VOLTA],53640.1,288.0
47031,KYW5240,25,-23.000747,-43.365158,2023-07-26 05:26:23,0.0,,volta,25 - ALVORADA X MATO ALTO (PARADOR) [VOLTA],50908.2,91.0
30533,KWO8120,13,-22.918925,-43.607598,2023-07-26 05:26:31,0.0,,ida,13 - MATO ALTO X ALVORADA (EXPRESSO) [IDA],52594.9,
30538,KXE7719,20,-22.919781,-43.681803,2023-07-26 05:26:29,12.3,,volta,20 - SALVADOR ALLENDE X SANTA CRUZ (EXPRESSO) [VOLTA],55906.3,320.0
50309,KPN6B05,13,-23.000753,-43.366131,2023-07-26 05:26:28,0.0,,volta,13 - ALVORADA X  MATO ALTO (EXPRESSO) [VOLTA],20092.5,
30532,KYL8599,13,-23.000421,-43.377839,2023-07-26 05:26:15,59.5,,ida,13 - MATO ALTO X ALVORADA (EXPRESSO) [IDA],41776.1,89.0
13423,LSI5976,25,-22.992938,-43.598049,2023-07-26 05:26:31,0.0,,ida,25 - MATO ALTO X ALVORADA (PARADOR) [IDA],41126.5,136.0
90002,LMB2D92,19,-22.966209,-43.644892,2023-07-26 05:26:15,0.0,,ida,19 - PINGO D'AGUA X SALVADOR ALLENDE (EXPRESSO) [IDA],55845.4,104.0
47030,LSQ5263,20,-23.006642,-43.435597,2023-07-26 05:26:29,66.6,,volta,20 - SALVADOR ALLENDE X SANTA CRUZ (EXPRESSO) [VOLTA],53795.1,75.0
30519,LRE9804,11,-22.920074,-43.608092,2023-07-26 05:26:20,0.0,,ida,11 - SANTA CRUZ X ALVORADA (PARADOR) [IDA],51494.8,
90005,KWK6A89,20,-22.916939,-43.683501,2023-07-26 05:26:15,0.0,,ida,20 - SANTA CRUZ X SALVADOR ALLENDE (EXPRESSO) [IDA],49835.7,297.0
86851,KQO8674,14,-22.918849,-43.607014,2023-07-26 05:26:33,0.0,,ida,14 - SANTA EUGÊNIA X SALVADOR ALLENDE (EXPRESSO) [IDA],12881.3,
86875,KQB4103,12,-22.945755,-43.65692,2023-07-26 05:26:28,47.8,,ida,12 - PINGO D'AGUA X ALVORADA (EXPRESSO) [IDA],13021.3,106.0
30518,KYL8597,25,-23.000166,-43.414356,2023-07-26 05:26:24,42.9,,volta,25 - ALVORADA X MATO ALTO (PARADOR) [VOLTA],37116.3,261.0
47029,LSQ5267,20,-22.924034,-43.679278,2023-07-26 05:25:59,19.4,,ida,20 - SANTA CRUZ X SALVADOR ALLENDE (EXPRESSO) [IDA],56966.4,174.0
47012,KPZ8364,20,-22.968987,-43.623493,2023-07-26 05:26:18,14.9,,ida,20 - SANTA CRUZ X SALVADOR ALLENDE (EXPRESSO) [IDA],55000.7,77.0
86885,LTB5540,14,-22.929558,-43.655288,2023-07-26 05:26:28,52.9,,ida,14 - SANTA EUGÊNIA X SALVADOR ALLENDE (EXPRESSO) [IDA],514720.3,211.0
12738,KRR2404,25,-22.99301,-43.597939,2023-07-26 05:26:23,16.9,,ida,25 - MATO ALTO X ALVORADA (PARADOR) [IDA],37392.6,137.0
86886,LTB5541,14,-22.974806,-43.612594,2023-07-26 05:26:27,55.1,,ida,14 - SANTA EUGÊNIA X SALVADOR ALLENDE (EXPRESSO) [IDA],13099.5,161.0
13428,KXE7712,11,-22.920172,-43.607851,2023-07-26 05:26:16,0.0,,ida,11 - SANTA CRUZ X ALVORADA (PARADOR) [IDA],57799.4,172.0
47006,KWZ8630,18,-23.019065,-43.505091,2023-07-26 05:26:22,0.0,,ida,18 - RECREIO SHOPPING X JARDIM OCEÂNICO (EXPRESSO) [IDA],50888.5,296.0
47007,LSP6018,18,-22.92053,-43.607679,2023-07-26 05:26:21,0.0,,ida,18 - RECREIO SHOPPING X JARDIM OCEÂNICO (EXPRESSO) [IDA],42179.7,158.0
13413,KWI9711,25,-23.009263,-43.540316,2023-07-26 05:26:29,35.2,,ida,25 - MATO ALTO X ALVORADA (PARADOR) [IDA],43518.4,117.0
90001,KPZ5E15,19,-23.011203,-43.533654,2023-07-26 05:26:05,60.1,,ida,19 - PINGO D'AGUA X SALVADOR ALLENDE (EXPRESSO) [IDA],44146.0,93.0
901057,,52,-22.862952,-43.402243,2023-07-26 05:26:15,60.1,,volta,52 - SENTIDO V. MILITAR (PARADOR) [VOLTA],51077.8,62.0
901003,RKM8C54,22,-23.000677,-43.365976,2023-07-26 05:26:27,0.0,,ida,22 - ALVORADA X J. OCEÂNICO (PARADOR) [IDA],22833.7,40.0
86874,KQB4102,20,-22.919974,-43.607615,2023-07-26 05:26:14,13.2,,ida,20 - SANTA CRUZ X SALVADOR ALLENDE (EXPRESSO) [IDA],512858.6,286.0
86879,LTN5696,13,-22.994012,-43.597217,2023-07-26 05:26:27,0.0,,ida,13 - MATO ALTO X ALVORADA (EXPRESSO) [IDA],1813.1,
47009,KPZ8430,20,-22.920226,-43.607948,2023-07-26 05:26:04,0.0,,ida,20 - SANTA CRUZ X SALVADOR ALLENDE (EXPRESSO) [IDA],54120.8,26.0
47014,KZI4452,19,-22.917292,-43.606959,2023-07-26 05:26:33,0.0,,ida,19 - PINGO D'AGUA X SALVADOR ALLENDE (EXPRESSO) [IDA],38000.1,
30537,KXE7720,12,-22.966201,-43.645026,2023-07-26 05:26:17,40.3,,ida,12 - PINGO D'AGUA X ALVORADA (EXPRESSO) [IDA],51516.8,107.0
50301,KPP5B70,25,-23.017836,-43.510199,2023-07-26 05:26:04,14.9,,volta,25 - ALVORADA X MATO ALTO (PARADOR) [VOLTA],3957.2,288.0
47018,LRS2843,0,-22.917615,-43.607056,2023-07-26 05:26:17,0.0,,,,32975.1,
44713,KPZ3559,20,-22.92066,-43.607883,2023-07-26 05:26:29,0.0,,ida,20 - SANTA CRUZ X SALVADOR ALLENDE (EXPRESSO) [IDA],29573.1,
13401,KQO7822,19,-23.01309,-43.462081,2023-07-26 05:26:16,13.9,,volta,19 - SALVADOR ALLENDE X PINGO D'AGUA (EXPRESSO) [VOLTA],53653.4,254.0
13421,KWO8119,10,-22.920238,-43.608202,2023-07-26 05:26:17,0.0,,ida,10 - SANTA CRUZ X ALVORADA (EXPRESSO) [IDA],14957.8,
27174,KQP5437,13,-23.015561,-43.470872,2023-07-26 05:26:19,8.6,,ida,13 - MATO ALTO X ALVORADA (EXPRESSO) [IDA],18887.0,74.0
47026,KYA7928,10,-22.920584,-43.608013,2023-07-26 05:26:30,0.0,,ida,10 - SANTA CRUZ X ALVORADA (EXPRESSO) [IDA],32900.199,
86889,KRQ6878,10,-23.000893,-43.367123,2023-07-26 05:26:17,0.0,,volta,10 - ALVORADA X SANTA CRUZ (EXPRESSO) [VOLTA],514962.4,
12724,LMJ1118,18,-23.002037,-43.421047,2023-07-26 05:26:17,58.7,,ida,18 - RECREIO SHOPPING X JARDIM OCEÂNICO (EXPRESSO) [IDA],9651.9,70.0
27209,LSL9B07,25,-23.01965,-43.486902,2023-07-26 05:26:32,0.0,,ida,25 - MATO ALTO X ALVORADA (PARADOR) [IDA],10086.7,77.0
27176,LRK9563,18,-23.012476,-43.459096,2023-07-26 05:26:29,14.4,,ida,18 - RECREIO SHOPPING X JARDIM OCEÂNICO (EXPRESSO) [IDA],13515.2,72.0
30511,KPV2250,13,-23.007297,-43.549512,2023-07-26 05:26:31,59.4,,volta,13 - ALVORADA X  MATO ALTO (EXPRESSO) [VOLTA],49455.8,285.0
13427,KXE7711,0,-22.920629,-43.608335,2023-07-26 05:26:26,0.0,,,,51855.6,
12725,LMJ1327,25,-22.992374,-43.598594,2023-07-26 05:26:28,0.0,,ida,25 - MATO ALTO X ALVORADA (PARADOR) [IDA],39261.3,
13404,KQO7823,20,-23.002954,-43.424496,2023-07-26 05:26:23,0.0,,ida,20 - SANTA CRUZ X SALVADOR ALLENDE (EXPRESSO) [IDA],56110.9,245.0
47022,KRM7701,10,-22.968845,-43.623508,2023-07-26 05:26:29,42.1,,volta,10 - ALVORADA X SANTA CRUZ (EXPRESSO) [VOLTA],12961.8,257.0
13422,LSI5978,20,-23.019683,-43.487444,2023-07-26 05:26:31,9.5,,ida,20 - SANTA CRUZ X SALVADOR ALLENDE (EXPRESSO) [IDA],40398.2,73.0
12730,LSO8993,19,-22.97079,-43.615454,2023-07-26 05:26:27,59.3,,volta,19 - SALVADOR ALLENDE X PINGO D'AGUA (EXPRESSO) [VOLTA],9269.2,315.0
86872,LSH7386,13,-23.011932,-43.531488,2023-07-26 05:25:13,50.8,,ida,13 - MATO ALTO X ALVORADA (EXPRESSO) [IDA],22423.8,123.0
47017,LRS2841,20,-22.998977,-43.58569,2023-07-26 05:26:22,56.5,,ida,20 - SANTA CRUZ X SALVADOR ALLENDE (EXPRESSO) [IDA],47910.5,105.0
86859,KWJ9250,19,-23.001659,-43.419366,2023-07-26 05:26:31,0.0,,volta,19 - SALVADOR ALLENDE X PINGO D'AGUA (EXPRESSO) [VOLTA],18706.8,72.0
30509,KYM4574,13,-23.00013,-43.39757,2023-07-26 05:26:14,56.7,,volta,13 - ALVORADA X  MATO ALTO (EXPRESSO) [VOLTA],53047.8,272.0
12710,KRO9724,13,-22.993091,-43.597922,2023-07-26 05:26:17,0.0,,ida,13 - MATO ALTO X ALVORADA (EXPRESSO) [IDA],38381.0,
12720,KXD9430,20,-23.018929,-43.505347,2023-07-26 05:26:18,58.7,,volta,20 - SALVADOR ALLENDE X SANTA CRUZ (EXPRESSO) [VOLTA],21776.2,291.0
13407,KPY9732,18,-23.017035,-43.476856,2023-07-26 05:26:32,22.1,,ida,18 - RECREIO SHOPPING X JARDIM OCEÂNICO (EXPRESSO) [IDA],45439.0,73.0
30514,KYL8595,11,-22.920121,-43.607856,2023-07-26 05:26:27,0.0,,ida,11 - SANTA CRUZ X ALVORADA (PARADOR) [IDA],38408.7,
47010,KPZ8363,25,-23.000319,-43.377082,2023-07-26 05:26:34,11.5,,ida,25 - MATO ALTO X ALVORADA (PARADOR) [IDA],42595.3,94.0
12734,LSP8673,11,-22.918882,-43.607511,2023-07-26 05:26:28,0.0,,ida,11 - SANTA CRUZ X ALVORADA (PARADOR) [IDA],16895.4,
90006,LRH6D12,20,-22.91807,-43.68307,2023-07-26 05:26:14,0.0,,ida,20 - SANTA CRUZ X SALVADOR ALLENDE (EXPRESSO) [IDA],29710.8,332.0
30524,LRC6601,25,-23.00284,-43.423486,2023-07-26 05:26:21,19.6,,ida,25 - MATO ALTO X ALVORADA (PARADOR) [IDA],29240.5,85.0
13415,KQK7905,25,-23.000644,-43.366312,2023-07-26 05:26:26,0.0,,volta,25 - ALVORADA X MATO ALTO (PARADOR) [VOLTA],45135.0,
901002,,22,-23.000957,-43.365046,2023-07-26 05:26:26,0.1,,ida,22 - ALVORADA X J. OCEÂNICO (PARADOR) [IDA],17407.4,219.0
B13,KYM5979,14,-22.916644,-43.628873,2023-07-26 05:26:24,10.1,,ida,14 - SANTA EUGÊNIA X SALVADOR ALLENDE (EXPRESSO) [IDA],1187.9,164.0
B16,LSI3468,14,-22.961253,-43.648409,2023-07-26 05:26:30,0.0,,ida,14 - SANTA EUGÊNIA X SALVADOR ALLENDE (EXPRESSO) [IDA],1124.0,
B35,LTI1196,14,-22.961228,-43.648339,2023-07-26 05:26:20,0.0,,ida,14 - SANTA EUGÊNIA X SALVADOR ALLENDE (EXPRESSO) [IDA],1073.3,
B17,KWY8231,14,-22.961339,-43.64825,2023-07-26 05:26:20,0.0,,ida,14 - SANTA EUGÊNIA X SALVADOR ALLENDE (EXPRESSO) [IDA],1235.8,42.0
B20,LMH6141,14,-23.008657,-43.444801,2023-07-26 05:26:24,39.7,,volta,14 - SALVADOR ALLENDE x SANTA EUGÊNIA (EXPRESSO) [VOLTA],1174.7,254.0
B19,KZJ7238,14,-22.916566666666668,-43.631663333333336,2023-07-26 05:26:34,0.0,,ida,14 - SANTA EUGÊNIA X SALVADOR ALLENDE (EXPRESSO) [IDA],104993.2,225.0
B14,KRK9519,14,-22.936063,-43.666858,2023-07-26 05:26:26,19.6,,volta,14 - SALVADOR ALLENDE x SANTA EUGÊNIA (EXPRESSO) [VOLTA],1196.1,20.0
B11,KRK9516,14,-22.945352,-43.658389,2023-07-26 05:26:19,48.1,,ida,14 - SANTA EUGÊNIA X SALVADOR ALLENDE (EXPRESSO) [IDA],1225.9,105.0
B12,LMH5981,14,-22.933829,-43.664235,2023-07-26 05:26:19,39.6,,ida,14 - SANTA EUGÊNIA X SALVADOR ALLENDE (EXPRESSO) [IDA],1154.6,255.0
B24,LSO7028,14,-23.019587,-43.486626,2023-07-26 05:26:20,0.0,,ida,14 - SANTA EUGÊNIA X SALVADOR ALLENDE (EXPRESSO) [IDA],1209.7,311.0
B25,,14,-23.008622,-43.541404,2023-07-26 05:26:33,48.1,,ida,14 - SANTA EUGÊNIA X SALVADOR ALLENDE (EXPRESSO) [IDA],1123.5,123.0
B28,KQP5E29,14,-22.916453,-43.631087,2023-07-26 05:26:17,0.0,,ida,14 - SANTA EUGÊNIA X SALVADOR ALLENDE (EXPRESSO) [IDA],1141.7,258.0
B40,,14,-22.916936,-43.633729,2023-07-26 05:26:21,34.4,,ida,14 - SANTA EUGÊNIA X SALVADOR ALLENDE (EXPRESSO) [IDA],749.9,258.0
B41,,14,-22.916769,-43.632714,2023-07-26 05:26:15,3.2,,ida,14 - SANTA EUGÊNIA X SALVADOR ALLENDE (EXPRESSO) [IDA],1178.3,260.0
901001,RJD7J89,22,-23.000943,-43.365234,2023-07-26 05:26:31,0.0,,ida,22 - ALVORADA X J. OCEÂNICO (PARADOR) [IDA],17343.0,270.0
B47,,14,-22.96882,-43.622555,2023-07-26 05:26:26,22.3,,ida,14 - SANTA EUGÊNIA X SALVADOR ALLENDE (EXPRESSO) [IDA],1189.6,83.0
B048,,14,-22.916539,-43.631477,2023-07-26 05:26:27,0.1,,ida,14 - SANTA EUGÊNIA X SALVADOR ALLENDE (EXPRESSO) [IDA],1167.9,258.0
B49,,14,-23.005102,-43.55967,2023-07-26 05:26:33,10.2,,ida,14 - SANTA EUGÊNIA X SALVADOR ALLENDE (EXPRESSO) [IDA],1153.8,103.0
B54,,14,-22.96146,-43.648458,2023-07-26 05:26:14,0.0,,ida,14 - SANTA EUGÊNIA X SALVADOR ALLENDE (EXPRESSO) [IDA],1176.6,133.0
B55,,14,-23.019112,-43.50495,2023-07-26 05:26:18,58.3,,volta,14 - SALVADOR ALLENDE x SANTA EUGÊNIA (EXPRESSO) [VOLTA],1163.1,297.0
B53,,14,-22.965088,-43.647803,2023-07-26 05:26:07,20.4,,ida,14 - SANTA EUGÊNIA X SALVADOR ALLENDE (EXPRESSO) [IDA],1204.4,180.0
B51,,14,-22.994812,-43.595416,2023-07-26 05:26:20,21.1,,volta,14 - SALVADOR ALLENDE x SANTA EUGÊNIA (EXPRESSO) [VOLTA],1245.6,310.0
901077,,52,-22.85851,-43.393255,2023-07-26 05:26:16,15.0,,ida,52 - SENTIDO ALVORADA (PARADOR) [IDA],26525.5,243.0
902119,,35,-22.881784,-43.341718,2023-07-26 05:26:21,18.2,,volta,35 - ALVORADA  X  MADUREIRA (PARADOR) [VOLTA],7696.8,10.0
901058,,51,-22.862161,-43.400433,2023-07-26 05:26:25,0.0,,ida,51 - SENTIDO RECREIO (PARADOR) [IDA],44206.4,60.0
901071,,22,-22.972993,-43.398238,2023-07-26 05:26:20,0.0,,ida,22 - ALVORADA X J. OCEÂNICO (PARADOR) [IDA],43440.5,271.0
903027,,50,-22.973402,-43.367364,2023-07-26 05:26:18,58.4,,ida,50 - SENTIDO JD. OCEANICO (PARADOR) [IDA],49617.8,88.0
903026,,50,-23.00385,-43.322539,2023-07-26 05:26:23,39.7,,volta,50 - SENTIDO T. OLIMPICO (PARADOR) [VOLTA],48962.7,290.0
903029,,50,-22.968503,-43.398391,2023-07-26 05:26:21,58.9,,ida,50 - SENTIDO JD. OCEANICO (PARADOR) [IDA],33513.1,42.0
902116,,35,-22.999505,-43.368592,2023-07-26 05:26:23,35.1,,volta,35 - ALVORADA  X  MADUREIRA (PARADOR) [VOLTA],11180.4,42.0
902115,,35,-22.952848,-43.374985,2023-07-26 05:26:22,44.6,,volta,35 - ALVORADA  X  MADUREIRA (PARADOR) [VOLTA],14871.1,32.0
901061,,51,-22.861576,-43.399585,2023-07-26 05:26:17,11.9,,ida,51 - SENTIDO RECREIO (PARADOR) [IDA],43316.1,242.0
903030,,50,-22.97236,-43.401173,2023-07-26 05:26:27,0.0,,ida,50 - SENTIDO JD. OCEANICO (PARADOR) [IDA],40967.7,183.0
901064,,22,-22.96458,-43.391741,2023-07-26 05:26:19,0.0,,ida,22 - ALVORADA X J. OCEÂNICO (PARADOR) [IDA],48930.5,
901073,,51,-22.965326,-43.395794,2023-07-26 05:25:39,54.0,,ida,51 - SENTIDO RECREIO (PARADOR) [IDA],41863.6,221.0
901048,,51,-23.008487,-43.44007,2023-07-26 05:26:33,0.0,,volta,51 - SENTIDO V. MILITAR (PARADOR) [VOLTA],26350.2,62.0
901065,,52,-22.88952,-43.400875,2023-07-26 05:26:28,60.7,,ida,52 - SENTIDO ALVORADA (PARADOR) [IDA],35402.7,175.0
903031,,38,-22.912037,-43.360411,2023-07-26 05:26:15,59.1,,ida,38 - FUNDÃO X ALVORADA (PARADOR) [IDA],40609.2,183.0
903032,,42,-22.857525,-43.257768,2023-07-26 05:26:30,10.2,,volta,42 - MADUREIRA MANANCEIA X GALEAO (PARADOR) [VOLTA],42718.0,97.0
901075,,51,-22.891671,-43.400494,2023-07-26 05:26:17,59.6,,volta,51 - SENTIDO V. MILITAR (PARADOR) [VOLTA],49010.8,164.0
903055,,17,-22.930241,-43.67428,2023-07-26 05:26:21,25.2,,ida,17 - SANTA CRUZ X CAMPO GRANDE (PARADOR) [IDA],18911.9,132.0
903037,,17,-22.915475,-43.606935,2023-07-26 05:26:28,40.1,,ida,17 - SANTA CRUZ X CAMPO GRANDE (PARADOR) [IDA],20713.0,70.0
903002,,42,-22.85668,-43.328841,2023-07-26 05:26:15,37.0,,volta,42 - MADUREIRA MANANCEIA X GALEAO (PARADOR) [VOLTA],6976.1,71.0
901080,,53,-22.976092,-43.36461,2023-07-26 05:26:34,54.2,,ida,53 - SENTIDO ALVORADA (EXPRESSO) [IDA],31290.2,201.0
902110,,35,-22.92929,-43.373403,2023-07-26 05:26:30,0.0,,volta,35 - ALVORADA  X  MADUREIRA (PARADOR) [VOLTA],8841.4,355.0
902114,,35,-22.878238,-43.336323,2023-07-26 05:26:24,0.0,,ida,35 - MADUREIRA X ALVORADA (PARADOR) [IDA],8978.3,
902078,,31,-22.863975,-43.333184,2023-07-26 05:26:15,56.1,,ida,31 - VICENTE DE CARVALHO X ALVORADA (SEMIDIRETO) [IDA],10284.5,45.0
903054,,17,-22.917716,-43.68426,2023-07-26 05:26:20,0.2,,ida,17 - SANTA CRUZ X CAMPO GRANDE (PARADOR) [IDA],17678.7,169.0
903021,,42,-22.865975,-43.334535,2023-07-26 05:26:28,7.3,,ida,42 - GALEÃO X MADUREIRA MANANCEIA (PARADOR) [IDA],34634.4,179.0
903056,,17,-22.917836,-43.683263,2023-07-26 05:26:18,0.0,,ida,17 - SANTA CRUZ X CAMPO GRANDE (PARADOR) [IDA],14656.1,164.0
903000,,50,-22.973362,-43.367005,2023-07-26 05:26:23,42.0,,volta,50 - SENTIDO T. OLIMPICO (PARADOR) [VOLTA],31895.1,270.0
903058,,17,-22.918408,-43.68285,2023-07-26 05:26:14,0.0,,ida,17 - SANTA CRUZ X CAMPO GRANDE (PARADOR) [IDA],9174.5,254.0
901072,,52,-22.974636,-43.363978,2023-07-26 05:26:17,42.1,,ida,52 - SENTIDO ALVORADA (PARADOR) [IDA],38635.8,204.0
902045,,31,-22.879327,-43.34157,2023-07-26 05:26:28,40.2,,ida,31 - VICENTE DE CARVALHO X ALVORADA (SEMIDIRETO) [IDA],6832.9,218.0
903007,,50,-22.971838,-43.401183,2023-07-26 05:26:29,0.0,,ida,50 - SENTIDO JD. OCEANICO (PARADOR) [IDA],41368.6,176.0
903004,,42,-22.872174,-43.336274,2023-07-26 05:26:31,22.3,,ida,42 - GALEÃO X MADUREIRA MANANCEIA (PARADOR) [IDA],39208.8,198.0
903006,,50,-22.838769,-43.240387,2023-07-26 05:26:21,5.7,,ida,50 - SENTIDO JD. OCEANICO (PARADOR) [IDA],46397.0,140.0
903005,,42,-22.842502,-43.272148,2023-07-26 05:26:21,40.6,,ida,42 - GALEÃO X MADUREIRA MANANCEIA (PARADOR) [IDA],38828.4,287.0
903022,,50,-22.972113,-43.401134,2023-07-26 05:26:23,0.0,,ida,50 - SENTIDO JD. OCEANICO (PARADOR) [IDA],37742.3,181.0
903035,,17,-22.933363,-43.661845,2023-07-26 05:26:21,0.0,,ida,17 - SANTA CRUZ X CAMPO GRANDE (PARADOR) [IDA],19574.9,60.0
901059,,51,-22.89072,-43.400667,2023-07-26 05:26:15,58.1,,volta,51 - SENTIDO V. MILITAR (PARADOR) [VOLTA],48369.7,350.0
903003,,42,-22.840802,-43.280669,2023-07-26 05:26:27,39.2,,volta,42 - MADUREIRA MANANCEIA X GALEAO (PARADOR) [VOLTA],41716.4,124.0
901020,,22,-23.000932,-43.364693,2023-07-26 05:26:17,0.0,,ida,22 - ALVORADA X J. OCEÂNICO (PARADOR) [IDA],25521.7,265.0
901022,,22,-23.000673,-43.365408,2023-07-26 05:26:15,0.0,,ida,22 - ALVORADA X J. OCEÂNICO (PARADOR) [IDA],18621.8,100.0
901024,,22,-23.001076,-43.365484,2023-07-26 05:26:22,0.0,,ida,22 - ALVORADA X J. OCEÂNICO (PARADOR) [IDA],20662.9,
901025,,51,-22.949137,-43.390318,2023-07-26 05:26:31,46.7,,ida,51 - SENTIDO RECREIO (PARADOR) [IDA],40727.1,152.0
901027,,51,-22.862089,-43.401037,2023-07-26 05:26:31,0.0,,ida,51 - SENTIDO RECREIO (PARADOR) [IDA],25990.3,226.0
901028,,40,-22.97341,-43.369496,2023-07-26 05:26:30,58.9,,ida,40 - PAULO DA PORTELA X ALVORADA (EXPRESSO) [IDA],23789.4,90.0
901030,,40,-22.877631,-43.336779,2023-07-26 05:26:20,0.0,,ida,40 - PAULO DA PORTELA X ALVORADA (EXPRESSO) [IDA],21836.4,304.0
901032,,40,-22.894927,-43.349857,2023-07-26 05:26:18,40.8,,ida,40 - PAULO DA PORTELA X ALVORADA (EXPRESSO) [IDA],25298.9,216.0
901034,,40,-22.878383,-43.336301,2023-07-26 05:26:23,0.0,,ida,40 - PAULO DA PORTELA X ALVORADA (EXPRESSO) [IDA],27526.2,
901036,,52,-22.911566,-43.360327,2023-07-26 05:26:33,46.9,,ida,52 - SENTIDO ALVORADA (PARADOR) [IDA],22814.0,4.0
901040,,41,-22.966623,-43.390545,2023-07-26 05:26:33,0.0,,volta,41 - TERMINAL RECREIO X PAULO DA PORTELA (EXPRESSO) [VOLTA],29562.2,
901041,,22,-22.964987,-43.391975,2023-07-26 05:26:25,0.0,,ida,22 - ALVORADA X J. OCEÂNICO (PARADOR) [IDA],26160.5,171.0
903009,,42,-22.849839,-43.308149,2023-07-26 05:26:27,0.0,,ida,42 - GALEÃO X MADUREIRA MANANCEIA (PARADOR) [IDA],47199.3,206.0
903010,,42,-22.839716,-43.239523,2023-07-26 05:26:23,0.0,,ida,42 - GALEÃO X MADUREIRA MANANCEIA (PARADOR) [IDA],43702.3,141.0
903011,,42,-22.839065,-43.24009,2023-07-26 05:26:20,0.0,,ida,42 - GALEÃO X MADUREIRA MANANCEIA (PARADOR) [IDA],45345.8,143.0
903012,,42,-22.877806,-43.336284,2023-07-26 05:26:32,0.0,,volta,42 - MADUREIRA MANANCEIA X GALEAO (PARADOR) [VOLTA],47960.6,22.0
903015,,42,-22.839849,-43.239568,2023-07-26 05:26:16,0.0,,ida,42 - GALEÃO X MADUREIRA MANANCEIA (PARADOR) [IDA],47876.8,323.0
903016,,42,-22.811328,-43.251252,2023-07-26 05:26:27,15.0,,ida,42 - GALEÃO X MADUREIRA MANANCEIA (PARADOR) [IDA],42543.6,126.0
903017,,50,-23.003494,-43.323659,2023-07-26 05:26:27,16.0,,ida,50 - SENTIDO JD. OCEANICO (PARADOR) [IDA],44915.7,115.0
903020,,50,-23.000169,-43.364878,2023-07-26 05:26:28,47.0,,ida,50 - SENTIDO JD. OCEANICO (PARADOR) [IDA],43850.6,84.0
903024,,38,-22.876838,-43.330066,2023-07-26 05:26:23,0.0,,ida,38 - FUNDÃO X ALVORADA (PARADOR) [IDA],38022.8,
903025,,50,-22.999824,-43.356894,2023-07-26 05:26:21,58.5,,volta,50 - SENTIDO T. OLIMPICO (PARADOR) [VOLTA],39464.9,273.0
903014,,38,-22.963654,-43.394234,2023-07-26 05:26:31,38.1,,ida,38 - FUNDÃO X ALVORADA (PARADOR) [IDA],51737.2,221.0
901060,,51,-22.973168,-43.403405,2023-07-26 05:26:16,52.8,,volta,51 - SENTIDO V. MILITAR (PARADOR) [VOLTA],24789.5,49.0
903063,,17,-22.920265,-43.608151,2023-07-26 05:26:28,0.0,,ida,17 - SANTA CRUZ X CAMPO GRANDE (PARADOR) [IDA],21497.7,104.0
901000,,22,-23.000847,-43.365818,2023-07-26 05:26:25,0.0,,ida,22 - ALVORADA X J. OCEÂNICO (PARADOR) [IDA],30203.6,337.0
902113,,31,-22.852331,-43.316105,2023-07-26 05:26:32,24.1,,ida,31 - VICENTE DE CARVALHO X ALVORADA (SEMIDIRETO) [IDA],8854.2,262.0
902118,,31,-22.85274,-43.312755,2023-07-26 05:26:18,0.0,,ida,31 - VICENTE DE CARVALHO X ALVORADA (SEMIDIRETO) [IDA],7645.9,
902117,,31,-22.934547,-43.372161,2023-07-26 05:26:17,36.5,,ida,31 - VICENTE DE CARVALHO X ALVORADA (SEMIDIRETO) [IDA],10253.4,159.0
901044,,40,-22.959639,-43.387827,2023-07-26 05:26:19,58.4,,ida,40 - PAULO DA PORTELA X ALVORADA (EXPRESSO) [IDA],29606.7,255.0
903033,,42,-22.847111,-43.304703,2023-07-26 05:26:26,53.7,,ida,42 - GALEÃO X MADUREIRA MANANCEIA (PARADOR) [IDA],36576.7,239.0
902020,,46,-22.841311,-43.275986,2023-07-26 05:14:46,0.0,,ida,46 - PENHA X ALVORADA (EXPRESSO) [IDA],31640.2,
902022,,46,-22.874019,-43.335592,2023-07-26 05:26:15,26.4,,ida,46 - PENHA X ALVORADA (EXPRESSO) [IDA],30791.0,149.0
901093,,51,-22.862058,-43.400371,2023-07-26 05:26:22,0.0,,ida,51 - SENTIDO RECREIO (PARADOR) [IDA],27803.2,237.0
902059,,43,-22.901863,-43.355195,2023-07-26 05:26:29,47.2,,volta,43 - SANTA EFIGENIA X FUNDÃO (EXPRESSO) [VOLTA],35718.2,31.0
901091,,51,-22.972847,-43.403015,2023-07-26 05:26:21,50.6,,ida,51 - SENTIDO RECREIO (PARADOR) [IDA],31134.8,243.0
901096,,51,-22.965699,-43.391269,2023-07-26 05:26:25,0.0,,volta,51 - SENTIDO V. MILITAR (PARADOR) [VOLTA],34298.2,154.0
901086,,53,-22.960319,-43.391757,2023-07-26 05:26:23,40.1,,ida,53 - SENTIDO ALVORADA (EXPRESSO) [IDA],48374.8,350.0
902032,,46,-23.001052,-43.367981,2023-07-26 05:26:24,0.0,,volta,46 - ALVORADA X PENHA (EXPRESSO) [VOLTA],36296.4,
902027,,43,-22.940395,-43.372442,2023-07-26 05:26:30,0.0,,volta,43 - SANTA EFIGENIA X FUNDÃO (EXPRESSO) [VOLTA],32881.6,
902031,,41,-22.854007,-43.2516,2023-07-26 05:25:54,0.0,,volta,41 - TERMINAL RECREIO X PAULO DA PORTELA (EXPRESSO) [VOLTA],34805.7,
902028,,46,-22.837786,-43.290858,2023-07-26 05:26:33,0.0,,volta,46 - ALVORADA X PENHA (EXPRESSO) [VOLTA],37602.7,77.0
902029,,46,-22.854239,-43.251814,2023-07-26 05:26:23,0.0,,ida,46 - PENHA X ALVORADA (EXPRESSO) [IDA],35412.3,
902018,,40,-22.923242,-43.373998,2023-07-26 05:26:24,29.7,,ida,40 - PAULO DA PORTELA X ALVORADA (EXPRESSO) [IDA],23646.0,195.0
902046,,46,-22.91563,-43.361491,2023-07-26 05:26:19,24.7,,ida,46 - PENHA X ALVORADA (EXPRESSO) [IDA],33381.3,214.0
12715,,20,-22.91878,-43.682588,2023-07-26 05:26:24,0.0,,ida,20 - SANTA CRUZ X SALVADOR ALLENDE (EXPRESSO) [IDA],42389.0,
902010,,40,-22.966863,-43.390528,2023-07-26 05:26:21,0.0,,ida,40 - PAULO DA PORTELA X ALVORADA (EXPRESSO) [IDA],10958.0,
901089,,0,-22.965143,-43.391563,2023-07-26 05:26:27,0.0,,,,45838.9,
901062,,51,-23.004318,-43.434516,2023-07-26 05:26:24,50.5,,volta,51 - SENTIDO V. MILITAR (PARADOR) [VOLTA],46937.8,51.0
902033,,43,-22.854386,-43.251428,2023-07-26 05:26:28,0.0,,volta,43 - SANTA EFIGENIA X FUNDÃO (EXPRESSO) [VOLTA],33362.1,287.0
902053,,46,-22.85454,-43.251254,2023-07-26 05:26:18,0.0,,ida,46 - PENHA X ALVORADA (EXPRESSO) [IDA],33488.9,
E902000,,41,-22.842948,-43.300381,2023-07-26 05:26:32,55.4,,volta,41 - TERMINAL RECREIO X PAULO DA PORTELA (EXPRESSO) [VOLTA],10390.4,210.0
901067,,52,-22.972634,-43.402416,2023-07-26 05:26:23,13.4,,volta,52 - SENTIDO V. MILITAR (PARADOR) [VOLTA],41776.3,26.0
E902004,,41,-22.854449,-43.251597,2023-07-26 05:26:20,0.0,,volta,41 - TERMINAL RECREIO X PAULO DA PORTELA (EXPRESSO) [VOLTA],13269.1,
12713,,18,-23.000142,-43.351972,2023-07-26 05:26:30,21.3,,ida,18 - RECREIO SHOPPING X JARDIM OCEÂNICO (EXPRESSO) [IDA],35264.4,100.0
902048,,46,-22.915044,-43.361017,2023-07-26 05:26:22,0.0,,volta,46 - ALVORADA X PENHA (EXPRESSO) [VOLTA],23973.7,33.0
902058,,46,-22.854163,-43.251918,2023-07-26 05:26:14,0.0,,ida,46 - PENHA X ALVORADA (EXPRESSO) [IDA],34575.2,
901068,,51,-22.940776,-43.394619,2023-07-26 05:26:30,0.0,,volta,51 - SENTIDO V. MILITAR (PARADOR) [VOLTA],50831.2,354.0
902003,,41,-22.843002,-43.270437,2023-07-26 05:26:29,56.3,,volta,41 - TERMINAL RECREIO X PAULO DA PORTELA (EXPRESSO) [VOLTA],17402.5,299.0
902102,,35,-22.904756,-43.357089,2023-07-26 05:26:21,20.7,,ida,35 - MADUREIRA X ALVORADA (PARADOR) [IDA],12384.8,205.0
901082,,53,-22.913896,-43.399949,2023-07-26 05:23:18,56.7,,ida,53 - SENTIDO ALVORADA (EXPRESSO) [IDA],47078.2,146.0
902066,,46,-22.854504,-43.251037,2023-07-26 05:26:32,0.0,,ida,46 - PENHA X ALVORADA (EXPRESSO) [IDA],31314.2,
902052,,46,-22.959529,-43.387112,2023-07-26 05:26:22,42.0,,volta,46 - ALVORADA X PENHA (EXPRESSO) [VOLTA],35625.1,75.0
902050,,43,-22.851598,-43.31134,2023-07-26 05:26:16,47.8,,volta,43 - SANTA EFIGENIA X FUNDÃO (EXPRESSO) [VOLTA],31275.7,54.0
902063,,46,-23.001267,-43.364872,2023-07-26 05:26:19,0.0,,volta,46 - ALVORADA X PENHA (EXPRESSO) [VOLTA],33268.8,89.0
902017,,31,-22.940826,-43.372528,2023-07-26 05:26:12,42.1,,ida,31 - VICENTE DE CARVALHO X ALVORADA (SEMIDIRETO) [IDA],23875.0,5.0
902008,,46,-22.87905,-43.336305,2023-07-26 05:26:28,8.8,,ida,46 - PENHA X ALVORADA (EXPRESSO) [IDA],10537.8,33.0
902047,,46,-22.853231,-43.3138,2023-07-26 05:26:15,0.0,,ida,46 - PENHA X ALVORADA (EXPRESSO) [IDA],23970.5,267.0
902051,,46,-22.944508,-43.372312,2023-07-26 05:26:19,40.5,,ida,46 - PENHA X ALVORADA (EXPRESSO) [IDA],33004.8,167.0
902067,,46,-23.001395,-43.367037,2023-07-26 05:26:18,0.0,,volta,46 - ALVORADA X PENHA (EXPRESSO) [VOLTA],34104.9,
901088,,31,-22.970931,-43.388749,2023-07-26 05:26:23,44.9,,ida,31 - VICENTE DE CARVALHO X ALVORADA (SEMIDIRETO) [IDA],41619.0,127.0
901078,,52,-22.96457,-43.391964,2023-07-26 05:26:31,0.0,,ida,52 - SENTIDO ALVORADA (PARADOR) [IDA],33603.6,223.0
901098,,51,-22.868189,-43.413406,2023-07-26 05:26:21,0.0,,ida,51 - SENTIDO RECREIO (PARADOR) [IDA],27296.7,236.0
901090,,53,-22.965418,-43.391372,2023-07-26 05:26:33,0.0,,ida,53 - SENTIDO ALVORADA (EXPRESSO) [IDA],36783.0,
901076,,52,-22.862192,-43.400582,2023-07-26 05:26:28,0.0,,ida,52 - SENTIDO ALVORADA (PARADOR) [IDA],31275.2,
902054,,46,-22.84157,-43.276987,2023-07-26 05:26:18,0.0,,ida,46 - PENHA X ALVORADA (EXPRESSO) [IDA],35708.5,
901079,,53,-23.001383,-43.365901,2023-07-26 05:26:22,0.0,,volta,53 - SENTIDO SULACAP (EXPRESSO) [VOLTA],44068.3,
901084,,53,-22.884019,-43.399741,2023-07-26 05:25:42,0.0,,ida,53 - SENTIDO ALVORADA (EXPRESSO) [IDA],52311.9,
901070,,52,-23.001359,-43.367319,2023-07-26 05:26:17,0.1,,volta,52 - SENTIDO V. MILITAR (PARADOR) [VOLTA],40499.1,85.0
902080,,46,-22.973393,-43.374338,2023-07-26 05:26:25,59.0,,ida,46 - PENHA X ALVORADA (EXPRESSO) [IDA],34364.8,90.0
901081,,53,-22.969336,-43.399593,2023-07-26 05:26:12,54.4,,ida,53 - SENTIDO ALVORADA (EXPRESSO) [IDA],41811.9,220.0
902065,,43,-22.856542,-43.328676,2023-07-26 05:26:23,44.1,,ida,43 - FUNDÃO X SANTA EFIGENIA (EXPRESSO) [IDA],35371.0,255.0
901069,,52,-22.979823,-43.365662,2023-07-26 05:26:23,51.9,,volta,52 - SENTIDO V. MILITAR (PARADOR) [VOLTA],37747.3,
901074,,52,-22.92818,-43.395918,2023-07-26 05:26:19,0.0,,ida,52 - SENTIDO ALVORADA (PARADOR) [IDA],39523.1,150.0
902030,,31,-22.959824,-43.388804,2023-07-26 05:26:18,58.9,,ida,31 - VICENTE DE CARVALHO X ALVORADA (SEMIDIRETO) [IDA],11309.9,254.0
902071,,46,-22.97329,-43.374455,2023-07-26 05:26:21,60.0,,volta,46 - ALVORADA X PENHA (EXPRESSO) [VOLTA],35943.9,270.0
902072,,43,-22.83951,-43.239744,2023-07-26 05:26:23,0.0,,ida,43 - FUNDÃO X SANTA EFIGENIA (EXPRESSO) [IDA],32690.7,
902101,,31,-22.876606,-43.329854,2023-07-26 05:26:31,0.0,,ida,31 - VICENTE DE CARVALHO X ALVORADA (SEMIDIRETO) [IDA],10054.8,
902068,,43,-22.854457,-43.251718,2023-07-26 05:26:30,0.0,,ida,43 - FUNDÃO X SANTA EFIGENIA (EXPRESSO) [IDA],35600.1,
902064,,41,-22.877566,-43.336956,2023-07-26 05:26:24,0.0,,ida,41 - PAULO DA PORTELA X TERMINAL RECREIO (EXPRESSO) [IDA],0.0,
901083,,53,-22.886333,-43.400858,2023-07-26 05:26:21,0.0,,ida,53 - SENTIDO ALVORADA (EXPRESSO) [IDA],49426.1,183.0
901087,,53,-22.926984,-43.396492,2023-07-26 05:26:20,54.9,,ida,53 - SENTIDO ALVORADA (EXPRESSO) [IDA],47533.7,330.0
902085,,46,-22.841304,-43.298674,2023-07-26 05:26:19,48.8,,ida,46 - PENHA X ALVORADA (EXPRESSO) [IDA],34057.3,236.0
E902012,,40,-22.965202,-43.392099,2023-07-26 03:34:34,0.0,,ida,40 - PAULO DA PORTELA X ALVORADA (EXPRESSO) [IDA],9751.3,
E902001,,41,-22.862815,-43.33171,2023-07-26 05:26:14,51.6,,volta,41 - TERMINAL RECREIO X PAULO DA PORTELA (EXPRESSO) [VOLTA],20880.5,227.0
E902006,,40,-22.900153,-43.354089,2023-07-26 05:26:15,51.2,,ida,40 - PAULO DA PORTELA X ALVORADA (EXPRESSO) [IDA],19308.9,212.0
E902011,,40,-22.878575,-43.336287,2023-07-26 05:26:15,0.0,,ida,40 - PAULO DA PORTELA X ALVORADA (EXPRESSO) [IDA],8602.8,
E902014,,41,-22.965207,-43.392077,2023-07-26 05:26:19,0.0,,volta,41 - TERMINAL RECREIO X PAULO DA PORTELA (EXPRESSO) [VOLTA],16099.0,
902002,,41,-22.878612,-43.336302,2023-07-26 05:26:29,0.0,,ida,41 - PAULO DA PORTELA X TERMINAL RECREIO (EXPRESSO) [IDA],19836.5,356.0
901095,,51,-22.927076,-43.39645,2023-07-26 05:26:26,58.7,,volta,51 - SENTIDO V. MILITAR (PARADOR) [VOLTA],35044.2,330.0
902069,,41,-22.982436,-43.410819,2023-07-26 05:26:05,48.6,,ida,41 - PAULO DA PORTELA X TERMINAL RECREIO (EXPRESSO) [IDA],32594.8,210.0
902094,,35,-22.878509,-43.336305,2023-07-26 05:26:15,0.0,,ida,35 - MADUREIRA X ALVORADA (PARADOR) [IDA],9094.2,
903068,,17,-22.910671,-43.583738,2023-07-26 05:26:19,35.3,,volta,17 - CAMPO GRANDE  X SANTA CRUZ (PARADOR) [VOLTA],20739.2,247.0
902081,,31,-22.87848,-43.332478,2023-07-26 05:26:30,38.4,,ida,31 - VICENTE DE CARVALHO X ALVORADA (SEMIDIRETO) [IDA],11487.7,315.0
902075,,31,-22.85244,-43.312556,2023-07-26 05:26:19,8.1,,ida,31 - VICENTE DE CARVALHO X ALVORADA (SEMIDIRETO) [IDA],14101.6,229.0
902082,,35,-22.989071,-43.36583,2023-07-26 05:26:22,26.6,,ida,35 - MADUREIRA X ALVORADA (PARADOR) [IDA],10878.8,181.0
902089,,35,-23.000912,-43.367237,2023-07-26 05:26:16,0.0,,volta,35 - ALVORADA  X  MADUREIRA (PARADOR) [VOLTA],9774.7,
903041,,50,-22.913314,-43.360542,2023-07-26 05:26:30,50.6,,ida,50 - SENTIDO JD. OCEANICO (PARADOR) [IDA],27439.9,188.0
903051,,50,-22.97245,-43.401014,2023-07-26 05:26:20,0.0,,ida,50 - SENTIDO JD. OCEANICO (PARADOR) [IDA],31059.3,174.0
902055,,46,-22.88845,-43.34602,2023-07-26 05:26:16,46.6,,ida,46 - PENHA X ALVORADA (EXPRESSO) [IDA],25.6,214.0
903044,,42,-22.848525,-43.245644,2023-07-26 05:26:14,45.1,,ida,42 - GALEÃO X MADUREIRA MANANCEIA (PARADOR) [IDA],29210.7,224.0
902043,,41,-22.904006,-43.356644,2023-07-26 05:26:14,31.6,,volta,41 - TERMINAL RECREIO X PAULO DA PORTELA (EXPRESSO) [VOLTA],29104.6,220.0
902036,,41,-22.94601,-43.371961,2023-07-26 05:26:14,56.1,,ida,41 - PAULO DA PORTELA X TERMINAL RECREIO (EXPRESSO) [IDA],32327.8,172.0
903047,,42,-22.845295,-43.268097,2023-07-26 05:26:25,0.0,,ida,42 - GALEÃO X MADUREIRA MANANCEIA (PARADOR) [IDA],23093.0,141.0
902074,,31,-22.852455,-43.312623,2023-07-26 05:26:19,0.0,,ida,31 - VICENTE DE CARVALHO X ALVORADA (SEMIDIRETO) [IDA],9772.0,
903040,,17,-22.916137,-43.630376,2023-07-26 05:26:17,39.8,,volta,17 - CAMPO GRANDE  X SANTA CRUZ (PARADOR) [VOLTA],18471.8,243.0
902044,,43,-22.912824,-43.360463,2023-07-26 05:26:29,52.1,,ida,43 - FUNDÃO X SANTA EFIGENIA (EXPRESSO) [IDA],31241.1,187.0
902038,,46,-22.838934,-43.240236,2023-07-26 05:26:16,0.0,,ida,46 - PENHA X ALVORADA (EXPRESSO) [IDA],7577.9,142.0
903064,,50,-22.973277,-43.38624,2023-07-26 05:26:30,27.8,,ida,50 - SENTIDO JD. OCEANICO (PARADOR) [IDA],22141.0,81.0
902037,,41,-22.854415,-43.251539,2023-07-26 05:26:20,0.0,,volta,41 - TERMINAL RECREIO X PAULO DA PORTELA (EXPRESSO) [VOLTA],35848.8,
903069,,17,-22.917925,-43.684231,2023-07-26 05:26:17,0.2,,ida,17 - SANTA CRUZ X CAMPO GRANDE (PARADOR) [IDA],22413.7,166.0
902042,,46,-22.885251,-43.343172,2023-07-26 05:26:25,43.7,,volta,46 - ALVORADA X PENHA (EXPRESSO) [VOLTA],31931.8,38.0
902040,,46,-22.851025,-43.310138,2023-07-26 05:26:32,41.0,,volta,46 - ALVORADA X PENHA (EXPRESSO) [VOLTA],34121.8,66.0
903038,,17,-22.930736,-43.673616,2023-07-26 05:26:17,0.0,,volta,17 - CAMPO GRANDE  X SANTA CRUZ (PARADOR) [VOLTA],26550.2,290.0
903053,,17,-22.915149,-43.605889,2023-07-26 05:26:33,0.0,,volta,17 - CAMPO GRANDE  X SANTA CRUZ (PARADOR) [VOLTA],21465.5,229.0
902076,,46,-22.854551,-43.251796,2023-07-26 05:26:33,0.0,,ida,46 - PENHA X ALVORADA (EXPRESSO) [IDA],27510.5,
902083,,31,-22.876534,-43.329835,2023-07-26 05:26:23,0.0,,ida,31 - VICENTE DE CARVALHO X ALVORADA (SEMIDIRETO) [IDA],5228.4,
902096,,35,-22.973196,-43.379346,2023-07-26 05:26:14,49.4,,volta,35 - ALVORADA  X  MADUREIRA (PARADOR) [VOLTA],14227.1,270.0
902100,,35,-22.882936,-43.342186,2023-07-26 05:26:29,31.8,,ida,35 - MADUREIRA X ALVORADA (PARADOR) [IDA],13436.6,210.0
903059,,17,-22.918625,-43.682667,2023-07-26 05:26:24,0.0,,ida,17 - SANTA CRUZ X CAMPO GRANDE (PARADOR) [IDA],18750.4,326.0
902079,,46,-22.850832,-43.309745,2023-07-26 05:26:21,34.8,,ida,46 - PENHA X ALVORADA (EXPRESSO) [IDA],30826.2,245.0
903066,,17,-22.918794,-43.639875,2023-07-26 05:26:23,45.5,,ida,17 - SANTA CRUZ X CAMPO GRANDE (PARADOR) [IDA],24881.9,58.0
902099,,35,-22.937573,-43.37215,2023-07-26 05:26:21,43.1,,ida,35 - MADUREIRA X ALVORADA (PARADOR) [IDA],11549.7,196.0
902091,,35,-23.000715,-43.366499,2023-07-26 05:26:21,10.0,,volta,35 - ALVORADA  X  MADUREIRA (PARADOR) [VOLTA],14059.0,85.0
901099,,51,-23.004243,-43.434682,2023-07-26 05:26:24,33.8,,ida,51 - SENTIDO RECREIO (PARADOR) [IDA],29497.3,220.0
903046,,42,-22.852338,-43.312217,2023-07-26 05:26:30,0.6,,volta,42 - MADUREIRA MANANCEIA X GALEAO (PARADOR) [VOLTA],29790.8,56.0
86835,,12,-22.919318,-43.607817,2023-07-26 05:26:33,0.0,,ida,12 - PINGO D'AGUA X ALVORADA (EXPRESSO) [IDA],13546.9,
44706,LRG8855,20,-22.91691,-43.683533,2023-07-26 05:26:15,0.0,,ida,20 - SANTA CRUZ X SALVADOR ALLENDE (EXPRESSO) [IDA],21875.4,
903065,,17,-22.916752,-43.632908,2023-07-26 05:26:21,0.0,,volta,17 - CAMPO GRANDE  X SANTA CRUZ (PARADOR) [VOLTA],16969.5,223.0
901008,,22,-23.006385,-43.312915,2023-07-26 05:28:51,0.0,,volta,22 - J. OCEÂNICO X ALVORADA (PARADOR) [VOLTA],22789.5,271.0
901011,RIV8A74,22,-23.000236,-43.346309,2023-07-26 05:28:49,0.0,,ida,22 - ALVORADA X J. OCEÂNICO (PARADOR) [IDA],23502.7,94.0
901012,,40,-23.000905,-43.366046,2023-07-26 05:28:50,0.0,,volta,40 - ALVORADA X PAULO DA PORTELA (EXPRESSO) [VOLTA],21293.4,
901007,,22,-23.001294,-43.328907,2023-07-26 05:28:49,42.9,,volta,22 - J. OCEÂNICO X ALVORADA (PARADOR) [VOLTA],21826.1,286.0
901009,,22,-23.006726,-43.312463,2023-07-26 05:28:37,0.0,,volta,22 - J. OCEÂNICO X ALVORADA (PARADOR) [VOLTA],20871.2,90.0
901010,RJM8G30,22,-23.000579,-43.336229,2023-07-26 05:28:46,48.6,,ida,22 - ALVORADA X J. OCEÂNICO (PARADOR) [IDA],22873.2,93.0
901017,,22,-23.000211,-43.366739,2023-07-26 05:28:49,21.7,,ida,22 - ALVORADA X J. OCEÂNICO (PARADOR) [IDA],25123.2,56.0
901006,RJA9F56,22,-23.00023,-43.340682,2023-07-26 05:28:43,47.9,,volta,22 - J. OCEÂNICO X ALVORADA (PARADOR) [VOLTA],19386.9,271.0
901005,RJB8E53,22,-23.000044,-43.364846,2023-07-26 05:28:55,49.0,,volta,22 - J. OCEÂNICO X ALVORADA (PARADOR) [VOLTA],21648.8,269.0
901004,RJQ8J80,22,-23.000653,-43.365999,2023-07-26 05:28:43,0.0,,ida,22 - ALVORADA X J. OCEÂNICO (PARADOR) [IDA],21439.3,79.0
30504,,25,-23.016164,-43.515881,2023-07-26 05:28:45,59.4,,volta,25 - ALVORADA X MATO ALTO (PARADOR) [VOLTA],53641.7,286.0
47031,KYW5240,25,-23.000947,-43.365747,2023-07-26 05:28:43,22.8,,volta,25 - ALVORADA X MATO ALTO (PARADOR) [VOLTA],50908.5,268.0
30533,KWO8120,13,-22.918196,-43.607024,2023-07-26 05:28:51,0.0,,ida,13 - MATO ALTO X ALVORADA (EXPRESSO) [IDA],52595.1,5.0
30538,KXE7719,20,-22.919054,-43.682308,2023-07-26 05:28:49,0.0,,volta,20 - SALVADOR ALLENDE X SANTA CRUZ (EXPRESSO) [VOLTA],55906.4,324.0
50309,KPN6B05,13,-23.000753,-43.366131,2023-07-26 05:28:48,0.0,,volta,13 - ALVORADA X  MATO ALTO (EXPRESSO) [VOLTA],20092.5,
30532,KYL8599,13,-23.001039,-43.364786,2023-07-26 05:28:55,18.8,,volta,13 - ALVORADA X  MATO ALTO (EXPRESSO) [VOLTA],41777.6,271.0
13423,LSI5976,25,-22.992938,-43.598049,2023-07-26 05:28:51,0.0,,ida,25 - MATO ALTO X ALVORADA (PARADOR) [IDA],41126.5,136.0
90002,LMB2D92,19,-22.966649,-43.643427,2023-07-26 05:28:54,43.5,,ida,19 - PINGO D'AGUA X SALVADOR ALLENDE (EXPRESSO) [IDA],55845.5,108.0
47030,LSQ5263,20,-23.004652,-43.428136,2023-07-26 05:28:49,0.0,,volta,20 - SALVADOR ALLENDE X SANTA CRUZ (EXPRESSO) [VOLTA],53795.9,71.0
30519,LRE9804,11,-22.920074,-43.608092,2023-07-26 05:28:40,0.0,,ida,11 - SANTA CRUZ X ALVORADA (PARADOR) [IDA],51494.8,
90005,KWK6A89,20,-22.916914,-43.68348,2023-07-26 05:28:54,0.0,,ida,20 - SANTA CRUZ X SALVADOR ALLENDE (EXPRESSO) [IDA],49835.7,301.0
86851,KQO8674,14,-22.918877,-43.60702,2023-07-26 05:28:54,0.0,,ida,14 - SANTA EUGÊNIA X SALVADOR ALLENDE (EXPRESSO) [IDA],12881.3,
86875,KQB4103,12,-22.953301,-43.64941,2023-07-26 05:28:53,43.7,,ida,12 - PINGO D'AGUA X ALVORADA (EXPRESSO) [IDA],13022.5,179.0
30518,KYL8597,25,-23.003413,-43.425899,2023-07-26 05:28:45,40.5,,volta,25 - ALVORADA X MATO ALTO (PARADOR) [VOLTA],37117.5,250.0
902090,,35,-22.973382,-43.376325,2023-07-26 05:28:49,27.0,,ida,35 - MADUREIRA X ALVORADA (PARADOR) [IDA],15089.5,90.0
47012,KPZ8364,20,-22.973671,-43.613039,2023-07-26 05:28:38,56.6,,ida,20 - SANTA CRUZ X SALVADOR ALLENDE (EXPRESSO) [IDA],55002.0,155.0
86885,LTB5540,14,-22.933765,-43.664053,2023-07-26 05:28:48,35.8,,ida,14 - SANTA EUGÊNIA X SALVADOR ALLENDE (EXPRESSO) [IDA],514721.3,261.0
12738,KRR2404,25,-22.993847,-43.597386,2023-07-26 05:28:43,0.0,,ida,25 - MATO ALTO X ALVORADA (PARADOR) [IDA],37392.8,
86886,LTB5541,14,-22.989981,-43.601994,2023-07-26 05:28:47,49.6,,ida,14 - SANTA EUGÊNIA X SALVADOR ALLENDE (EXPRESSO) [IDA],13101.6,133.0
13428,KXE7712,11,-22.920216,-43.60789,2023-07-26 05:28:56,0.0,,ida,11 - SANTA CRUZ X ALVORADA (PARADOR) [IDA],57799.4,172.0
47006,KWZ8630,18,-23.019105,-43.505117,2023-07-26 05:28:41,0.0,,ida,18 - RECREIO SHOPPING X JARDIM OCEÂNICO (EXPRESSO) [IDA],50888.5,296.0
47007,LSP6018,18,-22.920592,-43.607572,2023-07-26 05:28:41,0.0,,ida,18 - RECREIO SHOPPING X JARDIM OCEÂNICO (EXPRESSO) [IDA],42179.7,158.0
13413,KWI9711,25,-23.011201,-43.53446,2023-07-26 05:27:49,57.1,,ida,25 - MATO ALTO X ALVORADA (PARADOR) [IDA],43519.1,91.0
90001,KPZ5E15,19,-23.018065,-43.510006,2023-07-26 05:28:45,55.9,,ida,19 - PINGO D'AGUA X SALVADOR ALLENDE (EXPRESSO) [IDA],44148.5,106.0
901057,,52,-22.85616,-43.389042,2023-07-26 05:28:55,60.5,,ida,52 - SENTIDO ALVORADA (PARADOR) [IDA],51079.4,62.0
901003,RKM8C54,22,-23.000636,-43.365028,2023-07-26 05:28:47,0.0,,ida,22 - ALVORADA X J. OCEÂNICO (PARADOR) [IDA],22833.8,89.0
86874,KQB4102,20,-22.918818,-43.607075,2023-07-26 05:28:54,13.5,,ida,20 - SANTA CRUZ X SALVADOR ALLENDE (EXPRESSO) [IDA],512858.9,12.0
86879,LTN5696,13,-22.995371,-43.595166,2023-07-26 05:28:47,49.1,,ida,13 - MATO ALTO X ALVORADA (EXPRESSO) [IDA],1813.4,131.0
47014,KZI4452,19,-22.91733,-43.606992,2023-07-26 05:28:53,0.0,,ida,19 - PINGO D'AGUA X SALVADOR ALLENDE (EXPRESSO) [IDA],38000.1,
30537,KXE7720,12,-22.969577,-43.626321,2023-07-26 05:28:37,49.9,,ida,12 - PINGO D'AGUA X ALVORADA (EXPRESSO) [IDA],51518.7,78.0
47018,LRS2843,0,-22.916336,-43.607156,2023-07-26 05:28:37,0.0,,,,32975.199,292.0
44713,KPZ3559,20,-22.920656,-43.60788,2023-07-26 05:28:49,0.0,,ida,20 - SANTA CRUZ X SALVADOR ALLENDE (EXPRESSO) [IDA],29573.1,
13401,KQO7822,19,-23.015537,-43.471676,2023-07-26 05:28:56,41.2,,volta,19 - SALVADOR ALLENDE X PINGO D'AGUA (EXPRESSO) [VOLTA],53654.5,254.0
13421,KWO8119,10,-22.920238,-43.608202,2023-07-26 05:28:37,0.0,,ida,10 - SANTA CRUZ X ALVORADA (EXPRESSO) [IDA],14957.8,
27174,KQP5437,13,-23.012462,-43.459034,2023-07-26 05:28:39,0.0,,ida,13 - MATO ALTO X ALVORADA (EXPRESSO) [IDA],18888.3,75.0
47026,KYA7928,10,-22.920584,-43.608013,2023-07-26 05:28:51,0.0,,ida,10 - SANTA CRUZ X ALVORADA (EXPRESSO) [IDA],32900.199,
86889,KRQ6878,10,-23.000893,-43.367123,2023-07-26 05:28:37,0.0,,volta,10 - ALVORADA X SANTA CRUZ (EXPRESSO) [VOLTA],514962.4,
12724,LMJ1118,18,-23.000247,-43.399092,2023-07-26 05:28:37,58.5,,ida,18 - RECREIO SHOPPING X JARDIM OCEÂNICO (EXPRESSO) [IDA],9654.2,92.0
27209,LSL9B07,25,-23.018439,-43.482329,2023-07-26 05:28:52,6.7,,ida,25 - MATO ALTO X ALVORADA (PARADOR) [IDA],10087.2,81.0
27176,LRK9563,18,-23.009199,-43.44587,2023-07-26 05:28:49,61.8,,ida,18 - RECREIO SHOPPING X JARDIM OCEÂNICO (EXPRESSO) [IDA],13516.6,74.0
30511,KPV2250,13,-23.002709,-43.568691,2023-07-26 05:28:51,59.4,,volta,13 - ALVORADA X  MATO ALTO (EXPRESSO) [VOLTA],49457.8,285.0
13427,KXE7711,0,-22.920631,-43.608326,2023-07-26 05:28:46,0.0,,,,51855.6,
12725,LMJ1327,25,-22.992507,-43.598352,2023-07-26 05:28:48,0.0,,ida,25 - MATO ALTO X ALVORADA (PARADOR) [IDA],39261.3,135.0
13404,KQO7823,20,-23.00296,-43.424501,2023-07-26 05:28:43,0.0,,ida,20 - SANTA CRUZ X SALVADOR ALLENDE (EXPRESSO) [IDA],56110.9,245.0
47022,KRM7701,10,-22.966374,-43.64408,2023-07-26 05:28:49,51.6,,volta,10 - ALVORADA X SANTA CRUZ (EXPRESSO) [VOLTA],12964.0,288.0
13422,LSI5978,20,-23.017657,-43.478993,2023-07-26 05:28:51,59.1,,ida,20 - SANTA CRUZ X SALVADOR ALLENDE (EXPRESSO) [IDA],40399.1,75.0
12730,LSO8993,19,-22.968848,-43.623331,2023-07-26 05:28:47,37.8,,volta,19 - SALVADOR ALLENDE X PINGO D'AGUA (EXPRESSO) [VOLTA],9270.1,257.0
86872,LSH7386,13,-23.020513,-43.501051,2023-07-26 05:28:50,42.3,,ida,13 - MATO ALTO X ALVORADA (EXPRESSO) [IDA],22427.1,105.0
47017,LRS2841,20,-23.004007,-43.564394,2023-07-26 05:28:42,55.5,,ida,20 - SANTA CRUZ X SALVADOR ALLENDE (EXPRESSO) [IDA],47912.8,104.0
86859,KWJ9250,19,-23.002259,-43.422722,2023-07-26 05:28:51,15.6,,ida,19 - PINGO D'AGUA X SALVADOR ALLENDE (EXPRESSO) [IDA],18707.3,249.0
30509,KYM4574,13,-23.001873,-43.421364,2023-07-26 05:28:55,46.6,,volta,13 - ALVORADA X  MATO ALTO (EXPRESSO) [VOLTA],53050.3,251.0
12710,KRO9724,13,-22.993085,-43.597921,2023-07-26 05:28:37,0.0,,ida,13 - MATO ALTO X ALVORADA (EXPRESSO) [IDA],38381.0,
12720,KXD9430,20,-23.01549,-43.520165,2023-07-26 05:27:58,57.7,,volta,20 - SALVADOR ALLENDE X SANTA CRUZ (EXPRESSO) [VOLTA],21777.7,278.0
13407,KPY9732,18,-23.01559,-43.471131,2023-07-26 05:28:52,0.0,,ida,18 - RECREIO SHOPPING X JARDIM OCEÂNICO (EXPRESSO) [IDA],45439.6,82.0
30525,LRC6596,0,-23.000622,-43.367207,2023-07-26 05:28:48,0.0,,,,53689.1,
30514,KYL8595,11,-22.920105,-43.607817,2023-07-26 05:28:47,0.0,,ida,11 - SANTA CRUZ X ALVORADA (PARADOR) [IDA],38408.7,
47010,KPZ8363,25,-23.000869,-43.364276,2023-07-26 05:28:54,14.0,,volta,25 - ALVORADA X MATO ALTO (PARADOR) [VOLTA],42596.7,168.0
12734,LSP8673,11,-22.918882,-43.607511,2023-07-26 05:28:48,0.0,,ida,11 - SANTA CRUZ X ALVORADA (PARADOR) [IDA],16895.4,
90006,LRH6D12,20,-22.918015,-43.683007,2023-07-26 05:28:53,0.0,,ida,20 - SANTA CRUZ X SALVADOR ALLENDE (EXPRESSO) [IDA],29710.8,332.0
30524,LRC6601,25,-23.000082,-43.411717,2023-07-26 05:28:40,21.9,,ida,25 - MATO ALTO X ALVORADA (PARADOR) [IDA],29241.8,100.0
13415,KQK7905,25,-23.00066,-43.366315,2023-07-26 05:28:46,0.0,,volta,25 - ALVORADA X MATO ALTO (PARADOR) [VOLTA],45135.0,
901002,,22,-23.00098,-43.365194,2023-07-26 05:28:47,0.0,,ida,22 - ALVORADA X J. OCEÂNICO (PARADOR) [IDA],17407.5,231.0
B16,LSI3468,14,-22.961299,-43.648397,2023-07-26 05:28:50,0.0,,ida,14 - SANTA EUGÊNIA X SALVADOR ALLENDE (EXPRESSO) [IDA],1124.0,
B35,LTI1196,14,-22.961462,-43.648143,2023-07-26 05:28:41,0.0,,ida,14 - SANTA EUGÊNIA X SALVADOR ALLENDE (EXPRESSO) [IDA],1073.4,148.0
B17,KWY8231,14,-22.961342,-43.648286,2023-07-26 05:28:40,0.0,,ida,14 - SANTA EUGÊNIA X SALVADOR ALLENDE (EXPRESSO) [IDA],1235.8,42.0
B20,LMH6141,14,-23.012325,-43.458755,2023-07-26 05:28:44,0.3,,volta,14 - SALVADOR ALLENDE x SANTA EUGÊNIA (EXPRESSO) [VOLTA],1176.2,249.0
B19,KZJ7238,14,-22.916566666666668,-43.631663333333336,2023-07-26 05:28:54,0.0,,ida,14 - SANTA EUGÊNIA X SALVADOR ALLENDE (EXPRESSO) [IDA],104993.2,225.0
B14,KRK9519,14,-22.930973,-43.656041,2023-07-26 05:28:50,47.2,,volta,14 - SALVADOR ALLENDE x SANTA EUGÊNIA (EXPRESSO) [VOLTA],1197.4,40.0
B11,KRK9516,14,-22.953364,-43.649405,2023-07-26 05:28:39,50.5,,ida,14 - SANTA EUGÊNIA X SALVADOR ALLENDE (EXPRESSO) [IDA],1227.2,182.0
B12,LMH5981,14,-22.935585,-43.66673,2023-07-26 05:27:11,30.2,,ida,14 - SANTA EUGÊNIA X SALVADOR ALLENDE (EXPRESSO) [IDA],1154.9,244.0
B24,LSO7028,14,-23.017556,-43.478559,2023-07-26 05:28:40,58.1,,ida,14 - SANTA EUGÊNIA X SALVADOR ALLENDE (EXPRESSO) [IDA],1210.6,74.0
B28,KQP5E29,14,-22.91647,-43.631119,2023-07-26 05:28:37,0.0,,ida,14 - SANTA EUGÊNIA X SALVADOR ALLENDE (EXPRESSO) [IDA],1141.7,258.0
B40,,14,-22.921105,-43.644908,2023-07-26 05:28:41,43.0,,ida,14 - SANTA EUGÊNIA X SALVADOR ALLENDE (EXPRESSO) [IDA],751.2,243.0
B41,,14,-22.916653,-43.633099,2023-07-26 05:28:55,0.3,,ida,14 - SANTA EUGÊNIA X SALVADOR ALLENDE (EXPRESSO) [IDA],1178.4,275.0
901001,RJD7J89,22,-23.000979,-43.365447,2023-07-26 05:28:50,0.0,,ida,22 - ALVORADA X J. OCEÂNICO (PARADOR) [IDA],17343.0,
B47,,14,-22.980862,-43.610272,2023-07-26 05:28:46,57.9,,ida,14 - SANTA EUGÊNIA X SALVADOR ALLENDE (EXPRESSO) [IDA],1191.7,161.0
B048,,14,-22.916495,-43.631476,2023-07-26 05:28:47,0.0,,ida,14 - SANTA EUGÊNIA X SALVADOR ALLENDE (EXPRESSO) [IDA],1167.9,258.0
B49,,14,-23.008272,-43.542046,2023-07-26 05:28:53,54.4,,ida,14 - SANTA EUGÊNIA X SALVADOR ALLENDE (EXPRESSO) [IDA],1155.6,116.0
B54,,14,-22.961822,-43.64868,2023-07-26 05:28:54,8.9,,ida,14 - SANTA EUGÊNIA X SALVADOR ALLENDE (EXPRESSO) [IDA],1176.8,278.0
B55,,14,-23.015547,-43.519709,2023-07-26 05:27:58,57.1,,volta,14 - SALVADOR ALLENDE x SANTA EUGÊNIA (EXPRESSO) [VOLTA],1164.7,278.0
B53,,14,-22.970034,-43.631417,2023-07-26 05:28:48,58.8,,ida,14 - SANTA EUGÊNIA X SALVADOR ALLENDE (EXPRESSO) [IDA],1206.2,105.0
B51,,14,-22.988008,-43.604014,2023-07-26 05:28:40,58.0,,volta,14 - SALVADOR ALLENDE x SANTA EUGÊNIA (EXPRESSO) [VOLTA],1246.8,312.0
901077,,52,-22.861773,-43.399955,2023-07-26 05:28:55,0.0,,ida,52 - SENTIDO ALVORADA (PARADOR) [IDA],26526.3,240.0
902119,,35,-22.878764,-43.336409,2023-07-26 05:28:41,0.0,,ida,35 - MADUREIRA X ALVORADA (PARADOR) [IDA],7697.6,349.0
901058,,51,-22.853781,-43.385375,2023-07-26 05:28:55,27.9,,ida,51 - SENTIDO RECREIO (PARADOR) [IDA],44208.3,93.0
901071,,22,-22.959131,-43.392471,2023-07-26 05:28:40,59.3,,ida,22 - ALVORADA X J. OCEÂNICO (PARADOR) [IDA],43442.5,324.0
903027,,50,-22.983414,-43.365781,2023-07-26 05:28:38,35.6,,ida,50 - SENTIDO JD. OCEANICO (PARADOR) [IDA],49619.3,173.0
901066,,52,-22.88599,-43.400667,2023-07-26 05:28:41,0.0,,volta,52 - SENTIDO V. MILITAR (PARADOR) [VOLTA],50022.0,8.0
903026,,50,-23.000997,-43.329762,2023-07-26 05:28:43,29.7,,volta,50 - SENTIDO T. OLIMPICO (PARADOR) [VOLTA],48963.5,284.0
903029,,50,-22.964005,-43.394288,2023-07-26 05:28:41,0.0,,ida,50 - SENTIDO JD. OCEANICO (PARADOR) [IDA],33513.699,41.0
902116,,35,-22.988772,-43.365767,2023-07-26 05:28:43,0.0,,volta,35 - ALVORADA  X  MADUREIRA (PARADOR) [VOLTA],11181.7,1.0
902115,,35,-22.944795,-43.372156,2023-07-26 05:28:54,17.8,,volta,35 - ALVORADA  X  MADUREIRA (PARADOR) [VOLTA],14872.1,355.0
901061,,51,-22.86191,-43.400208,2023-07-26 05:28:37,0.0,,ida,51 - SENTIDO RECREIO (PARADOR) [IDA],43316.2,232.0
903030,,50,-22.97238,-43.401096,2023-07-26 05:28:48,0.0,,ida,50 - SENTIDO JD. OCEANICO (PARADOR) [IDA],40967.7,183.0
901064,,22,-22.964592,-43.391757,2023-07-26 05:28:39,0.0,,ida,22 - ALVORADA X J. OCEÂNICO (PARADOR) [IDA],48930.5,
901073,,51,-22.972051,-43.400487,2023-07-26 05:28:39,8.5,,ida,51 - SENTIDO RECREIO (PARADOR) [IDA],41865.0,359.0
901048,,51,-23.008473,-43.439831,2023-07-26 05:28:53,0.0,,volta,51 - SENTIDO V. MILITAR (PARADOR) [VOLTA],26350.2,71.0
903031,,38,-22.920133,-43.36829,2023-07-26 05:28:54,40.5,,ida,38 - FUNDÃO X ALVORADA (PARADOR) [IDA],40610.5,239.0
903032,,42,-22.854961,-43.252674,2023-07-26 05:28:50,25.7,,volta,42 - MADUREIRA MANANCEIA X GALEAO (PARADOR) [VOLTA],42718.6,88.0
903055,,17,-22.934376,-43.665098,2023-07-26 05:28:41,10.0,,ida,17 - SANTA CRUZ X CAMPO GRANDE (PARADOR) [IDA],18913.1,36.0
903037,,17,-22.914019,-43.599005,2023-07-26 05:28:48,43.3,,ida,17 - SANTA CRUZ X CAMPO GRANDE (PARADOR) [IDA],20713.8,74.0
903002,,42,-22.852472,-43.316874,2023-07-26 05:28:55,35.5,,volta,42 - MADUREIRA MANANCEIA X GALEAO (PARADOR) [VOLTA],6977.4,83.0
901080,,53,-22.990585,-43.365928,2023-07-26 05:28:54,59.1,,ida,53 - SENTIDO ALVORADA (EXPRESSO) [IDA],31291.8,181.0
902110,,35,-22.924269,-43.373698,2023-07-26 05:28:50,0.0,,volta,35 - ALVORADA  X  MADUREIRA (PARADOR) [VOLTA],8841.9,359.0
902114,,35,-22.878238,-43.336323,2023-07-26 05:28:44,0.0,,ida,35 - MADUREIRA X ALVORADA (PARADOR) [IDA],8978.3,
902078,,31,-22.854875,-43.323225,2023-07-26 05:28:55,35.7,,ida,31 - VICENTE DE CARVALHO X ALVORADA (SEMIDIRETO) [IDA],10286.1,49.0
902111,,35,-22.876756,-43.330421,2023-07-26 05:28:49,0.0,,ida,35 - MADUREIRA X ALVORADA (PARADOR) [IDA],10289.6,
903054,,17,-22.919708,-43.681865,2023-07-26 05:28:47,18.8,,ida,17 - SANTA CRUZ X CAMPO GRANDE (PARADOR) [IDA],17679.1,351.0
903021,,42,-22.875275,-43.335126,2023-07-26 05:28:48,50.7,,ida,42 - GALEÃO X MADUREIRA MANANCEIA (PARADOR) [IDA],34635.5,170.0
903056,,17,-22.91785,-43.683209,2023-07-26 05:28:38,0.0,,ida,17 - SANTA CRUZ X CAMPO GRANDE (PARADOR) [IDA],14656.1,164.0
903000,,50,-22.973225,-43.379345,2023-07-26 05:28:42,58.9,,volta,50 - SENTIDO T. OLIMPICO (PARADOR) [VOLTA],31896.3,271.0
903058,,17,-22.918451,-43.68287,2023-07-26 05:28:53,0.0,,ida,17 - SANTA CRUZ X CAMPO GRANDE (PARADOR) [IDA],9174.5,254.0
901072,,52,-22.988855,-43.365848,2023-07-26 05:28:38,35.4,,ida,52 - SENTIDO ALVORADA (PARADOR) [IDA],38637.4,180.0
902045,,31,-22.889911,-43.346878,2023-07-26 05:28:39,43.5,,ida,31 - VICENTE DE CARVALHO X ALVORADA (SEMIDIRETO) [IDA],6834.2,210.0
903007,,50,-22.971888,-43.401223,2023-07-26 05:28:49,0.0,,ida,50 - SENTIDO JD. OCEANICO (PARADOR) [IDA],41368.6,176.0
903004,,42,-22.877683,-43.336436,2023-07-26 05:28:51,0.0,,volta,42 - MADUREIRA MANANCEIA X GALEAO (PARADOR) [VOLTA],39209.5,214.0
903006,,50,-22.839461,-43.239887,2023-07-26 05:28:40,0.0,,ida,50 - SENTIDO JD. OCEANICO (PARADOR) [IDA],46397.1,137.0
903005,,42,-22.842222,-43.278654,2023-07-26 05:28:53,29.2,,ida,42 - GALEÃO X MADUREIRA MANANCEIA (PARADOR) [IDA],38829.1,333.0
903022,,50,-22.972164,-43.401078,2023-07-26 05:28:43,0.0,,ida,50 - SENTIDO JD. OCEANICO (PARADOR) [IDA],37742.3,184.0
903035,,17,-22.928337,-43.653706,2023-07-26 05:28:42,0.0,,ida,17 - SANTA CRUZ X CAMPO GRANDE (PARADOR) [IDA],19576.0,48.0
901059,,51,-22.875803,-43.405379,2023-07-26 05:28:54,1.6,,volta,51 - SENTIDO V. MILITAR (PARADOR) [VOLTA],48371.7,329.0
903003,,42,-22.842528,-43.272269,2023-07-26 05:28:47,16.5,,volta,42 - MADUREIRA MANANCEIA X GALEAO (PARADOR) [VOLTA],41717.3,111.0
901020,,22,-23.000912,-43.364919,2023-07-26 05:28:38,0.0,,ida,22 - ALVORADA X J. OCEÂNICO (PARADOR) [IDA],25521.8,259.0
901022,,22,-23.000705,-43.364542,2023-07-26 05:28:54,9.6,,ida,22 - ALVORADA X J. OCEÂNICO (PARADOR) [IDA],18621.9,79.0
901024,,22,-23.000963,-43.365935,2023-07-26 05:28:41,0.0,,ida,22 - ALVORADA X J. OCEÂNICO (PARADOR) [IDA],20662.9,263.0
901025,,51,-22.96168,-43.392419,2023-07-26 05:28:56,60.5,,ida,51 - SENTIDO RECREIO (PARADOR) [IDA],40728.7,221.0
901027,,51,-22.862439,-43.401274,2023-07-26 05:28:52,28.3,,ida,51 - SENTIDO RECREIO (PARADOR) [IDA],25990.4,245.0
901028,,40,-22.984149,-43.365776,2023-07-26 05:28:50,0.0,,ida,40 - PAULO DA PORTELA X ALVORADA (EXPRESSO) [IDA],23791.2,180.0
901030,,40,-22.877533,-43.336915,2023-07-26 05:28:40,5.7,,ida,40 - PAULO DA PORTELA X ALVORADA (EXPRESSO) [IDA],21836.4,316.0
901032,,40,-22.899974,-43.353936,2023-07-26 05:28:38,43.5,,ida,40 - PAULO DA PORTELA X ALVORADA (EXPRESSO) [IDA],25299.6,213.0
901034,,40,-22.877918,-43.336277,2023-07-26 05:28:44,0.0,,ida,40 - PAULO DA PORTELA X ALVORADA (EXPRESSO) [IDA],27526.3,314.0
901036,,52,-22.899148,-43.353273,2023-07-26 05:28:53,47.5,,ida,52 - SENTIDO ALVORADA (PARADOR) [IDA],22815.6,33.0
901038,,22,-22.965043,-43.391467,2023-07-26 05:17:23,0.0,,ida,22 - ALVORADA X J. OCEÂNICO (PARADOR) [IDA],27356.9,
901040,,41,-22.9615,-43.390342,2023-07-26 05:28:53,29.4,,volta,41 - TERMINAL RECREIO X PAULO DA PORTELA (EXPRESSO) [VOLTA],29562.9,25.0
903009,,42,-22.852796,-43.314665,2023-07-26 05:28:47,39.4,,ida,42 - GALEÃO X MADUREIRA MANANCEIA (PARADOR) [IDA],47200.1,308.0
903010,,42,-22.839876,-43.239395,2023-07-26 05:28:43,6.3,,ida,42 - GALEÃO X MADUREIRA MANANCEIA (PARADOR) [IDA],43702.4,142.0
903011,,42,-22.829573,-43.235659,2023-07-26 05:28:40,62.5,,ida,42 - GALEÃO X MADUREIRA MANANCEIA (PARADOR) [IDA],45347.5,31.0
903012,,42,-22.877408,-43.336148,2023-07-26 05:28:52,0.0,,volta,42 - MADUREIRA MANANCEIA X GALEAO (PARADOR) [VOLTA],47960.6,23.0
903015,,42,-22.839849,-43.239568,2023-07-26 05:28:56,0.0,,ida,42 - GALEÃO X MADUREIRA MANANCEIA (PARADOR) [IDA],47876.8,323.0
903016,,42,-22.81825,-43.237925,2023-07-26 05:28:44,58.7,,ida,42 - GALEÃO X MADUREIRA MANANCEIA (PARADOR) [IDA],42545.3,126.0
903017,,50,-23.00676,-43.312417,2023-07-26 05:28:47,0.0,,volta,50 - SENTIDO T. OLIMPICO (PARADOR) [VOLTA],44916.9,97.0
903020,,50,-23.000083,-43.354525,2023-07-26 05:28:48,38.0,,ida,50 - SENTIDO JD. OCEANICO (PARADOR) [IDA],43851.6,90.0
903024,,38,-22.878881,-43.332091,2023-07-26 05:28:43,33.3,,ida,38 - FUNDÃO X ALVORADA (PARADOR) [IDA],38023.5,316.0
903025,,50,-23.000791,-43.368257,2023-07-26 05:28:53,18.8,,volta,50 - SENTIDO T. OLIMPICO (PARADOR) [VOLTA],39466.1,341.0
903013,,42,-22.840795,-43.239816,2023-07-26 05:28:51,22.1,,ida,42 - GALEÃO X MADUREIRA MANANCEIA (PARADOR) [IDA],44482.4,146.0
903014,,38,-22.972625,-43.400421,2023-07-26 05:28:53,22.7,,ida,38 - FUNDÃO X ALVORADA (PARADOR) [IDA],51738.7,21.0
901060,,51,-22.96321,-43.393689,2023-07-26 05:28:55,22.5,,volta,51 - SENTIDO V. MILITAR (PARADOR) [VOLTA],24791.0,41.0
903063,,17,-22.920238,-43.608168,2023-07-26 05:28:47,0.0,,ida,17 - SANTA CRUZ X CAMPO GRANDE (PARADOR) [IDA],21497.7,164.0
901000,,22,-23.000823,-43.366136,2023-07-26 05:28:45,0.0,,ida,22 - ALVORADA X J. OCEÂNICO (PARADOR) [IDA],30203.6,249.0
902113,,31,-22.857496,-43.329302,2023-07-26 05:28:36,40.2,,ida,31 - VICENTE DE CARVALHO X ALVORADA (SEMIDIRETO) [IDA],8855.8,184.0
902118,,31,-22.85274,-43.312755,2023-07-26 05:28:38,0.0,,ida,31 - VICENTE DE CARVALHO X ALVORADA (SEMIDIRETO) [IDA],7645.9,
902117,,31,-22.951195,-43.373761,2023-07-26 05:28:57,55.5,,ida,31 - VICENTE DE CARVALHO X ALVORADA (SEMIDIRETO) [IDA],10255.3,213.0
901044,,40,-22.97012,-43.389772,2023-07-26 05:28:38,59.1,,ida,40 - PAULO DA PORTELA X ALVORADA (EXPRESSO) [IDA],29608.1,127.0
903033,,42,-22.852648,-43.312858,2023-07-26 05:28:46,18.6,,ida,42 - GALEÃO X MADUREIRA MANANCEIA (PARADOR) [IDA],36577.7,229.0
902049,,46,-22.85431,-43.251867,2023-07-26 05:28:57,0.0,,ida,46 - PENHA X ALVORADA (EXPRESSO) [IDA],36014.9,
902020,,46,-22.841311,-43.275986,2023-07-26 05:28:51,0.0,,ida,46 - PENHA X ALVORADA (EXPRESSO) [IDA],31640.2,
902022,,46,-22.881145,-43.341783,2023-07-26 05:28:56,43.0,,ida,46 - PENHA X ALVORADA (EXPRESSO) [IDA],30792.3,189.0
901093,,51,-22.862073,-43.400432,2023-07-26 05:28:42,0.0,,ida,51 - SENTIDO RECREIO (PARADOR) [IDA],27803.2,237.0
902059,,43,-22.893464,-43.348965,2023-07-26 05:28:48,56.1,,volta,43 - SANTA EFIGENIA X FUNDÃO (EXPRESSO) [VOLTA],35719.4,31.0
901091,,51,-22.98197,-43.41042,2023-07-26 05:28:45,5.2,,ida,51 - SENTIDO RECREIO (PARADOR) [IDA],31136.1,181.0
901096,,51,-22.965418,-43.391442,2023-07-26 05:28:56,5.1,,volta,51 - SENTIDO V. MILITAR (PARADOR) [VOLTA],34298.2,209.0
901086,,53,-22.945239,-43.394143,2023-07-26 05:28:57,54.7,,ida,53 - SENTIDO ALVORADA (EXPRESSO) [IDA],48376.8,347.0
902032,,46,-23.001052,-43.367981,2023-07-26 05:28:44,0.0,,volta,46 - ALVORADA X PENHA (EXPRESSO) [VOLTA],36296.4,
901094,,0,-22.868074,-43.412848,2023-07-26 05:28:56,0.0,,,,32761.0,63.0
902027,,43,-22.940395,-43.372442,2023-07-26 05:28:50,0.0,,volta,43 - SANTA EFIGENIA X FUNDÃO (EXPRESSO) [VOLTA],32881.6,
902031,,41,-22.854007,-43.2516,2023-07-26 05:28:49,0.0,,volta,41 - TERMINAL RECREIO X PAULO DA PORTELA (EXPRESSO) [VOLTA],34805.7,
902028,,46,-22.839765,-43.282361,2023-07-26 05:28:53,49.6,,volta,46 - ALVORADA X PENHA (EXPRESSO) [VOLTA],37603.6,125.0
902029,,46,-22.854242,-43.251816,2023-07-26 05:28:42,0.0,,ida,46 - PENHA X ALVORADA (EXPRESSO) [IDA],35412.3,
902018,,40,-22.928666,-43.373497,2023-07-26 05:28:40,0.0,,ida,40 - PAULO DA PORTELA X ALVORADA (EXPRESSO) [IDA],23646.6,184.0
902046,,46,-22.923185,-43.374009,2023-07-26 05:28:54,34.0,,ida,46 - PENHA X ALVORADA (EXPRESSO) [IDA],33382.9,199.0
12715,,20,-22.91878,-43.682588,2023-07-26 05:28:44,0.0,,ida,20 - SANTA CRUZ X SALVADOR ALLENDE (EXPRESSO) [IDA],42389.0,
902010,,40,-22.962348,-43.390321,2023-07-26 05:28:40,41.8,,ida,40 - PAULO DA PORTELA X ALVORADA (EXPRESSO) [IDA],10958.6,359.0
902026,,41,-22.854169,-43.25165,2023-07-26 04:35:10,0.0,,volta,41 - TERMINAL RECREIO X PAULO DA PORTELA (EXPRESSO) [VOLTA],33962.4,
901089,,0,-22.965191,-43.391662,2023-07-26 05:28:47,0.0,,,,45838.9,
901062,,51,-22.99724,-43.425343,2023-07-26 05:28:43,57.9,,volta,51 - SENTIDO V. MILITAR (PARADOR) [VOLTA],46939.0,56.0
902053,,46,-22.85454,-43.251254,2023-07-26 05:28:38,0.0,,ida,46 - PENHA X ALVORADA (EXPRESSO) [IDA],33488.9,
E902000,,41,-22.852497,-43.312519,2023-07-26 05:28:45,14.0,,volta,41 - TERMINAL RECREIO X PAULO DA PORTELA (EXPRESSO) [VOLTA],10392.0,233.0
901067,,52,-22.965922,-43.396136,2023-07-26 05:28:48,44.5,,volta,52 - SENTIDO V. MILITAR (PARADOR) [VOLTA],41777.3,41.0
E902004,,41,-22.854513,-43.251051,2023-07-26 05:28:40,0.0,,volta,41 - TERMINAL RECREIO X PAULO DA PORTELA (EXPRESSO) [VOLTA],13269.2,
12713,,18,-23.000549,-43.336594,2023-07-26 05:28:50,50.5,,ida,18 - RECREIO SHOPPING X JARDIM OCEÂNICO (EXPRESSO) [IDA],35266.0,93.0
902048,,46,-22.902008,-43.355258,2023-07-26 05:28:42,44.1,,volta,46 - ALVORADA X PENHA (EXPRESSO) [VOLTA],23975.4,30.0
902058,,46,-22.854165,-43.251917,2023-07-26 05:28:54,0.0,,ida,46 - PENHA X ALVORADA (EXPRESSO) [IDA],34575.2,
901068,,51,-22.926297,-43.396906,2023-07-26 05:28:50,41.6,,volta,51 - SENTIDO V. MILITAR (PARADOR) [VOLTA],50832.9,333.0
902003,,41,-22.842466,-43.278384,2023-07-26 05:28:54,23.8,,volta,41 - TERMINAL RECREIO X PAULO DA PORTELA (EXPRESSO) [VOLTA],17403.4,280.0
902102,,35,-22.912604,-43.360439,2023-07-26 05:28:41,55.4,,ida,35 - MADUREIRA X ALVORADA (PARADOR) [IDA],12385.7,185.0
901082,,53,-22.957999,-43.393295,2023-07-26 05:28:41,61.7,,ida,53 - SENTIDO ALVORADA (EXPRESSO) [IDA],47083.6,159.0
902066,,46,-22.856125,-43.256028,2023-07-26 05:28:52,50.8,,ida,46 - PENHA X ALVORADA (EXPRESSO) [IDA],31314.8,219.0
902052,,46,-22.9536,-43.375568,2023-07-26 05:28:42,52.5,,volta,46 - ALVORADA X PENHA (EXPRESSO) [VOLTA],35626.4,35.0
902050,,43,-22.84024,-43.296985,2023-07-26 05:28:56,35.1,,volta,43 - SANTA EFIGENIA X FUNDÃO (EXPRESSO) [VOLTA],31277.7,47.0
902063,,46,-22.998805,-43.367798,2023-07-26 05:28:39,47.6,,volta,46 - ALVORADA X PENHA (EXPRESSO) [VOLTA],33269.6,46.0
902017,,31,-22.928815,-43.373457,2023-07-26 05:28:53,24.1,,ida,31 - VICENTE DE CARVALHO X ALVORADA (SEMIDIRETO) [IDA],23876.3,355.0
902057,,46,-22.854082,-43.251502,2023-07-26 05:28:51,0.0,,ida,46 - PENHA X ALVORADA (EXPRESSO) [IDA],29122.5,
902008,,40,-22.87874,-43.336322,2023-07-26 05:28:43,0.0,,ida,40 - PAULO DA PORTELA X ALVORADA (EXPRESSO) [IDA],10537.9,
902047,,46,-22.855946,-43.325137,2023-07-26 05:28:56,48.6,,ida,46 - PENHA X ALVORADA (EXPRESSO) [IDA],23971.8,255.0
902051,,46,-22.956162,-43.378564,2023-07-26 05:28:39,52.1,,ida,46 - PENHA X ALVORADA (EXPRESSO) [IDA],33006.3,231.0
902067,,46,-23.001005,-43.366089,2023-07-26 05:28:38,25.6,,volta,46 - ALVORADA X PENHA (EXPRESSO) [VOLTA],34105.4,268.0
901088,,31,-22.972982,-43.398167,2023-07-26 05:28:43,0.0,,ida,31 - VICENTE DE CARVALHO X ALVORADA (SEMIDIRETO) [IDA],41620.6,271.0
901098,,51,-22.876077,-43.405085,2023-07-26 05:28:41,0.0,,ida,51 - SENTIDO RECREIO (PARADOR) [IDA],27298.0,150.0
901090,,53,-22.965372,-43.39138,2023-07-26 05:28:53,0.0,,ida,53 - SENTIDO ALVORADA (EXPRESSO) [IDA],36783.0,
901055,,51,-22.941251,-43.394631,2023-07-26 05:28:52,0.0,,ida,51 - SENTIDO RECREIO (PARADOR) [IDA],46669.1,175.0
901076,,52,-22.862152,-43.400661,2023-07-26 05:28:48,9.3,,ida,52 - SENTIDO ALVORADA (PARADOR) [IDA],31275.2,232.0
902054,,46,-22.84157,-43.276987,2023-07-26 05:28:38,0.0,,ida,46 - PENHA X ALVORADA (EXPRESSO) [IDA],35708.5,
901079,,53,-23.001078,-43.364268,2023-07-26 05:28:49,12.2,,volta,53 - SENTIDO SULACAP (EXPRESSO) [VOLTA],44068.5,354.0
901084,,53,-22.884947,-43.399873,2023-07-26 05:28:42,21.9,,ida,53 - SENTIDO ALVORADA (EXPRESSO) [IDA],52312.1,355.0
901070,,52,-23.001393,-43.366858,2023-07-26 05:28:37,0.0,,volta,52 - SENTIDO V. MILITAR (PARADOR) [VOLTA],40499.2,86.0
902080,,46,-22.976569,-43.364809,2023-07-26 05:28:46,54.5,,ida,46 - PENHA X ALVORADA (EXPRESSO) [IDA],34366.3,202.0
901081,,53,-22.971901,-43.400481,2023-07-26 05:28:31,0.0,,ida,53 - SENTIDO ALVORADA (EXPRESSO) [IDA],41812.7,358.0
902065,,43,-22.863711,-43.332934,2023-07-26 05:28:43,42.8,,ida,43 - FUNDÃO X SANTA EFIGENIA (EXPRESSO) [IDA],35371.9,232.0
901069,,52,-22.973328,-43.372808,2023-07-26 05:28:43,59.6,,volta,52 - SENTIDO V. MILITAR (PARADOR) [VOLTA],37749.0,270.0
901074,,52,-22.941315,-43.394649,2023-07-26 05:28:39,15.6,,ida,52 - SENTIDO ALVORADA (PARADOR) [IDA],39524.6,178.0
901085,,53,-22.883794,-43.399624,2023-07-26 05:28:56,0.0,,ida,53 - SENTIDO ALVORADA (EXPRESSO) [IDA],43544.6,
902030,,31,-22.968917,-43.390761,2023-07-26 05:28:18,48.6,,ida,31 - VICENTE DE CARVALHO X ALVORADA (SEMIDIRETO) [IDA],11311.0,168.0
902071,,46,-22.973167,-43.385079,2023-07-26 05:28:41,0.0,,volta,46 - ALVORADA X PENHA (EXPRESSO) [VOLTA],35945.0,267.0
902072,,43,-22.83951,-43.239744,2023-07-26 05:28:44,0.0,,ida,43 - FUNDÃO X SANTA EFIGENIA (EXPRESSO) [IDA],32690.7,
902101,,31,-22.876606,-43.329854,2023-07-26 05:28:50,0.0,,ida,31 - VICENTE DE CARVALHO X ALVORADA (SEMIDIRETO) [IDA],10054.8,
902068,,43,-22.854423,-43.251599,2023-07-26 05:28:50,0.0,,ida,43 - FUNDÃO X SANTA EFIGENIA (EXPRESSO) [IDA],35600.1,
902064,,41,-22.877566,-43.336956,2023-07-26 05:28:44,0.0,,ida,41 - PAULO DA PORTELA X TERMINAL RECREIO (EXPRESSO) [IDA],0.0,
901087,,53,-22.911467,-43.400874,2023-07-26 05:28:19,58.8,,ida,53 - SENTIDO ALVORADA (EXPRESSO) [IDA],47535.6,7.0
902085,,46,-22.851704,-43.311525,2023-07-26 05:28:39,52.8,,ida,46 - PENHA X ALVORADA (EXPRESSO) [IDA],34059.1,230.0
E902012,,40,-22.965202,-43.392099,2023-07-26 05:28:43,0.0,,ida,40 - PAULO DA PORTELA X ALVORADA (EXPRESSO) [IDA],9751.3,
E902001,,41,-22.872328,-43.336387,2023-07-26 05:28:46,0.0,,volta,41 - TERMINAL RECREIO X PAULO DA PORTELA (EXPRESSO) [VOLTA],20881.7,198.0
E902006,,40,-22.915751,-43.361569,2023-07-26 05:28:54,28.8,,ida,40 - PAULO DA PORTELA X ALVORADA (EXPRESSO) [IDA],19310.8,210.0
E902011,,40,-22.878575,-43.336287,2023-07-26 05:28:55,0.0,,ida,40 - PAULO DA PORTELA X ALVORADA (EXPRESSO) [IDA],8602.8,
E902014,,41,-22.965207,-43.392077,2023-07-26 05:28:39,0.0,,volta,41 - TERMINAL RECREIO X PAULO DA PORTELA (EXPRESSO) [VOLTA],16099.0,
902002,,41,-22.878612,-43.336302,2023-07-26 05:28:49,0.0,,ida,41 - PAULO DA PORTELA X TERMINAL RECREIO (EXPRESSO) [IDA],19836.5,
902069,,41,-22.99888,-43.428374,2023-07-26 05:28:45,58.8,,ida,41 - PAULO DA PORTELA X TERMINAL RECREIO (EXPRESSO) [IDA],32597.4,227.0
902094,,35,-22.878509,-43.336305,2023-07-26 05:28:55,0.0,,ida,35 - MADUREIRA X ALVORADA (PARADOR) [IDA],9094.2,
903068,,17,-22.911956,-43.592199,2023-07-26 05:28:40,42.0,,volta,17 - CAMPO GRANDE  X SANTA CRUZ (PARADOR) [VOLTA],20740.1,252.0
902081,,31,-22.873383,-43.335731,2023-07-26 05:28:50,50.4,,ida,31 - VICENTE DE CARVALHO X ALVORADA (SEMIDIRETO) [IDA],11488.4,330.0
902075,,31,-22.852459,-43.312629,2023-07-26 05:28:40,0.0,,ida,31 - VICENTE DE CARVALHO X ALVORADA (SEMIDIRETO) [IDA],14101.6,
902082,,35,-23.000735,-43.36878,2023-07-26 05:28:57,34.6,,ida,35 - MADUREIRA X ALVORADA (PARADOR) [IDA],10880.3,129.0
902089,,35,-23.00091,-43.36724,2023-07-26 05:28:57,0.0,,volta,35 - ALVORADA  X  MADUREIRA (PARADOR) [VOLTA],9774.7,
903041,,50,-22.919759,-43.367462,2023-07-26 05:28:50,38.7,,ida,50 - SENTIDO JD. OCEANICO (PARADOR) [IDA],27440.9,242.0
903051,,50,-22.972439,-43.401058,2023-07-26 05:28:40,0.0,,ida,50 - SENTIDO JD. OCEANICO (PARADOR) [IDA],31059.3,174.0
902055,,46,-22.897574,-43.352199,2023-07-26 05:28:56,11.8,,ida,46 - PENHA X ALVORADA (EXPRESSO) [IDA],26.8,219.0
903044,,42,-22.854743,-43.253841,2023-07-26 05:28:54,0.0,,ida,42 - GALEÃO X MADUREIRA MANANCEIA (PARADOR) [IDA],29212.0,268.0
902043,,41,-22.918813,-43.365883,2023-07-26 05:28:54,50.9,,volta,41 - TERMINAL RECREIO X PAULO DA PORTELA (EXPRESSO) [VOLTA],29106.6,239.0
902036,,41,-22.959723,-43.388425,2023-07-26 05:28:54,42.2,,ida,41 - PAULO DA PORTELA X TERMINAL RECREIO (EXPRESSO) [IDA],32330.2,252.0
903047,,42,-22.85753,-43.257631,2023-07-26 05:28:45,3.3,,ida,42 - GALEÃO X MADUREIRA MANANCEIA (PARADOR) [IDA],23094.8,88.0
902074,,31,-22.852455,-43.312623,2023-07-26 05:28:39,0.0,,ida,31 - VICENTE DE CARVALHO X ALVORADA (SEMIDIRETO) [IDA],9772.0,
903040,,17,-22.916668,-43.632812,2023-07-26 05:28:57,0.0,,volta,17 - CAMPO GRANDE  X SANTA CRUZ (PARADOR) [VOLTA],18472.1,11.0
902044,,43,-22.919709,-43.367508,2023-07-26 05:28:55,49.4,,ida,43 - FUNDÃO X SANTA EFIGENIA (EXPRESSO) [IDA],31242.2,242.0
902038,,43,-22.839337,-43.239925,2023-07-26 05:28:56,0.0,,ida,43 - FUNDÃO X SANTA EFIGENIA (EXPRESSO) [IDA],7578.0,150.0
903064,,50,-22.973281,-43.380502,2023-07-26 05:28:50,51.7,,ida,50 - SENTIDO JD. OCEANICO (PARADOR) [IDA],22141.6,90.0
902037,,41,-22.85444,-43.251498,2023-07-26 05:28:40,0.0,,volta,41 - TERMINAL RECREIO X PAULO DA PORTELA (EXPRESSO) [VOLTA],35848.8,
903069,,17,-22.919957,-43.681736,2023-07-26 05:28:39,26.4,,ida,17 - SANTA CRUZ X CAMPO GRANDE (PARADOR) [IDA],22414.1,137.0
902042,,46,-22.877117,-43.335947,2023-07-26 05:28:45,36.4,,volta,46 - ALVORADA X PENHA (EXPRESSO) [VOLTA],31933.2,25.0
902040,,46,-22.846812,-43.304138,2023-07-26 05:28:52,48.8,,volta,46 - ALVORADA X PENHA (EXPRESSO) [VOLTA],34122.6,59.0
903038,,17,-22.927347,-43.677626,2023-07-26 05:28:37,2.3,,volta,17 - CAMPO GRANDE  X SANTA CRUZ (PARADOR) [VOLTA],26550.7,279.0
903053,,17,-22.915497,-43.616944,2023-07-26 05:28:53,31.6,,volta,17 - CAMPO GRANDE  X SANTA CRUZ (PARADOR) [VOLTA],21466.6,280.0
902076,,46,-22.854551,-43.251796,2023-07-26 05:28:53,0.0,,ida,46 - PENHA X ALVORADA (EXPRESSO) [IDA],27510.5,
902083,,31,-22.876534,-43.329835,2023-07-26 05:28:43,0.0,,ida,31 - VICENTE DE CARVALHO X ALVORADA (SEMIDIRETO) [IDA],5228.4,
902096,,35,-22.973099,-43.385669,2023-07-26 05:28:55,22.4,,volta,35 - ALVORADA  X  MADUREIRA (PARADOR) [VOLTA],14227.8,310.0
902100,,35,-22.891446,-43.347849,2023-07-26 05:28:48,57.8,,ida,35 - MADUREIRA X ALVORADA (PARADOR) [IDA],13437.7,210.0
903059,,17,-22.918622,-43.682666,2023-07-26 05:28:44,0.0,,ida,17 - SANTA CRUZ X CAMPO GRANDE (PARADOR) [IDA],18750.4,326.0
902079,,46,-22.852304,-43.315851,2023-07-26 05:28:40,0.0,,ida,46 - PENHA X ALVORADA (EXPRESSO) [IDA],30827.0,264.0
903066,,17,-22.916668,-43.631995,2023-07-26 05:28:43,29.5,,ida,17 - SANTA CRUZ X CAMPO GRANDE (PARADOR) [IDA],24882.8,78.0
902099,,35,-22.948455,-43.372555,2023-07-26 05:28:41,0.0,,ida,35 - MADUREIRA X ALVORADA (PARADOR) [IDA],11551.0,198.0
901099,,51,-23.008514,-43.440875,2023-07-26 05:28:44,0.8,,volta,51 - SENTIDO V. MILITAR (PARADOR) [VOLTA],29498.1,253.0
903046,,42,-22.849609,-43.307714,2023-07-26 05:28:50,1.5,,volta,42 - MADUREIRA MANANCEIA X GALEAO (PARADOR) [VOLTA],29791.3,43.0
903061,,17,-22.906156,-43.5602,2023-07-26 05:16:15,27.5,,ida,17 - SANTA CRUZ X CAMPO GRANDE (PARADOR) [IDA],21487.2,59.0
86835,,12,-22.919318,-43.607817,2023-07-26 05:28:53,0.0,,ida,12 - PINGO D'AGUA X ALVORADA (EXPRESSO) [IDA],13546.9,
44706,LRG8855,20,-22.91691,-43.683533,2023-07-26 05:28:56,0.0,,ida,20 - SANTA CRUZ X SALVADOR ALLENDE (EXPRESSO) [IDA],21875.4,
903065,,17,-22.91867,-43.639702,2023-07-26 05:28:41,30.7,,volta,17 - CAMPO GRANDE  X SANTA CRUZ (PARADOR) [VOLTA],16970.2,234.0
901008,,22,-23.006401,-43.312948,2023-07-26 05:29:51,0.0,,volta,22 - J. OCEÂNICO X ALVORADA (PARADOR) [VOLTA],22789.5,271.0
901011,RIV8A74,22,-23.000316,-43.341752,2023-07-26 05:29:49,0.0,,ida,22 - ALVORADA X J. OCEÂNICO (PARADOR) [IDA],23503.2,94.0
901012,,40,-23.000881,-43.366038,2023-07-26 05:29:50,0.0,,volta,40 - ALVORADA X PAULO DA PORTELA (EXPRESSO) [VOLTA],21293.4,
901007,,22,-23.000602,-43.33351,2023-07-26 05:29:49,46.1,,volta,22 - J. OCEÂNICO X ALVORADA (PARADOR) [VOLTA],21826.6,274.0
901009,,22,-23.006863,-43.312392,2023-07-26 05:29:38,4.7,,volta,22 - J. OCEÂNICO X ALVORADA (PARADOR) [VOLTA],20871.2,98.0
901010,RJM8G30,22,-23.000883,-43.331796,2023-07-26 05:29:46,52.8,,ida,22 - ALVORADA X J. OCEÂNICO (PARADOR) [IDA],22873.7,94.0
901017,,22,-23.000041,-43.360714,2023-07-26 05:29:45,32.8,,ida,22 - ALVORADA X J. OCEÂNICO (PARADOR) [IDA],25123.8,92.0
901006,RJA9F56,22,-23.00014,-43.344767,2023-07-26 05:29:43,49.9,,volta,22 - J. OCEÂNICO X ALVORADA (PARADOR) [VOLTA],19387.3,271.0
901005,RJB8E53,22,-23.000713,-43.366494,2023-07-26 05:29:55,15.3,,ida,22 - ALVORADA X J. OCEÂNICO (PARADOR) [IDA],21649.2,71.0
901004,RJQ8J80,22,-23.000652,-43.366018,2023-07-26 05:29:43,0.0,,ida,22 - ALVORADA X J. OCEÂNICO (PARADOR) [IDA],21439.3,79.0
30504,,25,-23.015368,-43.522215,2023-07-26 05:29:26,58.6,,volta,25 - ALVORADA X MATO ALTO (PARADOR) [VOLTA],53642.4,271.0
47031,KYW5240,25,-23.000941,-43.367265,2023-07-26 05:29:42,0.0,,volta,25 - ALVORADA X MATO ALTO (PARADOR) [VOLTA],50908.7,267.0
30533,KWO8120,13,-22.918223,-43.607046,2023-07-26 05:29:51,0.0,,ida,13 - MATO ALTO X ALVORADA (EXPRESSO) [IDA],52595.1,5.0
30538,KXE7719,20,-22.919035,-43.682295,2023-07-26 05:29:49,0.0,,volta,20 - SALVADOR ALLENDE X SANTA CRUZ (EXPRESSO) [VOLTA],55906.4,324.0
50309,KPN6B05,13,-23.000753,-43.366131,2023-07-26 05:29:48,0.0,,volta,13 - ALVORADA X  MATO ALTO (EXPRESSO) [VOLTA],20092.5,
30532,KYL8599,13,-23.001046,-43.365103,2023-07-26 05:29:55,0.0,,volta,13 - ALVORADA X  MATO ALTO (EXPRESSO) [VOLTA],41777.7,269.0
13423,LSI5976,25,-22.992938,-43.598049,2023-07-26 05:29:51,0.0,,ida,25 - MATO ALTO X ALVORADA (PARADOR) [IDA],41126.5,136.0
90002,LMB2D92,19,-22.969052,-43.635005,2023-07-26 05:29:55,59.0,,ida,19 - PINGO D'AGUA X SALVADOR ALLENDE (EXPRESSO) [IDA],55846.4,107.0
47030,LSQ5263,20,-23.004624,-43.428112,2023-07-26 05:29:49,0.0,,volta,20 - SALVADOR ALLENDE X SANTA CRUZ (EXPRESSO) [VOLTA],53795.9,71.0
30519,LRE9804,11,-22.920074,-43.608092,2023-07-26 05:29:40,0.0,,ida,11 - SANTA CRUZ X ALVORADA (PARADOR) [IDA],51494.8,
90005,KWK6A89,20,-22.916922,-43.683472,2023-07-26 05:29:54,0.0,,ida,20 - SANTA CRUZ X SALVADOR ALLENDE (EXPRESSO) [IDA],49835.7,301.0
86851,KQO8674,14,-22.920106,-43.607448,2023-07-26 05:29:53,19.5,,ida,14 - SANTA EUGÊNIA X SALVADOR ALLENDE (EXPRESSO) [IDA],12881.5,260.0
86875,KQB4103,12,-22.959393,-43.650161,2023-07-26 05:29:48,37.9,,ida,12 - PINGO D'AGUA X ALVORADA (EXPRESSO) [IDA],13023.2,177.0
30518,KYL8597,25,-23.005013,-43.430697,2023-07-26 05:29:44,0.0,,volta,25 - ALVORADA X MATO ALTO (PARADOR) [VOLTA],37118.1,253.0
902090,,35,-22.973396,-43.367358,2023-07-26 05:29:50,47.6,,ida,35 - MADUREIRA X ALVORADA (PARADOR) [IDA],15090.5,90.0
47012,KPZ8364,20,-22.982116,-43.609856,2023-07-26 05:29:39,60.0,,ida,20 - SANTA CRUZ X SALVADOR ALLENDE (EXPRESSO) [IDA],55003.0,160.0
86885,LTB5540,14,-22.935926,-43.667017,2023-07-26 05:29:56,19.9,,ida,14 - SANTA EUGÊNIA X SALVADOR ALLENDE (EXPRESSO) [IDA],514721.8,179.0
12738,KRR2404,25,-22.993847,-43.597386,2023-07-26 05:29:43,0.0,,ida,25 - MATO ALTO X ALVORADA (PARADOR) [IDA],37392.8,
86886,LTB5541,14,-22.99217,-43.598986,2023-07-26 05:29:48,24.4,,ida,14 - SANTA EUGÊNIA X SALVADOR ALLENDE (EXPRESSO) [IDA],13102.0,131.0
13428,KXE7712,11,-22.920214,-43.607895,2023-07-26 05:29:55,0.0,,ida,11 - SANTA CRUZ X ALVORADA (PARADOR) [IDA],57799.4,172.0
47006,KWZ8630,18,-23.019105,-43.505117,2023-07-26 05:29:42,0.0,,ida,18 - RECREIO SHOPPING X JARDIM OCEÂNICO (EXPRESSO) [IDA],50888.5,
47007,LSP6018,18,-22.920625,-43.607599,2023-07-26 05:29:41,0.0,,ida,18 - RECREIO SHOPPING X JARDIM OCEÂNICO (EXPRESSO) [IDA],42179.7,158.0
13413,KWI9711,25,-23.011888,-43.531534,2023-07-26 05:28:11,56.5,,ida,25 - MATO ALTO X ALVORADA (PARADOR) [IDA],43519.4,113.0
90001,KPZ5E15,19,-23.01911,-43.506278,2023-07-26 05:29:45,46.3,,ida,19 - PINGO D'AGUA X SALVADOR ALLENDE (EXPRESSO) [IDA],44148.9,107.0
901057,,52,-22.853448,-43.386614,2023-07-26 05:29:54,40.0,,ida,52 - SENTIDO ALVORADA (PARADOR) [IDA],51080.1,244.0
901003,RKM8C54,22,-23.000651,-43.364994,2023-07-26 05:29:47,0.0,,ida,22 - ALVORADA X J. OCEÂNICO (PARADOR) [IDA],22833.8,89.0
86874,KQB4102,20,-22.916629,-43.607038,2023-07-26 05:29:53,0.0,,ida,20 - SANTA CRUZ X SALVADOR ALLENDE (EXPRESSO) [IDA],512859.2,357.0
86879,LTN5696,13,-22.99878,-43.586421,2023-07-26 05:29:48,60.0,,ida,13 - MATO ALTO X ALVORADA (EXPRESSO) [IDA],1814.4,105.0
47011,LRH8889,0,-22.920695,-43.607889,2023-07-26 05:29:51,0.0,,,,39516.0,190.0
47014,KZI4452,19,-22.916471,-43.606981,2023-07-26 05:29:52,0.0,,ida,19 - PINGO D'AGUA X SALVADOR ALLENDE (EXPRESSO) [IDA],38000.2,352.0
30537,KXE7720,12,-22.969789,-43.61673,2023-07-26 05:29:48,60.0,,ida,12 - PINGO D'AGUA X ALVORADA (EXPRESSO) [IDA],51519.8,135.0
47018,LRS2843,0,-22.916336,-43.607156,2023-07-26 05:29:37,0.0,,,,32975.199,292.0
44713,KPZ3559,20,-22.919994,-43.607057,2023-07-26 05:29:49,22.4,,ida,20 - SANTA CRUZ X SALVADOR ALLENDE (EXPRESSO) [IDA],29573.2,3.0
13401,KQO7822,19,-23.017622,-43.479875,2023-07-26 05:29:56,28.4,,volta,19 - SALVADOR ALLENDE X PINGO D'AGUA (EXPRESSO) [VOLTA],53655.3,255.0
13421,KWO8119,10,-22.920238,-43.608202,2023-07-26 05:29:37,0.0,,ida,10 - SANTA CRUZ X ALVORADA (EXPRESSO) [IDA],14957.8,
27174,KQP5437,13,-23.011161,-43.453701,2023-07-26 05:29:39,14.3,,ida,13 - MATO ALTO X ALVORADA (EXPRESSO) [IDA],18888.8,76.0
47026,KYA7928,10,-22.920584,-43.608013,2023-07-26 05:29:51,0.0,,ida,10 - SANTA CRUZ X ALVORADA (EXPRESSO) [IDA],32900.199,
86889,KRQ6878,10,-23.000893,-43.367123,2023-07-26 05:29:37,0.0,,volta,10 - ALVORADA X SANTA CRUZ (EXPRESSO) [VOLTA],514962.4,
12724,LMJ1118,18,-23.000443,-43.390053,2023-07-26 05:29:38,13.5,,ida,18 - RECREIO SHOPPING X JARDIM OCEÂNICO (EXPRESSO) [IDA],9655.1,90.0
27209,LSL9B07,25,-23.017108,-43.477156,2023-07-26 05:29:51,21.5,,ida,25 - MATO ALTO X ALVORADA (PARADOR) [IDA],10087.8,72.0
27176,LRK9563,18,-23.008307,-43.44279,2023-07-26 05:29:49,0.4,,ida,18 - RECREIO SHOPPING X JARDIM OCEÂNICO (EXPRESSO) [IDA],13517.0,73.0
30511,KPV2250,13,-23.000487,-43.57816,2023-07-26 05:29:52,59.4,,volta,13 - ALVORADA X  MATO ALTO (EXPRESSO) [VOLTA],49458.8,284.0
13427,KXE7711,0,-22.920308,-43.607097,2023-07-26 05:29:52,23.9,,,,51855.7,2.0
12725,LMJ1327,25,-22.992508,-43.598345,2023-07-26 05:29:49,0.0,,ida,25 - MATO ALTO X ALVORADA (PARADOR) [IDA],39261.3,
13404,KQO7823,20,-23.004278,-43.428502,2023-07-26 05:29:44,51.4,,ida,20 - SANTA CRUZ X SALVADOR ALLENDE (EXPRESSO) [IDA],56111.4,250.0
47022,KRM7701,10,-22.962113,-43.648521,2023-07-26 05:29:50,56.5,,volta,10 - ALVORADA X SANTA CRUZ (EXPRESSO) [VOLTA],12964.7,327.0
13422,LSI5978,20,-23.015447,-43.470308,2023-07-26 05:29:51,50.7,,ida,20 - SANTA CRUZ X SALVADOR ALLENDE (EXPRESSO) [IDA],40400.0,75.0
12730,LSO8993,19,-22.969886,-43.628318,2023-07-26 05:29:27,57.4,,volta,19 - SALVADOR ALLENDE X PINGO D'AGUA (EXPRESSO) [VOLTA],9270.6,258.0
86872,LSH7386,13,-23.020898,-43.49265,2023-07-26 05:29:50,44.7,,ida,13 - MATO ALTO X ALVORADA (EXPRESSO) [IDA],22428.0,81.0
47017,LRS2841,20,-23.005195,-43.559288,2023-07-26 05:02:43,27.4,,ida,20 - SANTA CRUZ X SALVADOR ALLENDE (EXPRESSO) [IDA],47913.3,105.0
86859,KWJ9250,19,-23.002386,-43.422872,2023-07-26 05:29:51,9.8,,ida,19 - PINGO D'AGUA X SALVADOR ALLENDE (EXPRESSO) [IDA],18707.4,222.0
30509,KYM4574,13,-23.004456,-43.429206,2023-07-26 05:29:55,40.4,,volta,13 - ALVORADA X  MATO ALTO (EXPRESSO) [VOLTA],53051.1,250.0
12710,KRO9724,13,-22.993085,-43.597921,2023-07-26 05:29:37,0.0,,ida,13 - MATO ALTO X ALVORADA (EXPRESSO) [IDA],38381.0,
12720,KXD9430,20,-23.010971,-43.534982,2023-07-26 05:29:38,58.4,,volta,20 - SALVADOR ALLENDE X SANTA CRUZ (EXPRESSO) [VOLTA],21779.4,273.0
13407,KPY9732,18,-23.01391,-43.464389,2023-07-26 05:29:52,57.6,,ida,18 - RECREIO SHOPPING X JARDIM OCEÂNICO (EXPRESSO) [IDA],45440.3,75.0
30525,LRC6596,0,-23.000673,-43.367216,2023-07-26 05:29:48,0.0,,,,53689.1,
30514,KYL8595,11,-22.920066,-43.607996,2023-07-26 05:29:50,0.0,,ida,11 - SANTA CRUZ X ALVORADA (PARADOR) [IDA],38408.7,4.0
47010,KPZ8363,25,-23.000973,-43.364807,2023-07-26 05:29:54,2.3,,volta,25 - ALVORADA X MATO ALTO (PARADOR) [VOLTA],42596.8,199.0
12734,LSP8673,11,-22.918882,-43.607511,2023-07-26 05:29:48,0.0,,ida,11 - SANTA CRUZ X ALVORADA (PARADOR) [IDA],16895.4,
90006,LRH6D12,20,-22.917206,-43.683423,2023-07-26 05:29:54,3.4,,ida,20 - SANTA CRUZ X SALVADOR ALLENDE (EXPRESSO) [IDA],29710.9,345.0
30524,LRC6601,25,-23.000086,-43.406484,2023-07-26 05:29:51,20.3,,ida,25 - MATO ALTO X ALVORADA (PARADOR) [IDA],29242.3,111.0
13415,KQK7905,25,-23.000691,-43.366318,2023-07-26 05:29:42,0.0,,volta,25 - ALVORADA X MATO ALTO (PARADOR) [VOLTA],45135.0,
901002,,22,-23.000978,-43.365203,2023-07-26 05:29:47,0.0,,ida,22 - ALVORADA X J. OCEÂNICO (PARADOR) [IDA],17407.5,231.0
B16,LSI3468,14,-22.961299,-43.648397,2023-07-26 05:29:50,0.0,,ida,14 - SANTA EUGÊNIA X SALVADOR ALLENDE (EXPRESSO) [IDA],1124.0,
B35,LTI1196,14,-22.961474,-43.648167,2023-07-26 05:29:41,0.1,,ida,14 - SANTA EUGÊNIA X SALVADOR ALLENDE (EXPRESSO) [IDA],1073.4,148.0
B17,KWY8231,14,-22.961358,-43.648298,2023-07-26 05:29:40,0.0,,ida,14 - SANTA EUGÊNIA X SALVADOR ALLENDE (EXPRESSO) [IDA],1235.8,42.0
B20,LMH6141,14,-23.013368,-43.4631,2023-07-26 05:29:44,35.9,,volta,14 - SALVADOR ALLENDE x SANTA EUGÊNIA (EXPRESSO) [VOLTA],1176.7,254.0
B19,KZJ7238,14,-22.916566666666668,-43.631663333333336,2023-07-26 05:29:54,0.0,,ida,14 - SANTA EUGÊNIA X SALVADOR ALLENDE (EXPRESSO) [IDA],104993.2,225.0
B14,KRK9519,14,-22.926658,-43.651489,2023-07-26 05:29:55,62.3,,volta,14 - SALVADOR ALLENDE x SANTA EUGÊNIA (EXPRESSO) [VOLTA],1198.1,70.0
B11,KRK9516,14,-22.961436,-43.649046,2023-07-26 05:29:39,55.6,,ida,14 - SANTA EUGÊNIA X SALVADOR ALLENDE (EXPRESSO) [IDA],1228.2,147.0
B12,LMH5981,14,-22.935688,-43.666941,2023-07-26 05:27:14,23.1,,ida,14 - SANTA EUGÊNIA X SALVADOR ALLENDE (EXPRESSO) [IDA],1154.9,234.0
B24,LSO7028,14,-23.015273,-43.469706,2023-07-26 05:29:39,55.6,,ida,14 - SANTA EUGÊNIA X SALVADOR ALLENDE (EXPRESSO) [IDA],1211.5,74.0
B28,KQP5E29,14,-22.916459,-43.631106,2023-07-26 05:29:37,0.0,,ida,14 - SANTA EUGÊNIA X SALVADOR ALLENDE (EXPRESSO) [IDA],1141.7,258.0
B40,,14,-22.92556,-43.650058,2023-07-26 05:29:41,0.0,,ida,14 - SANTA EUGÊNIA X SALVADOR ALLENDE (EXPRESSO) [IDA],751.9,188.0
B41,,14,-22.91703,-43.635414,2023-07-26 05:29:56,52.3,,ida,14 - SANTA EUGÊNIA X SALVADOR ALLENDE (EXPRESSO) [IDA],1178.6,258.0
901001,RJD7J89,22,-23.00097,-43.365516,2023-07-26 05:29:51,0.0,,ida,22 - ALVORADA X J. OCEÂNICO (PARADOR) [IDA],17343.0,
B47,,14,-22.987724,-43.604518,2023-07-26 05:29:47,57.3,,ida,14 - SANTA EUGÊNIA X SALVADOR ALLENDE (EXPRESSO) [IDA],1192.7,134.0
B048,,14,-22.916509,-43.63145,2023-07-26 05:29:47,0.0,,ida,14 - SANTA EUGÊNIA X SALVADOR ALLENDE (EXPRESSO) [IDA],1167.9,258.0
B54,,14,-22.956101,-43.649625,2023-07-26 05:29:54,56.9,,ida,14 - SANTA EUGÊNIA X SALVADOR ALLENDE (EXPRESSO) [IDA],1177.4,9.0
B55,,14,-23.010986,-43.534443,2023-07-26 05:29:38,58.8,,volta,14 - SALVADOR ALLENDE x SANTA EUGÊNIA (EXPRESSO) [VOLTA],1166.3,271.0
B53,,14,-22.968729,-43.622027,2023-07-26 05:29:48,58.3,,ida,14 - SANTA EUGÊNIA X SALVADOR ALLENDE (EXPRESSO) [IDA],1207.2,78.0
B51,,14,-22.981314,-43.609926,2023-07-26 05:29:40,57.7,,volta,14 - SALVADOR ALLENDE x SANTA EUGÊNIA (EXPRESSO) [VOLTA],1247.7,341.0
901077,,52,-22.861928,-43.400255,2023-07-26 05:29:55,0.0,,ida,52 - SENTIDO ALVORADA (PARADOR) [IDA],26526.3,
902119,,35,-22.87879,-43.33643,2023-07-26 05:29:41,0.0,,ida,35 - MADUREIRA X ALVORADA (PARADOR) [IDA],7697.6,
901058,,51,-22.855828,-43.388437,2023-07-26 05:29:44,59.9,,ida,51 - SENTIDO RECREIO (PARADOR) [IDA],44208.9,242.0
901071,,22,-22.951179,-43.389731,2023-07-26 05:29:42,59.3,,ida,22 - ALVORADA X J. OCEÂNICO (PARADOR) [IDA],43443.5,356.0
903027,,50,-22.987355,-43.365917,2023-07-26 05:29:38,58.6,,ida,50 - SENTIDO JD. OCEANICO (PARADOR) [IDA],49619.7,181.0
901066,,52,-22.879023,-43.400465,2023-07-26 05:29:40,60.5,,volta,52 - SENTIDO V. MILITAR (PARADOR) [VOLTA],50022.8,323.0
903026,,50,-23.000542,-43.335359,2023-07-26 05:29:43,0.0,,volta,50 - SENTIDO T. OLIMPICO (PARADOR) [VOLTA],48964.0,274.0
903029,,50,-22.963863,-43.394549,2023-07-26 05:29:52,24.0,,ida,50 - SENTIDO JD. OCEANICO (PARADOR) [IDA],33513.8,207.0
902116,,35,-22.983716,-43.365708,2023-07-26 05:29:43,0.0,,volta,35 - ALVORADA  X  MADUREIRA (PARADOR) [VOLTA],11182.3,359.0
902115,,35,-22.940467,-43.372504,2023-07-26 05:29:54,0.0,,volta,35 - ALVORADA  X  MADUREIRA (PARADOR) [VOLTA],14872.6,359.0
901061,,51,-22.86207,-43.400434,2023-07-26 05:29:38,0.0,,ida,51 - SENTIDO RECREIO (PARADOR) [IDA],43316.2,235.0
903030,,50,-22.972356,-43.401122,2023-07-26 05:29:47,0.0,,ida,50 - SENTIDO JD. OCEANICO (PARADOR) [IDA],40967.7,183.0
901064,,22,-22.965133,-43.391761,2023-07-26 05:29:40,0.0,,ida,22 - ALVORADA X J. OCEÂNICO (PARADOR) [IDA],48930.6,149.0
901073,,51,-22.972854,-43.400628,2023-07-26 05:29:39,34.5,,ida,51 - SENTIDO RECREIO (PARADOR) [IDA],41865.3,95.0
901048,,51,-23.008449,-43.439816,2023-07-26 05:29:52,0.0,,volta,51 - SENTIDO V. MILITAR (PARADOR) [VOLTA],26350.2,71.0
903031,,38,-22.921284,-43.370322,2023-07-26 05:29:54,0.0,,ida,38 - FUNDÃO X ALVORADA (PARADOR) [IDA],40610.7,240.0
903032,,42,-22.85237,-43.248412,2023-07-26 05:29:49,44.2,,volta,42 - MADUREIRA MANANCEIA X GALEAO (PARADOR) [VOLTA],42719.3,349.0
903055,,17,-22.933369,-43.661653,2023-07-26 05:29:41,16.6,,ida,17 - SANTA CRUZ X CAMPO GRANDE (PARADOR) [IDA],18913.5,72.0
903037,,17,-22.913379,-43.595538,2023-07-26 05:29:48,5.1,,ida,17 - SANTA CRUZ X CAMPO GRANDE (PARADOR) [IDA],20714.2,49.0
903002,,42,-22.852372,-43.312291,2023-07-26 05:29:55,1.2,,volta,42 - MADUREIRA MANANCEIA X GALEAO (PARADOR) [VOLTA],6977.9,47.0
901080,,53,-22.998695,-43.367756,2023-07-26 05:29:53,59.7,,ida,53 - SENTIDO ALVORADA (EXPRESSO) [IDA],31292.8,226.0
902110,,35,-22.922788,-43.373263,2023-07-26 05:29:50,0.0,,volta,35 - ALVORADA  X  MADUREIRA (PARADOR) [VOLTA],8842.1,80.0
902114,,35,-22.878238,-43.336323,2023-07-26 05:29:44,0.0,,ida,35 - MADUREIRA X ALVORADA (PARADOR) [IDA],8978.3,
902078,,31,-22.8526,-43.318904,2023-07-26 05:29:55,0.0,,ida,31 - VICENTE DE CARVALHO X ALVORADA (SEMIDIRETO) [IDA],10286.7,88.0
902111,,35,-22.876348,-43.330048,2023-07-26 05:29:50,0.0,,ida,35 - MADUREIRA X ALVORADA (PARADOR) [IDA],10289.6,
903054,,17,-22.919242,-43.682318,2023-07-26 05:29:40,0.0,,ida,17 - SANTA CRUZ X CAMPO GRANDE (PARADOR) [IDA],17679.2,325.0
903021,,42,-22.877522,-43.336335,2023-07-26 05:29:48,0.0,,volta,42 - MADUREIRA MANANCEIA X GALEAO (PARADOR) [VOLTA],34635.8,224.0
903056,,17,-22.91736,-43.683444,2023-07-26 05:29:38,14.6,,ida,17 - SANTA CRUZ X CAMPO GRANDE (PARADOR) [IDA],14656.2,347.0
903000,,50,-22.973155,-43.383455,2023-07-26 05:29:43,0.0,,volta,50 - SENTIDO T. OLIMPICO (PARADOR) [VOLTA],31896.7,277.0
903058,,17,-22.917912,-43.683196,2023-07-26 05:29:54,6.6,,ida,17 - SANTA CRUZ X CAMPO GRANDE (PARADOR) [IDA],9174.6,334.0
901072,,52,-22.993195,-43.365992,2023-07-26 05:29:37,58.6,,ida,52 - SENTIDO ALVORADA (PARADOR) [IDA],38637.9,181.0
902045,,31,-22.894997,-43.34987,2023-07-26 05:29:38,0.0,,ida,31 - VICENTE DE CARVALHO X ALVORADA (SEMIDIRETO) [IDA],6834.9,216.0
903007,,50,-22.971899,-43.401207,2023-07-26 05:29:49,0.0,,ida,50 - SENTIDO JD. OCEANICO (PARADOR) [IDA],41368.6,176.0
903004,,42,-22.877652,-43.336514,2023-07-26 05:29:51,0.0,,volta,42 - MADUREIRA MANANCEIA X GALEAO (PARADOR) [VOLTA],39209.5,214.0
903006,,50,-22.83981,-43.239513,2023-07-26 05:29:40,0.0,,ida,50 - SENTIDO JD. OCEANICO (PARADOR) [IDA],46397.1,140.0
903005,,42,-22.839791,-43.282267,2023-07-26 05:29:41,40.7,,ida,42 - GALEÃO X MADUREIRA MANANCEIA (PARADOR) [IDA],38829.6,305.0
903022,,50,-22.972151,-43.401111,2023-07-26 05:29:43,0.1,,ida,50 - SENTIDO JD. OCEANICO (PARADOR) [IDA],37742.3,184.0
903035,,17,-22.925444,-43.649939,2023-07-26 05:29:42,17.6,,ida,17 - SANTA CRUZ X CAMPO GRANDE (PARADOR) [IDA],19576.5,20.0
901059,,51,-22.871134,-43.409842,2023-07-26 05:29:55,59.1,,volta,51 - SENTIDO V. MILITAR (PARADOR) [VOLTA],48372.4,317.0
903003,,42,-22.845981,-43.267409,2023-07-26 05:29:47,41.9,,volta,42 - MADUREIRA MANANCEIA X GALEAO (PARADOR) [VOLTA],41718.0,144.0
901020,,22,-23.000911,-43.364919,2023-07-26 05:29:37,0.0,,ida,22 - ALVORADA X J. OCEÂNICO (PARADOR) [IDA],25521.8,
901022,,22,-23.000983,-43.364953,2023-07-26 05:29:55,0.0,,ida,22 - ALVORADA X J. OCEÂNICO (PARADOR) [IDA],18622.0,265.0
901024,,22,-23.000956,-43.365928,2023-07-26 05:29:42,0.0,,ida,22 - ALVORADA X J. OCEÂNICO (PARADOR) [IDA],20662.9,263.0
901025,,51,-22.963534,-43.39412,2023-07-26 05:29:56,14.1,,ida,51 - SENTIDO RECREIO (PARADOR) [IDA],40728.9,224.0
901027,,51,-22.865979,-43.408995,2023-07-26 05:29:51,54.9,,ida,51 - SENTIDO RECREIO (PARADOR) [IDA],25991.3,245.0
901028,,40,-22.990552,-43.365959,2023-07-26 05:29:51,58.0,,ida,40 - PAULO DA PORTELA X ALVORADA (EXPRESSO) [IDA],23791.9,180.0
901030,,40,-22.877278,-43.337179,2023-07-26 05:29:48,21.2,,ida,40 - PAULO DA PORTELA X ALVORADA (EXPRESSO) [IDA],21836.5,326.0
901032,,40,-22.906956,-43.357931,2023-07-26 05:29:39,59.0,,ida,40 - PAULO DA PORTELA X ALVORADA (EXPRESSO) [IDA],25300.5,197.0
901034,,40,-22.87788,-43.336325,2023-07-26 05:29:43,0.0,,ida,40 - PAULO DA PORTELA X ALVORADA (EXPRESSO) [IDA],27526.3,
901036,,52,-22.895267,-43.35004,2023-07-26 05:29:53,0.0,,ida,52 - SENTIDO ALVORADA (PARADOR) [IDA],22816.1,38.0
901038,,22,-22.965194,-43.391672,2023-07-26 05:29:50,9.9,,ida,22 - ALVORADA X J. OCEÂNICO (PARADOR) [IDA],27356.9,193.0
901040,,41,-22.960668,-43.389943,2023-07-26 05:29:53,0.0,,volta,41 - TERMINAL RECREIO X PAULO DA PORTELA (EXPRESSO) [VOLTA],29563.0,24.0
901042,,53,-22.965507,-43.391614,2023-07-26 05:29:50,0.0,,ida,53 - SENTIDO ALVORADA (EXPRESSO) [IDA],29893.6,
903009,,42,-22.853012,-43.32023,2023-07-26 05:29:47,18.0,,ida,42 - GALEÃO X MADUREIRA MANANCEIA (PARADOR) [IDA],47200.7,223.0
903010,,42,-22.839892,-43.239391,2023-07-26 05:29:44,0.0,,ida,42 - GALEÃO X MADUREIRA MANANCEIA (PARADOR) [IDA],43702.4,143.0
903011,,42,-22.8224,-43.231836,2023-07-26 05:29:39,62.3,,ida,42 - GALEÃO X MADUREIRA MANANCEIA (PARADOR) [IDA],45348.5,317.0
903012,,42,-22.872805,-43.336344,2023-07-26 05:29:53,0.1,,volta,42 - MADUREIRA MANANCEIA X GALEAO (PARADOR) [VOLTA],47961.2,344.0
903015,,42,-22.839849,-43.239568,2023-07-26 05:29:56,0.0,,ida,42 - GALEÃO X MADUREIRA MANANCEIA (PARADOR) [IDA],47876.8,323.0
903016,,42,-22.824064,-43.231439,2023-07-26 05:29:45,58.3,,ida,42 - GALEÃO X MADUREIRA MANANCEIA (PARADOR) [IDA],42546.3,203.0
903017,,50,-23.006781,-43.311716,2023-07-26 05:29:53,9.7,,volta,50 - SENTIDO T. OLIMPICO (PARADOR) [VOLTA],44917.0,32.0
903020,,50,-23.000157,-43.350016,2023-07-26 05:29:48,53.7,,ida,50 - SENTIDO JD. OCEANICO (PARADOR) [IDA],43852.1,91.0
903024,,38,-22.8768,-43.334501,2023-07-26 05:29:43,0.0,,ida,38 - FUNDÃO X ALVORADA (PARADOR) [IDA],38023.8,330.0
903025,,50,-23.001388,-43.367321,2023-07-26 05:29:41,0.0,,volta,50 - SENTIDO T. OLIMPICO (PARADOR) [VOLTA],39466.4,74.0
903013,,42,-22.844778,-43.238571,2023-07-26 05:29:51,0.0,,ida,42 - GALEÃO X MADUREIRA MANANCEIA (PARADOR) [IDA],44482.8,210.0
903014,,38,-22.971676,-43.401083,2023-07-26 05:29:34,4.9,,ida,38 - FUNDÃO X ALVORADA (PARADOR) [IDA],51738.9,184.0
901060,,51,-22.960942,-43.391749,2023-07-26 05:29:55,47.1,,volta,51 - SENTIDO V. MILITAR (PARADOR) [VOLTA],24791.3,15.0
903063,,17,-22.920226,-43.60817,2023-07-26 05:29:48,0.0,,ida,17 - SANTA CRUZ X CAMPO GRANDE (PARADOR) [IDA],21497.7,164.0
901000,,22,-23.000772,-43.366203,2023-07-26 05:29:45,0.0,,ida,22 - ALVORADA X J. OCEÂNICO (PARADOR) [IDA],30203.6,249.0
902113,,31,-22.862724,-43.331593,2023-07-26 05:29:31,49.5,,ida,31 - VICENTE DE CARVALHO X ALVORADA (SEMIDIRETO) [IDA],8856.4,226.0
902118,,31,-22.85274,-43.312755,2023-07-26 05:29:38,0.0,,ida,31 - VICENTE DE CARVALHO X ALVORADA (SEMIDIRETO) [IDA],7645.9,
902117,,31,-22.955554,-43.377783,2023-07-26 05:29:37,60.2,,ida,31 - VICENTE DE CARVALHO X ALVORADA (SEMIDIRETO) [IDA],10256.0,228.0
901044,,40,-22.973272,-43.382523,2023-07-26 05:29:39,41.3,,ida,40 - PAULO DA PORTELA X ALVORADA (EXPRESSO) [IDA],29609.0,90.0
903033,,42,-22.852338,-43.31589,2023-07-26 05:29:45,0.0,,ida,42 - GALEÃO X MADUREIRA MANANCEIA (PARADOR) [IDA],36578.1,263.0
902049,,46,-22.85431,-43.251867,2023-07-26 05:29:37,0.0,,ida,46 - PENHA X ALVORADA (EXPRESSO) [IDA],36014.9,
902020,,46,-22.84197,-43.2776,2023-07-26 05:29:50,0.0,,ida,46 - PENHA X ALVORADA (EXPRESSO) [IDA],31640.4,265.0
902022,,46,-22.883981,-43.342636,2023-07-26 05:29:56,33.9,,ida,46 - PENHA X ALVORADA (EXPRESSO) [IDA],30792.6,198.0
901093,,51,-22.862223,-43.400625,2023-07-26 05:29:43,0.0,,ida,51 - SENTIDO RECREIO (PARADOR) [IDA],27803.2,232.0
902059,,43,-22.886365,-43.34424,2023-07-26 05:29:49,52.3,,volta,43 - SANTA EFIGENIA X FUNDÃO (EXPRESSO) [VOLTA],35720.3,40.0
901091,,51,-22.988156,-43.415518,2023-07-26 05:29:46,58.8,,ida,51 - SENTIDO RECREIO (PARADOR) [IDA],31136.9,230.0
901096,,51,-22.965597,-43.390793,2023-07-26 05:29:52,26.1,,volta,51 - SENTIDO V. MILITAR (PARADOR) [VOLTA],34298.4,57.0
901086,,53,-22.937114,-43.395211,2023-07-26 05:29:55,55.2,,ida,53 - SENTIDO ALVORADA (EXPRESSO) [IDA],48377.7,349.0
902032,,46,-23.001472,-43.367059,2023-07-26 05:29:45,28.0,,volta,46 - ALVORADA X PENHA (EXPRESSO) [VOLTA],36296.7,89.0
901094,,0,-22.868026,-43.412845,2023-07-26 05:29:55,0.0,,,,32761.0,63.0
902027,,43,-22.940253,-43.372457,2023-07-26 05:29:50,20.8,,volta,43 - SANTA EFIGENIA X FUNDÃO (EXPRESSO) [VOLTA],32881.6,1.0
902031,,41,-22.854007,-43.2516,2023-07-26 05:29:49,0.0,,volta,41 - TERMINAL RECREIO X PAULO DA PORTELA (EXPRESSO) [VOLTA],34805.7,
902028,,46,-22.842123,-43.277183,2023-07-26 05:29:53,40.1,,volta,46 - ALVORADA X PENHA (EXPRESSO) [VOLTA],37604.3,78.0
902029,,46,-22.854242,-43.251816,2023-07-26 05:29:22,0.0,,ida,46 - PENHA X ALVORADA (EXPRESSO) [IDA],35412.3,
902018,,40,-22.932698,-43.373,2023-07-26 05:29:40,10.8,,ida,40 - PAULO DA PORTELA X ALVORADA (EXPRESSO) [IDA],23647.1,159.0
902046,,46,-22.924157,-43.373936,2023-07-26 05:29:39,18.8,,ida,46 - PENHA X ALVORADA (EXPRESSO) [IDA],33383.0,179.0
12715,,20,-22.91878,-43.682588,2023-07-26 05:29:45,0.0,,ida,20 - SANTA CRUZ X SALVADOR ALLENDE (EXPRESSO) [IDA],42389.0,
902010,,40,-22.960434,-43.389839,2023-07-26 05:29:40,0.0,,ida,40 - PAULO DA PORTELA X ALVORADA (EXPRESSO) [IDA],10958.8,25.0
902026,,41,-22.854169,-43.25165,2023-07-26 05:29:38,0.0,,volta,41 - TERMINAL RECREIO X PAULO DA PORTELA (EXPRESSO) [VOLTA],33962.4,
901089,,0,-22.965199,-43.391687,2023-07-26 05:29:47,0.0,,,,45838.9,
901062,,51,-22.990607,-43.419024,2023-07-26 05:29:43,59.3,,volta,51 - SENTIDO V. MILITAR (PARADOR) [VOLTA],46940.0,51.0
902053,,46,-22.85454,-43.251254,2023-07-26 05:29:38,0.0,,ida,46 - PENHA X ALVORADA (EXPRESSO) [IDA],33488.9,
E902000,,41,-22.852293,-43.315701,2023-07-26 05:29:44,0.0,,volta,41 - TERMINAL RECREIO X PAULO DA PORTELA (EXPRESSO) [VOLTA],10392.4,262.0
901067,,52,-22.963059,-43.393484,2023-07-26 05:29:48,14.4,,volta,52 - SENTIDO V. MILITAR (PARADOR) [VOLTA],41777.7,42.0
E902004,,41,-22.854513,-43.251051,2023-07-26 05:29:41,0.0,,volta,41 - TERMINAL RECREIO X PAULO DA PORTELA (EXPRESSO) [VOLTA],13269.2,
12713,,18,-23.002075,-43.327287,2023-07-26 05:29:50,59.4,,ida,18 - RECREIO SHOPPING X JARDIM OCEÂNICO (EXPRESSO) [IDA],35266.9,114.0
902048,,46,-22.897276,-43.351819,2023-07-26 05:29:42,0.0,,volta,46 - ALVORADA X PENHA (EXPRESSO) [VOLTA],23976.0,39.0
902058,,46,-22.854166,-43.251917,2023-07-26 05:29:54,0.0,,ida,46 - PENHA X ALVORADA (EXPRESSO) [IDA],34575.2,
901068,,51,-22.918151,-43.396535,2023-07-26 05:29:50,61.9,,volta,51 - SENTIDO V. MILITAR (PARADOR) [VOLTA],50833.8,350.0
902003,,41,-22.840426,-43.281172,2023-07-26 05:29:37,48.7,,volta,41 - TERMINAL RECREIO X PAULO DA PORTELA (EXPRESSO) [VOLTA],17403.8,304.0
902102,,35,-22.916053,-43.361774,2023-07-26 05:29:41,0.0,,ida,35 - MADUREIRA X ALVORADA (PARADOR) [IDA],12386.1,205.0
901082,,53,-22.964867,-43.395381,2023-07-26 05:29:41,54.4,,ida,53 - SENTIDO ALVORADA (EXPRESSO) [IDA],47084.5,220.0
902066,,46,-22.85598,-43.259159,2023-07-26 05:29:52,41.7,,ida,46 - PENHA X ALVORADA (EXPRESSO) [IDA],31315.3,326.0
902052,,46,-22.94583,-43.371957,2023-07-26 05:29:46,57.8,,volta,46 - ALVORADA X PENHA (EXPRESSO) [VOLTA],35627.4,350.0
902050,,43,-22.83773,-43.290651,2023-07-26 05:29:57,47.4,,volta,43 - SANTA EFIGENIA X FUNDÃO (EXPRESSO) [VOLTA],31278.4,73.0
902063,,46,-22.991751,-43.365738,2023-07-26 05:29:38,59.9,,volta,46 - ALVORADA X PENHA (EXPRESSO) [VOLTA],33270.4,1.0
902017,,31,-22.926659,-43.373668,2023-07-26 05:29:53,33.6,,ida,31 - VICENTE DE CARVALHO X ALVORADA (SEMIDIRETO) [IDA],23876.6,355.0
902057,,46,-22.854082,-43.251502,2023-07-26 05:29:48,0.0,,ida,46 - PENHA X ALVORADA (EXPRESSO) [IDA],29122.5,
902008,,40,-22.87874,-43.336322,2023-07-26 05:29:42,0.0,,ida,40 - PAULO DA PORTELA X ALVORADA (EXPRESSO) [IDA],10537.9,
902047,,46,-22.859695,-43.329661,2023-07-26 05:29:56,49.4,,ida,46 - PENHA X ALVORADA (EXPRESSO) [IDA],23972.6,189.0
902051,,46,-22.95864,-43.383717,2023-07-26 05:29:39,19.2,,ida,46 - PENHA X ALVORADA (EXPRESSO) [IDA],33006.9,256.0
902067,,46,-23.001005,-43.368126,2023-07-26 05:29:38,0.0,,volta,46 - ALVORADA X PENHA (EXPRESSO) [VOLTA],34105.6,286.0
901088,,31,-22.969655,-43.399529,2023-07-26 05:29:43,57.8,,ida,31 - VICENTE DE CARVALHO X ALVORADA (SEMIDIRETO) [IDA],41621.2,36.0
901098,,51,-22.879968,-43.399998,2023-07-26 05:29:52,49.5,,ida,51 - SENTIDO RECREIO (PARADOR) [IDA],27298.7,161.0
901090,,53,-22.96538,-43.391419,2023-07-26 05:29:52,0.0,,ida,53 - SENTIDO ALVORADA (EXPRESSO) [IDA],36783.0,
901055,,51,-22.94687,-43.393336,2023-07-26 05:29:51,57.2,,ida,51 - SENTIDO RECREIO (PARADOR) [IDA],46669.8,138.0
901076,,52,-22.862229,-43.400829,2023-07-26 05:29:48,0.0,,ida,52 - SENTIDO ALVORADA (PARADOR) [IDA],31275.2,231.0
902054,,46,-22.84157,-43.276987,2023-07-26 05:29:38,0.0,,ida,46 - PENHA X ALVORADA (EXPRESSO) [IDA],35708.5,
901079,,53,-23.001011,-43.365975,2023-07-26 05:29:41,19.8,,volta,53 - SENTIDO SULACAP (EXPRESSO) [VOLTA],44068.7,267.0
901084,,53,-22.884476,-43.399507,2023-07-26 05:29:41,0.0,,ida,53 - SENTIDO ALVORADA (EXPRESSO) [IDA],52312.1,8.0
901070,,52,-23.001441,-43.366898,2023-07-26 05:29:37,0.0,,volta,52 - SENTIDO V. MILITAR (PARADOR) [VOLTA],40499.2,86.0
902080,,46,-22.984692,-43.365842,2023-07-26 05:29:45,55.8,,ida,46 - PENHA X ALVORADA (EXPRESSO) [IDA],34367.2,181.0
901081,,53,-22.973253,-43.397521,2023-07-26 05:29:52,47.7,,ida,53 - SENTIDO ALVORADA (EXPRESSO) [IDA],41813.3,91.0
902065,,43,-22.869219,-43.335243,2023-07-26 05:29:43,46.6,,ida,43 - FUNDÃO X SANTA EFIGENIA (EXPRESSO) [IDA],35372.6,197.0
901069,,52,-22.97328,-43.377992,2023-07-26 05:29:43,34.3,,volta,52 - SENTIDO V. MILITAR (PARADOR) [VOLTA],37749.5,273.0
901074,,52,-22.947828,-43.391928,2023-07-26 05:29:39,37.2,,ida,52 - SENTIDO ALVORADA (PARADOR) [IDA],39525.4,122.0
901085,,53,-22.885013,-43.400023,2023-07-26 05:29:55,8.7,,ida,53 - SENTIDO ALVORADA (EXPRESSO) [IDA],43544.7,85.0
902030,,31,-22.973291,-43.38131,2023-07-26 05:29:38,60.3,,ida,31 - VICENTE DE CARVALHO X ALVORADA (SEMIDIRETO) [IDA],11312.2,90.0
902071,,46,-22.97043,-43.389261,2023-07-26 05:29:41,45.1,,volta,46 - ALVORADA X PENHA (EXPRESSO) [VOLTA],35945.6,307.0
902072,,43,-22.83951,-43.239744,2023-07-26 05:29:44,0.0,,ida,43 - FUNDÃO X SANTA EFIGENIA (EXPRESSO) [IDA],32690.7,
902101,,31,-22.876606,-43.329854,2023-07-26 05:29:51,0.0,,ida,31 - VICENTE DE CARVALHO X ALVORADA (SEMIDIRETO) [IDA],10054.8,
902068,,43,-22.854423,-43.251599,2023-07-26 05:29:50,0.0,,ida,43 - FUNDÃO X SANTA EFIGENIA (EXPRESSO) [IDA],35600.1,
902064,,41,-22.8773,-43.337188,2023-07-26 05:29:53,21.7,,ida,41 - PAULO DA PORTELA X TERMINAL RECREIO (EXPRESSO) [IDA],0.0,339.0
901087,,53,-22.911034,-43.400854,2023-07-26 05:28:24,58.6,,ida,53 - SENTIDO ALVORADA (EXPRESSO) [IDA],47535.7,2.0
902085,,46,-22.852271,-43.315471,2023-07-26 05:29:39,0.2,,ida,46 - PENHA X ALVORADA (EXPRESSO) [IDA],34059.6,277.0
E902012,,40,-22.965202,-43.392099,2023-07-26 05:29:42,0.0,,ida,40 - PAULO DA PORTELA X ALVORADA (EXPRESSO) [IDA],9751.3,
E902001,,41,-22.874323,-43.335449,2023-07-26 05:29:46,40.9,,volta,41 - TERMINAL RECREIO X PAULO DA PORTELA (EXPRESSO) [VOLTA],20882.0,156.0
E902006,,40,-22.918476,-43.365245,2023-07-26 05:29:55,0.0,,ida,40 - PAULO DA PORTELA X ALVORADA (EXPRESSO) [IDA],19311.3,238.0
E902011,,40,-22.877643,-43.336766,2023-07-26 05:29:56,0.0,,ida,40 - PAULO DA PORTELA X ALVORADA (EXPRESSO) [IDA],8603.0,302.0
E902014,,41,-22.965593,-43.391789,2023-07-26 05:29:38,0.0,,volta,41 - TERMINAL RECREIO X PAULO DA PORTELA (EXPRESSO) [VOLTA],16099.0,
902002,,41,-22.878612,-43.336302,2023-07-26 05:29:49,0.0,,ida,41 - PAULO DA PORTELA X TERMINAL RECREIO (EXPRESSO) [IDA],19836.5,
902069,,41,-23.000452,-43.430337,2023-07-26 05:29:45,0.0,,ida,41 - PAULO DA PORTELA X TERMINAL RECREIO (EXPRESSO) [IDA],32597.7,226.0
902094,,35,-22.878509,-43.336305,2023-07-26 05:29:55,0.0,,ida,35 - MADUREIRA X ALVORADA (PARADOR) [IDA],9094.2,
903068,,17,-22.913475,-43.596101,2023-07-26 05:29:54,15.7,,volta,17 - CAMPO GRANDE  X SANTA CRUZ (PARADOR) [VOLTA],20740.6,241.0
902081,,31,-22.869946,-43.335367,2023-07-26 05:29:50,33.9,,ida,31 - VICENTE DE CARVALHO X ALVORADA (SEMIDIRETO) [IDA],11488.8,15.0
902075,,31,-22.852459,-43.312629,2023-07-26 05:29:39,0.0,,ida,31 - VICENTE DE CARVALHO X ALVORADA (SEMIDIRETO) [IDA],14101.6,
902082,,35,-23.001367,-43.367038,2023-07-26 05:29:41,0.0,,volta,35 - ALVORADA  X  MADUREIRA (PARADOR) [VOLTA],10880.5,86.0
903062,,17,-22.907091,-43.570047,2023-07-26 05:25:37,26.2,,ida,17 - SANTA CRUZ X CAMPO GRANDE (PARADOR) [IDA],20196.2,82.0
902089,,35,-23.000685,-43.366358,2023-07-26 05:29:48,24.4,,volta,35 - ALVORADA  X  MADUREIRA (PARADOR) [VOLTA],9774.8,90.0
903041,,50,-22.921246,-43.370164,2023-07-26 05:29:50,0.0,,ida,50 - SENTIDO JD. OCEANICO (PARADOR) [IDA],27441.3,241.0
903051,,50,-22.972424,-43.401044,2023-07-26 05:29:41,0.0,,ida,50 - SENTIDO JD. OCEANICO (PARADOR) [IDA],31059.3,174.0
902055,,46,-22.902404,-43.355545,2023-07-26 05:29:56,39.2,,ida,46 - PENHA X ALVORADA (EXPRESSO) [IDA],27.4,211.0
903044,,42,-22.857202,-43.256958,2023-07-26 05:29:54,25.4,,ida,42 - GALEÃO X MADUREIRA MANANCEIA (PARADOR) [IDA],29212.4,220.0
902043,,41,-22.920951,-43.369763,2023-07-26 05:29:54,0.0,,volta,41 - TERMINAL RECREIO X PAULO DA PORTELA (EXPRESSO) [VOLTA],29107.1,240.0
902036,,41,-22.960603,-43.391589,2023-07-26 05:29:54,11.8,,ida,41 - PAULO DA PORTELA X TERMINAL RECREIO (EXPRESSO) [IDA],32330.6,256.0
903047,,42,-22.856083,-43.255976,2023-07-26 05:29:44,33.4,,ida,42 - GALEÃO X MADUREIRA MANANCEIA (PARADOR) [IDA],23095.0,39.0
902074,,31,-22.852455,-43.312623,2023-07-26 05:29:39,0.0,,ida,31 - VICENTE DE CARVALHO X ALVORADA (SEMIDIRETO) [IDA],9772.0,
903040,,17,-22.916758,-43.632871,2023-07-26 05:29:37,6.8,,volta,17 - CAMPO GRANDE  X SANTA CRUZ (PARADOR) [VOLTA],18472.1,231.0
902044,,43,-22.921075,-43.37006,2023-07-26 05:29:49,0.0,,ida,43 - FUNDÃO X SANTA EFIGENIA (EXPRESSO) [IDA],31242.5,245.0
902038,,43,-22.839337,-43.239925,2023-07-26 05:29:56,0.0,,ida,43 - FUNDÃO X SANTA EFIGENIA (EXPRESSO) [IDA],7578.0,150.0
903064,,50,-22.973353,-43.37626,2023-07-26 05:29:50,0.0,,ida,50 - SENTIDO JD. OCEANICO (PARADOR) [IDA],22142.0,92.0
902037,,41,-22.85444,-43.251498,2023-07-26 05:29:39,0.0,,volta,41 - TERMINAL RECREIO X PAULO DA PORTELA (EXPRESSO) [VOLTA],35848.8,
903069,,17,-22.921051,-43.680627,2023-07-26 05:29:37,20.3,,ida,17 - SANTA CRUZ X CAMPO GRANDE (PARADOR) [IDA],22414.3,136.0
902042,,46,-22.875259,-43.33512,2023-07-26 05:29:45,39.0,,volta,46 - ALVORADA X PENHA (EXPRESSO) [VOLTA],31933.4,353.0
902040,,46,-22.841384,-43.298595,2023-07-26 05:29:52,58.7,,volta,46 - ALVORADA X PENHA (EXPRESSO) [VOLTA],34123.4,55.0
903038,,17,-22.922398,-43.679552,2023-07-26 05:29:37,15.7,,volta,17 - CAMPO GRANDE  X SANTA CRUZ (PARADOR) [VOLTA],26551.3,334.0
903053,,17,-22.916248,-43.622572,2023-07-26 05:29:53,4.8,,volta,17 - CAMPO GRANDE  X SANTA CRUZ (PARADOR) [VOLTA],21467.2,268.0
902087,,31,-22.876484,-43.330225,2023-07-26 04:30:00,0.0,,ida,31 - VICENTE DE CARVALHO X ALVORADA (SEMIDIRETO) [IDA],10088.9,
902076,,46,-22.854551,-43.251796,2023-07-26 05:29:53,0.0,,ida,46 - PENHA X ALVORADA (EXPRESSO) [IDA],27510.5,
902083,,31,-22.876534,-43.329835,2023-07-26 05:29:43,0.0,,ida,31 - VICENTE DE CARVALHO X ALVORADA (SEMIDIRETO) [IDA],5228.4,
902096,,35,-22.968474,-43.390745,2023-07-26 05:29:53,38.0,,volta,35 - ALVORADA  X  MADUREIRA (PARADOR) [VOLTA],14228.5,2.0
902100,,35,-22.894449,-43.349546,2023-07-26 05:29:49,19.6,,ida,35 - MADUREIRA X ALVORADA (PARADOR) [IDA],13438.1,209.0
903059,,17,-22.918622,-43.682666,2023-07-26 05:29:44,0.0,,ida,17 - SANTA CRUZ X CAMPO GRANDE (PARADOR) [IDA],18750.4,326.0
902079,,46,-22.853815,-43.321691,2023-07-26 05:29:41,55.9,,ida,46 - PENHA X ALVORADA (EXPRESSO) [IDA],30827.6,240.0
903066,,17,-22.915775,-43.628683,2023-07-26 05:29:44,38.7,,ida,17 - SANTA CRUZ X CAMPO GRANDE (PARADOR) [IDA],24883.1,80.0
902099,,35,-22.949988,-43.373088,2023-07-26 05:29:41,46.1,,ida,35 - MADUREIRA X ALVORADA (PARADOR) [IDA],11551.1,200.0
903046,,42,-22.847369,-43.305183,2023-07-26 05:29:50,13.5,,volta,42 - MADUREIRA MANANCEIA X GALEAO (PARADOR) [VOLTA],29791.7,49.0
902077,,43,-22.854208,-43.25148,2023-07-26 04:33:22,0.0,,ida,43 - FUNDÃO X SANTA EFIGENIA (EXPRESSO) [IDA],34749.1,
903061,,17,-22.901368,-43.554224,2023-07-26 05:24:58,13.0,,volta,17 - CAMPO GRANDE  X SANTA CRUZ (PARADOR) [VOLTA],21488.5,351.0
86835,,12,-22.919256,-43.607757,2023-07-26 05:29:52,0.0,,ida,12 - PINGO D'AGUA X ALVORADA (EXPRESSO) [IDA],13546.9,
44706,LRG8855,20,-22.91691,-43.683533,2023-07-26 05:29:56,0.0,,ida,20 - SANTA CRUZ X SALVADOR ALLENDE (EXPRESSO) [IDA],21875.4,
903065,,17,-22.92066,-43.643942,2023-07-26 05:29:42,19.9,,volta,17 - CAMPO GRANDE  X SANTA CRUZ (PARADOR) [VOLTA],16970.7,238.0
901008,,22,-23.003698,-43.322865,2023-07-26 05:31:31,43.1,,volta,22 - J. OCEÂNICO X ALVORADA (PARADOR) [VOLTA],22790.6,289.0
901011,RIV8A74,22,-23.000591,-43.334938,2023-07-26 05:31:29,1.4,,ida,22 - ALVORADA X J. OCEÂNICO (PARADOR) [IDA],23503.9,92.0
901012,,40,-23.000812,-43.36602,2023-07-26 05:31:30,0.0,,volta,40 - ALVORADA X PAULO DA PORTELA (EXPRESSO) [VOLTA],21293.4,
901007,,22,-23.00037,-43.337418,2023-07-26 05:31:28,56.0,,volta,22 - J. OCEÂNICO X ALVORADA (PARADOR) [VOLTA],21827.0,273.0
901009,,22,-23.00685,-43.311998,2023-07-26 05:31:37,0.0,,volta,22 - J. OCEÂNICO X ALVORADA (PARADOR) [VOLTA],20871.2,98.0
901010,RJM8G30,22,-23.002207,-43.326986,2023-07-26 05:31:26,46.4,,ida,22 - ALVORADA X J. OCEÂNICO (PARADOR) [IDA],22874.2,113.0
901017,,22,-23.000106,-43.352911,2023-07-26 05:31:25,52.9,,ida,22 - ALVORADA X J. OCEÂNICO (PARADOR) [IDA],25124.6,88.0
901006,RJA9F56,22,-23.00002,-43.351982,2023-07-26 05:31:23,32.4,,volta,22 - J. OCEÂNICO X ALVORADA (PARADOR) [VOLTA],19388.0,268.0
901005,RJB8E53,22,-23.001008,-43.365067,2023-07-26 05:31:35,0.0,,ida,22 - ALVORADA X J. OCEÂNICO (PARADOR) [IDA],21649.5,222.0
901004,RJQ8J80,22,-23.000652,-43.366018,2023-07-26 05:31:23,0.0,,ida,22 - ALVORADA X J. OCEÂNICO (PARADOR) [IDA],21439.3,79.0
30504,,25,-23.009418,-43.539803,2023-07-26 05:31:26,29.8,,volta,25 - ALVORADA X MATO ALTO (PARADOR) [VOLTA],53644.4,305.0
47031,KYW5240,25,-23.000631,-43.366673,2023-07-26 05:31:26,17.8,,volta,25 - ALVORADA X MATO ALTO (PARADOR) [VOLTA],50908.9,342.0
30533,KWO8120,13,-22.918185,-43.607048,2023-07-26 05:31:31,0.0,,ida,13 - MATO ALTO X ALVORADA (EXPRESSO) [IDA],52595.1,5.0
30538,KXE7719,20,-22.918558,-43.682728,2023-07-26 05:31:29,0.0,,volta,20 - SALVADOR ALLENDE X SANTA CRUZ (EXPRESSO) [VOLTA],55906.5,325.0
50309,KPN6B05,13,-23.000753,-43.366131,2023-07-26 05:31:28,0.0,,volta,13 - ALVORADA X  MATO ALTO (EXPRESSO) [VOLTA],20092.5,
30532,KYL8599,13,-23.00083,-43.366988,2023-07-26 05:31:35,23.2,,volta,13 - ALVORADA X  MATO ALTO (EXPRESSO) [VOLTA],41778.1,132.0
13423,LSI5976,25,-22.992938,-43.598049,2023-07-26 05:31:31,0.0,,ida,25 - MATO ALTO X ALVORADA (PARADOR) [IDA],41126.5,
90002,LMB2D92,19,-22.968653,-43.621849,2023-07-26 05:31:35,8.5,,ida,19 - PINGO D'AGUA X SALVADOR ALLENDE (EXPRESSO) [IDA],55847.8,82.0
47030,LSQ5263,20,-23.001499,-43.41861,2023-07-26 05:31:29,0.0,,volta,20 - SALVADOR ALLENDE X SANTA CRUZ (EXPRESSO) [VOLTA],53796.9,74.0
30519,LRE9804,11,-22.920074,-43.608092,2023-07-26 05:31:21,0.0,,ida,11 - SANTA CRUZ X ALVORADA (PARADOR) [IDA],51494.8,
90005,KWK6A89,20,-22.91665,-43.683534,2023-07-26 05:31:35,0.0,,ida,20 - SANTA CRUZ X SALVADOR ALLENDE (EXPRESSO) [IDA],49835.7,355.0
86851,KQO8674,14,-22.920095,-43.607726,2023-07-26 05:31:33,0.0,,ida,14 - SANTA EUGÊNIA X SALVADOR ALLENDE (EXPRESSO) [IDA],12881.5,
86875,KQB4103,12,-22.964441,-43.647774,2023-07-26 05:31:28,0.0,,ida,12 - PINGO D'AGUA X ALVORADA (EXPRESSO) [IDA],13023.8,177.0
30518,KYL8597,25,-23.006716,-43.437119,2023-07-26 05:31:24,45.2,,volta,25 - ALVORADA X MATO ALTO (PARADOR) [VOLTA],37118.7,255.0
902090,,35,-22.97502,-43.364157,2023-07-26 05:31:29,36.3,,ida,35 - MADUREIRA X ALVORADA (PARADOR) [IDA],15091.0,202.0
47029,LSQ5267,20,-22.932595,-43.671122,2023-07-26 05:30:59,60.3,,ida,20 - SANTA CRUZ X SALVADOR ALLENDE (EXPRESSO) [IDA],56967.7,127.0
47012,KPZ8364,20,-22.992435,-43.598589,2023-07-26 05:31:38,14.8,,ida,20 - SANTA CRUZ X SALVADOR ALLENDE (EXPRESSO) [IDA],55004.7,131.0
86885,LTB5540,14,-22.941455,-43.663195,2023-07-26 05:31:28,41.2,,ida,14 - SANTA EUGÊNIA X SALVADOR ALLENDE (EXPRESSO) [IDA],514722.6,135.0
12738,KRR2404,25,-22.997419,-43.592064,2023-07-26 05:31:23,49.2,,ida,25 - MATO ALTO X ALVORADA (PARADOR) [IDA],37393.4,108.0
86886,LTB5541,14,-22.996586,-43.593777,2023-07-26 05:31:28,43.0,,ida,14 - SANTA EUGÊNIA X SALVADOR ALLENDE (EXPRESSO) [IDA],13102.7,130.0
13428,KXE7712,11,-22.920214,-43.607895,2023-07-26 05:31:35,0.0,,ida,11 - SANTA CRUZ X ALVORADA (PARADOR) [IDA],57799.4,
47006,KWZ8630,18,-23.019095,-43.50589,2023-07-26 05:31:22,0.0,,ida,18 - RECREIO SHOPPING X JARDIM OCEÂNICO (EXPRESSO) [IDA],50888.6,
47007,LSP6018,18,-22.920655,-43.607664,2023-07-26 05:31:21,0.0,,ida,18 - RECREIO SHOPPING X JARDIM OCEÂNICO (EXPRESSO) [IDA],42179.7,158.0
13413,KWI9711,25,-23.018383,-43.508701,2023-07-26 05:31:29,9.1,,ida,25 - MATO ALTO X ALVORADA (PARADOR) [IDA],43521.9,110.0
90001,KPZ5E15,19,-23.020505,-43.490484,2023-07-26 05:31:25,61.6,,ida,19 - PINGO D'AGUA X SALVADOR ALLENDE (EXPRESSO) [IDA],44150.6,77.0
901057,,52,-22.861139,-43.398703,2023-07-26 05:31:34,48.9,,ida,52 - SENTIDO ALVORADA (PARADOR) [IDA],51081.6,242.0
901003,RKM8C54,22,-23.000699,-43.365019,2023-07-26 05:31:27,0.0,,ida,22 - ALVORADA X J. OCEÂNICO (PARADOR) [IDA],22833.8,89.0
86874,KQB4102,20,-22.916642,-43.607022,2023-07-26 05:31:34,0.0,,ida,20 - SANTA CRUZ X SALVADOR ALLENDE (EXPRESSO) [IDA],512859.2,
86879,LTN5696,13,-23.002482,-43.570711,2023-07-26 05:31:28,60.1,,ida,13 - MATO ALTO X ALVORADA (EXPRESSO) [IDA],1816.0,104.0
47011,LRH8889,0,-22.920708,-43.607921,2023-07-26 05:31:31,0.0,,,,39516.0,190.0
47014,KZI4452,19,-22.916271,-43.607174,2023-07-26 05:31:32,0.0,,ida,19 - PINGO D'AGUA X SALVADOR ALLENDE (EXPRESSO) [IDA],38000.2,287.0
30537,KXE7720,12,-22.983709,-43.609005,2023-07-26 05:31:37,59.6,,ida,12 - PINGO D'AGUA X ALVORADA (EXPRESSO) [IDA],51521.5,145.0
47018,LRS2843,0,-22.915875,-43.607945,2023-07-26 05:31:37,9.0,,,,32975.4,315.0
44713,KPZ3559,20,-22.919121,-43.607026,2023-07-26 05:31:29,0.0,,ida,20 - SANTA CRUZ X SALVADOR ALLENDE (EXPRESSO) [IDA],29573.3,
13401,KQO7822,19,-23.019696,-43.487987,2023-07-26 05:31:36,0.2,,volta,19 - SALVADOR ALLENDE X PINGO D'AGUA (EXPRESSO) [VOLTA],53656.2,270.0
13421,KWO8119,10,-22.920238,-43.608202,2023-07-26 05:31:37,0.0,,ida,10 - SANTA CRUZ X ALVORADA (EXPRESSO) [IDA],14957.8,
27174,KQP5437,13,-23.008473,-43.4434,2023-07-26 05:31:40,27.2,,ida,13 - MATO ALTO X ALVORADA (EXPRESSO) [IDA],18889.9,65.0
47026,KYA7928,10,-22.920584,-43.608013,2023-07-26 05:31:31,0.0,,ida,10 - SANTA CRUZ X ALVORADA (EXPRESSO) [IDA],32900.199,
86889,KRQ6878,10,-23.000893,-43.367123,2023-07-26 05:31:37,0.0,,volta,10 - ALVORADA X SANTA CRUZ (EXPRESSO) [VOLTA],514962.4,
12724,LMJ1118,18,-23.000461,-43.38192,2023-07-26 05:31:37,34.2,,ida,18 - RECREIO SHOPPING X JARDIM OCEÂNICO (EXPRESSO) [IDA],9656.0,89.0
27209,LSL9B07,25,-23.015606,-43.471281,2023-07-26 05:31:31,0.0,,ida,25 - MATO ALTO X ALVORADA (PARADOR) [IDA],10088.4,73.0
27176,LRK9563,18,-23.006228,-43.43415,2023-07-26 05:31:30,57.0,,ida,18 - RECREIO SHOPPING X JARDIM OCEÂNICO (EXPRESSO) [IDA],13517.9,75.0
30511,KPV2250,13,-22.996626,-43.593113,2023-07-26 05:31:32,44.9,,volta,13 - ALVORADA X  MATO ALTO (EXPRESSO) [VOLTA],49460.4,306.0
13427,KXE7711,0,-22.920056,-43.607744,2023-07-26 05:31:31,9.5,,,,51856.1,119.0
12725,LMJ1327,25,-22.992508,-43.598345,2023-07-26 05:31:28,0.0,,ida,25 - MATO ALTO X ALVORADA (PARADOR) [IDA],39261.3,
13404,KQO7823,20,-23.007719,-43.441139,2023-07-26 05:31:24,52.7,,volta,20 - SALVADOR ALLENDE X SANTA CRUZ (EXPRESSO) [VOLTA],56112.7,253.0
47022,KRM7701,10,-22.950681,-43.65094,2023-07-26 05:31:30,0.0,,volta,10 - ALVORADA X SANTA CRUZ (EXPRESSO) [VOLTA],12966.1,314.0
13422,LSI5978,20,-23.012501,-43.459029,2023-07-26 05:31:31,0.0,,ida,20 - SANTA CRUZ X SALVADOR ALLENDE (EXPRESSO) [IDA],40401.2,76.0
86872,LSH7386,13,-23.019307,-43.485474,2023-07-26 05:31:29,44.6,,ida,13 - MATO ALTO X ALVORADA (EXPRESSO) [IDA],22428.7,75.0
47017,LRS2841,20,-23.007748,-43.548353,2023-07-26 05:31:03,59.6,,ida,20 - SANTA CRUZ X SALVADOR ALLENDE (EXPRESSO) [IDA],47914.5,96.0
86859,KWJ9250,19,-23.002904,-43.424336,2023-07-26 05:31:31,0.0,,ida,19 - PINGO D'AGUA X SALVADOR ALLENDE (EXPRESSO) [IDA],18707.5,
30509,KYM4574,13,-23.007822,-43.441721,2023-07-26 05:31:35,48.3,,volta,13 - ALVORADA X  MATO ALTO (EXPRESSO) [VOLTA],53052.5,254.0
12710,KRO9724,13,-22.993086,-43.597919,2023-07-26 05:31:38,0.0,,ida,13 - MATO ALTO X ALVORADA (EXPRESSO) [IDA],38381.0,
12720,KXD9430,20,-23.006459,-43.553029,2023-07-26 05:31:38,59.2,,volta,20 - SALVADOR ALLENDE X SANTA CRUZ (EXPRESSO) [VOLTA],21781.3,285.0
13407,KPY9732,18,-23.011399,-43.454569,2023-07-26 05:31:32,59.7,,ida,18 - RECREIO SHOPPING X JARDIM OCEÂNICO (EXPRESSO) [IDA],45441.3,75.0
30525,LRC6596,0,-23.000699,-43.367199,2023-07-26 05:31:29,0.0,,,,53689.1,
30514,KYL8595,11,-22.920488,-43.607918,2023-07-26 05:31:30,0.0,,ida,11 - SANTA CRUZ X ALVORADA (PARADOR) [IDA],38408.7,110.0
47010,KPZ8363,25,-23.000701,-43.368021,2023-07-26 05:31:38,20.6,,volta,25 - ALVORADA X MATO ALTO (PARADOR) [VOLTA],42597.2,38.0
12734,LSP8673,11,-22.918882,-43.607511,2023-07-26 05:31:28,0.0,,ida,11 - SANTA CRUZ X ALVORADA (PARADOR) [IDA],16895.4,
90006,LRH6D12,20,-22.916899,-43.683446,2023-07-26 05:31:34,0.0,,ida,20 - SANTA CRUZ X SALVADOR ALLENDE (EXPRESSO) [IDA],29710.9,342.0
30524,LRC6601,25,-23.000319,-43.398042,2023-07-26 05:31:21,23.9,,ida,25 - MATO ALTO X ALVORADA (PARADOR) [IDA],29243.2,100.0
13415,KQK7905,25,-23.000687,-43.36632,2023-07-26 05:31:22,0.0,,volta,25 - ALVORADA X MATO ALTO (PARADOR) [VOLTA],45135.0,
901002,,22,-23.000974,-43.365187,2023-07-26 05:31:27,0.0,,ida,22 - ALVORADA X J. OCEÂNICO (PARADOR) [IDA],17407.5,231.0
B16,LSI3468,14,-22.961295,-43.648403,2023-07-26 05:31:30,0.0,,ida,14 - SANTA EUGÊNIA X SALVADOR ALLENDE (EXPRESSO) [IDA],1124.0,
B35,LTI1196,14,-22.961486,-43.648147,2023-07-26 05:31:21,0.0,,ida,14 - SANTA EUGÊNIA X SALVADOR ALLENDE (EXPRESSO) [IDA],1073.4,148.0
B17,KWY8231,14,-22.961295,-43.648128,2023-07-26 05:31:38,14.9,,ida,14 - SANTA EUGÊNIA X SALVADOR ALLENDE (EXPRESSO) [IDA],1235.8,93.0
B19,KZJ7238,14,-22.916566666666668,-43.631663333333336,2023-07-26 05:31:34,0.0,,ida,14 - SANTA EUGÊNIA X SALVADOR ALLENDE (EXPRESSO) [IDA],104993.2,225.0
B14,KRK9519,14,-22.920462,-43.643524,2023-07-26 05:31:38,7.2,,volta,14 - SALVADOR ALLENDE x SANTA EUGÊNIA (EXPRESSO) [VOLTA],1199.2,75.0
B12,LMH5981,14,-22.93578,-43.667026,2023-07-26 05:27:17,12.9,,ida,14 - SANTA EUGÊNIA X SALVADOR ALLENDE (EXPRESSO) [IDA],1154.9,207.0
B24,LSO7028,14,-23.012249,-43.458356,2023-07-26 05:31:39,0.0,,ida,14 - SANTA EUGÊNIA X SALVADOR ALLENDE (EXPRESSO) [IDA],1212.7,48.0
B25,,14,-23.011233,-43.533243,2023-07-26 05:27:33,52.3,,ida,14 - SANTA EUGÊNIA X SALVADOR ALLENDE (EXPRESSO) [IDA],1124.3,99.0
B28,KQP5E29,14,-22.916465,-43.631123,2023-07-26 05:31:37,0.0,,ida,14 - SANTA EUGÊNIA X SALVADOR ALLENDE (EXPRESSO) [IDA],1141.7,258.0
B40,,14,-22.929657,-43.655383,2023-07-26 05:31:24,56.4,,ida,14 - SANTA EUGÊNIA X SALVADOR ALLENDE (EXPRESSO) [IDA],752.6,208.0
B41,,14,-22.920716,-43.64411,2023-07-26 05:31:36,29.2,,ida,14 - SANTA EUGÊNIA X SALVADOR ALLENDE (EXPRESSO) [IDA],1179.6,240.0
901001,RJD7J89,22,-23.000953,-43.365543,2023-07-26 05:31:31,0.0,,ida,22 - ALVORADA X J. OCEÂNICO (PARADOR) [IDA],17343.0,
B47,,14,-22.993169,-43.5977,2023-07-26 05:31:27,30.0,,ida,14 - SANTA EUGÊNIA X SALVADOR ALLENDE (EXPRESSO) [IDA],1193.6,133.0
B048,,14,-22.916521,-43.631474,2023-07-26 05:31:27,0.0,,ida,14 - SANTA EUGÊNIA X SALVADOR ALLENDE (EXPRESSO) [IDA],1167.9,258.0
B54,,14,-22.951701,-43.643694,2023-07-26 05:31:34,34.8,,ida,14 - SANTA EUGÊNIA X SALVADOR ALLENDE (EXPRESSO) [IDA],1178.3,81.0
B55,,14,-23.006556,-43.552448,2023-07-26 05:31:38,59.8,,volta,14 - SALVADOR ALLENDE x SANTA EUGÊNIA (EXPRESSO) [VOLTA],1168.3,288.0
B53,,14,-22.97761,-43.611523,2023-07-26 05:31:28,58.9,,ida,14 - SANTA EUGÊNIA X SALVADOR ALLENDE (EXPRESSO) [IDA],1208.8,161.0
B51,,14,-22.968617,-43.618113,2023-07-26 05:31:24,58.1,,volta,14 - SALVADOR ALLENDE x SANTA EUGÊNIA (EXPRESSO) [VOLTA],1249.4,296.0
901077,,52,-22.862052,-43.400419,2023-07-26 05:31:36,0.0,,ida,52 - SENTIDO ALVORADA (PARADOR) [IDA],26526.3,229.0
902119,,35,-22.87879,-43.33643,2023-07-26 05:31:21,0.0,,ida,35 - MADUREIRA X ALVORADA (PARADOR) [IDA],7697.6,
901058,,51,-22.861518,-43.399478,2023-07-26 05:31:24,0.0,,ida,51 - SENTIDO RECREIO (PARADOR) [IDA],44210.1,242.0
902105,,31,-22.876823,-43.330267,2023-07-26 05:31:39,0.0,,ida,31 - VICENTE DE CARVALHO X ALVORADA (SEMIDIRETO) [IDA],10187.9,
901071,,22,-22.938267,-43.39498,2023-07-26 05:31:20,59.7,,ida,22 - ALVORADA X J. OCEÂNICO (PARADOR) [IDA],43445.1,349.0
903027,,50,-22.9959,-43.366032,2023-07-26 05:31:39,45.1,,ida,50 - SENTIDO JD. OCEANICO (PARADOR) [IDA],49620.7,180.0
901066,,52,-22.871328,-43.40958,2023-07-26 05:31:20,59.0,,volta,52 - SENTIDO V. MILITAR (PARADOR) [VOLTA],50024.1,317.0
903026,,50,-23.000256,-43.341898,2023-07-26 05:31:23,24.0,,volta,50 - SENTIDO T. OLIMPICO (PARADOR) [VOLTA],48964.7,261.0
903029,,50,-22.969853,-43.39998,2023-07-26 05:31:21,58.2,,ida,50 - SENTIDO JD. OCEANICO (PARADOR) [IDA],33514.699,213.0
902116,,35,-22.973492,-43.36387,2023-07-26 05:31:33,41.0,,volta,35 - ALVORADA  X  MADUREIRA (PARADOR) [VOLTA],11183.5,312.0
902115,,35,-22.936303,-43.371591,2023-07-26 05:31:34,10.3,,volta,35 - ALVORADA  X  MADUREIRA (PARADOR) [VOLTA],14873.0,16.0
901061,,51,-22.862163,-43.400582,2023-07-26 05:31:38,0.0,,ida,51 - SENTIDO RECREIO (PARADOR) [IDA],43316.2,228.0
903030,,50,-22.972342,-43.401083,2023-07-26 05:31:27,0.0,,ida,50 - SENTIDO JD. OCEANICO (PARADOR) [IDA],40967.7,183.0
901073,,51,-22.973374,-43.38849,2023-07-26 05:31:39,13.4,,ida,51 - SENTIDO RECREIO (PARADOR) [IDA],41866.5,90.0
901048,,51,-23.00843,-43.439852,2023-07-26 05:31:32,0.0,,volta,51 - SENTIDO V. MILITAR (PARADOR) [VOLTA],26350.2,71.0
901065,,52,-22.899478,-43.397667,2023-07-26 05:27:45,63.6,,ida,52 - SENTIDO ALVORADA (PARADOR) [IDA],35403.9,177.0
903031,,38,-22.926123,-43.373732,2023-07-26 05:31:34,28.3,,ida,38 - FUNDÃO X ALVORADA (PARADOR) [IDA],40611.5,175.0
903032,,42,-22.8467,-43.242286,2023-07-26 05:31:29,40.6,,volta,42 - MADUREIRA MANANCEIA X GALEAO (PARADOR) [VOLTA],42720.3,85.0
901075,,51,-22.899318,-43.397679,2023-07-26 05:27:20,63.4,,volta,51 - SENTIDO V. MILITAR (PARADOR) [VOLTA],49011.7,172.0
903055,,17,-22.929671,-43.655323,2023-07-26 05:31:21,52.1,,ida,17 - SANTA CRUZ X CAMPO GRANDE (PARADOR) [IDA],18914.3,27.0
903037,,17,-22.911017,-43.588688,2023-07-26 05:31:28,37.4,,ida,17 - SANTA CRUZ X CAMPO GRANDE (PARADOR) [IDA],20714.9,78.0
903002,,42,-22.850628,-43.309246,2023-07-26 05:31:35,0.0,,volta,42 - MADUREIRA MANANCEIA X GALEAO (PARADOR) [VOLTA],6978.3,56.0
901080,,53,-23.001409,-43.36698,2023-07-26 05:31:33,0.0,,volta,53 - SENTIDO SULACAP (EXPRESSO) [VOLTA],31293.3,84.0
902110,,35,-22.920069,-43.368009,2023-07-26 05:31:30,0.0,,volta,35 - ALVORADA  X  MADUREIRA (PARADOR) [VOLTA],8842.8,60.0
902114,,35,-22.878238,-43.336323,2023-07-26 05:31:24,0.0,,ida,35 - MADUREIRA X ALVORADA (PARADOR) [IDA],8978.3,
902078,,31,-22.852349,-43.315288,2023-07-26 05:31:38,30.5,,ida,31 - VICENTE DE CARVALHO X ALVORADA (SEMIDIRETO) [IDA],10287.0,120.0
902111,,35,-22.876348,-43.330048,2023-07-26 05:31:30,0.0,,ida,35 - MADUREIRA X ALVORADA (PARADOR) [IDA],10289.6,
903054,,17,-22.918191,-43.683054,2023-07-26 05:31:20,0.0,,ida,17 - SANTA CRUZ X CAMPO GRANDE (PARADOR) [IDA],17679.3,326.0
903021,,42,-22.877528,-43.336367,2023-07-26 05:31:28,0.0,,volta,42 - MADUREIRA MANANCEIA X GALEAO (PARADOR) [VOLTA],34635.8,224.0
903056,,17,-22.919859,-43.682458,2023-07-26 05:31:38,42.2,,ida,17 - SANTA CRUZ X CAMPO GRANDE (PARADOR) [IDA],14656.9,98.0
903000,,50,-22.973235,-43.393764,2023-07-26 05:31:23,0.0,,volta,50 - SENTIDO T. OLIMPICO (PARADOR) [VOLTA],31897.8,293.0
903058,,17,-22.917861,-43.683222,2023-07-26 05:31:34,0.0,,ida,17 - SANTA CRUZ X CAMPO GRANDE (PARADOR) [IDA],9174.6,329.0
901072,,52,-23.001406,-43.367525,2023-07-26 05:31:38,21.4,,volta,52 - SENTIDO V. MILITAR (PARADOR) [VOLTA],38639.1,87.0
902045,,31,-22.902322,-43.355489,2023-07-26 05:31:39,47.3,,ida,31 - VICENTE DE CARVALHO X ALVORADA (SEMIDIRETO) [IDA],6835.9,210.0
903007,,50,-22.971849,-43.401231,2023-07-26 05:31:29,0.3,,ida,50 - SENTIDO JD. OCEANICO (PARADOR) [IDA],41368.6,176.0
903004,,42,-22.87886,-43.337148,2023-07-26 05:31:38,41.5,,volta,42 - MADUREIRA MANANCEIA X GALEAO (PARADOR) [VOLTA],39210.5,58.0
903006,,42,-22.839788,-43.239505,2023-07-26 05:31:20,0.0,,ida,42 - GALEÃO X MADUREIRA MANANCEIA (PARADOR) [IDA],46397.1,140.0
903005,,42,-22.837734,-43.287483,2023-07-26 05:31:21,8.3,,ida,42 - GALEÃO X MADUREIRA MANANCEIA (PARADOR) [IDA],38830.2,270.0
903022,,50,-22.972169,-43.401166,2023-07-26 05:31:23,0.0,,ida,50 - SENTIDO JD. OCEANICO (PARADOR) [IDA],37742.3,184.0
903035,,17,-22.920406,-43.643494,2023-07-26 05:31:22,2.2,,ida,17 - SANTA CRUZ X CAMPO GRANDE (PARADOR) [IDA],19577.4,48.0
901059,,51,-22.86799,-43.412804,2023-07-26 05:31:35,0.0,,volta,51 - SENTIDO V. MILITAR (PARADOR) [VOLTA],48373.0,61.0
903003,,42,-22.851946,-43.262836,2023-07-26 05:31:27,42.9,,volta,42 - MADUREIRA MANANCEIA X GALEAO (PARADOR) [VOLTA],41718.8,144.0
901020,,22,-23.001003,-43.365699,2023-07-26 05:31:37,0.0,,ida,22 - ALVORADA X J. OCEÂNICO (PARADOR) [IDA],25521.8,
901022,,22,-23.000966,-43.364995,2023-07-26 05:31:35,0.0,,ida,22 - ALVORADA X J. OCEÂNICO (PARADOR) [IDA],18622.0,265.0
901024,,22,-23.000948,-43.365921,2023-07-26 05:31:22,0.0,,ida,22 - ALVORADA X J. OCEÂNICO (PARADOR) [IDA],20662.9,263.0
901025,,51,-22.966996,-43.397356,2023-07-26 05:31:16,0.0,,ida,51 - SENTIDO RECREIO (PARADOR) [IDA],40729.5,210.0
901027,,51,-22.86879,-43.413593,2023-07-26 05:31:32,27.9,,ida,51 - SENTIDO RECREIO (PARADOR) [IDA],25991.9,145.0
901028,,40,-23.000962,-43.368503,2023-07-26 05:31:31,31.1,,ida,40 - PAULO DA PORTELA X ALVORADA (EXPRESSO) [IDA],23793.2,137.0
901030,,40,-22.880045,-43.3418,2023-07-26 05:31:20,43.7,,ida,40 - PAULO DA PORTELA X ALVORADA (EXPRESSO) [IDA],21837.3,181.0
901032,,40,-22.915441,-43.361361,2023-07-26 05:31:38,0.0,,ida,40 - PAULO DA PORTELA X ALVORADA (EXPRESSO) [IDA],25301.5,199.0
901034,,40,-22.877805,-43.336407,2023-07-26 05:31:24,0.0,,ida,40 - PAULO DA PORTELA X ALVORADA (EXPRESSO) [IDA],27526.3,
901036,,52,-22.889117,-43.346345,2023-07-26 05:31:33,46.9,,ida,52 - SENTIDO ALVORADA (PARADOR) [IDA],22816.9,30.0
901038,,22,-22.965818,-43.391476,2023-07-26 05:31:38,5.9,,ida,22 - ALVORADA X J. OCEÂNICO (PARADOR) [IDA],27357.0,139.0
901040,,41,-22.958633,-43.383244,2023-07-26 05:31:33,14.4,,volta,41 - TERMINAL RECREIO X PAULO DA PORTELA (EXPRESSO) [VOLTA],29563.7,74.0
901041,,22,-22.964995,-43.39196,2023-07-26 05:28:53,0.0,,ida,22 - ALVORADA X J. OCEÂNICO (PARADOR) [IDA],26160.5,171.0
901042,,53,-22.965507,-43.391614,2023-07-26 05:31:28,0.0,,ida,53 - SENTIDO ALVORADA (EXPRESSO) [IDA],29893.6,
903009,,42,-22.856285,-43.327473,2023-07-26 05:31:27,46.4,,ida,42 - GALEÃO X MADUREIRA MANANCEIA (PARADOR) [IDA],47201.6,262.0
903010,,42,-22.839914,-43.239399,2023-07-26 05:31:24,0.0,,ida,42 - GALEÃO X MADUREIRA MANANCEIA (PARADOR) [IDA],43702.4,143.0
903011,,42,-22.812822,-43.246546,2023-07-26 05:31:39,23.6,,ida,42 - GALEÃO X MADUREIRA MANANCEIA (PARADOR) [IDA],45350.3,195.0
903012,,42,-22.869632,-43.335326,2023-07-26 05:31:33,27.9,,volta,42 - MADUREIRA MANANCEIA X GALEAO (PARADOR) [VOLTA],47961.6,16.0
903015,,42,-22.839867,-43.239574,2023-07-26 05:31:36,0.0,,ida,42 - GALEÃO X MADUREIRA MANANCEIA (PARADOR) [IDA],47876.8,323.0
903016,,42,-22.836037,-43.240483,2023-07-26 05:31:25,52.3,,ida,42 - GALEÃO X MADUREIRA MANANCEIA (PARADOR) [IDA],42547.9,215.0
903017,,50,-23.006546,-43.313346,2023-07-26 05:31:26,0.0,,volta,50 - SENTIDO T. OLIMPICO (PARADOR) [VOLTA],44917.2,272.0
903020,,50,-23.000261,-43.345073,2023-07-26 05:31:28,41.7,,ida,50 - SENTIDO JD. OCEANICO (PARADOR) [IDA],43852.6,91.0
903024,,38,-22.878962,-43.337133,2023-07-26 05:31:24,0.0,,ida,38 - FUNDÃO X ALVORADA (PARADOR) [IDA],38024.3,260.0
903025,,50,-23.001341,-43.366846,2023-07-26 05:31:21,0.0,,volta,50 - SENTIDO T. OLIMPICO (PARADOR) [VOLTA],39466.4,81.0
903013,,42,-22.846641,-43.241093,2023-07-26 05:31:31,46.4,,ida,42 - GALEÃO X MADUREIRA MANANCEIA (PARADOR) [IDA],44483.2,263.0
903014,,38,-22.971699,-43.401081,2023-07-26 05:30:50,0.0,,ida,38 - FUNDÃO X ALVORADA (PARADOR) [IDA],51738.9,180.0
901060,,51,-22.952458,-43.390062,2023-07-26 05:31:35,31.0,,volta,51 - SENTIDO V. MILITAR (PARADOR) [VOLTA],24792.4,32.0
903063,,17,-22.920255,-43.608181,2023-07-26 05:31:28,0.0,,ida,17 - SANTA CRUZ X CAMPO GRANDE (PARADOR) [IDA],21497.7,
901000,,22,-23.000839,-43.366217,2023-07-26 05:31:25,0.0,,ida,22 - ALVORADA X J. OCEÂNICO (PARADOR) [IDA],30203.6,249.0
902113,,31,-22.872169,-43.336297,2023-07-26 05:31:37,10.8,,ida,31 - VICENTE DE CARVALHO X ALVORADA (SEMIDIRETO) [IDA],8857.6,198.0
902118,,31,-22.85274,-43.312755,2023-07-26 05:31:38,0.0,,ida,31 - VICENTE DE CARVALHO X ALVORADA (SEMIDIRETO) [IDA],7645.9,
902117,,31,-22.963033,-43.390382,2023-07-26 05:31:36,49.3,,ida,31 - VICENTE DE CARVALHO X ALVORADA (SEMIDIRETO) [IDA],10257.6,182.0
901044,,40,-22.973387,-43.369788,2023-07-26 05:31:39,59.4,,ida,40 - PAULO DA PORTELA X ALVORADA (EXPRESSO) [IDA],29610.3,90.0
903033,,42,-22.855145,-43.3237,2023-07-26 05:31:25,58.2,,ida,42 - GALEÃO X MADUREIRA MANANCEIA (PARADOR) [IDA],36579.0,232.0
902049,,46,-22.85431,-43.251867,2023-07-26 05:31:36,0.0,,ida,46 - PENHA X ALVORADA (EXPRESSO) [IDA],36014.9,
902020,,46,-22.838817,-43.283626,2023-07-26 05:31:30,53.5,,ida,46 - PENHA X ALVORADA (EXPRESSO) [IDA],31641.2,300.0
902022,,46,-22.893138,-43.34884,2023-07-26 05:31:36,49.7,,ida,46 - PENHA X ALVORADA (EXPRESSO) [IDA],30793.8,208.0
901093,,51,-22.862261,-43.400943,2023-07-26 05:31:23,0.0,,ida,51 - SENTIDO RECREIO (PARADOR) [IDA],27803.3,239.0
902059,,43,-22.878964,-43.340897,2023-07-26 05:31:38,46.2,,volta,43 - SANTA EFIGENIA X FUNDÃO (EXPRESSO) [VOLTA],35721.3,75.0
901091,,51,-22.994666,-43.423244,2023-07-26 05:31:21,59.0,,ida,51 - SENTIDO RECREIO (PARADOR) [IDA],31138.0,216.0
901096,,51,-22.971921,-43.387351,2023-07-26 05:31:25,39.4,,volta,51 - SENTIDO V. MILITAR (PARADOR) [VOLTA],34299.3,127.0
901086,,53,-22.923117,-43.3978,2023-07-26 05:31:35,57.2,,ida,53 - SENTIDO ALVORADA (EXPRESSO) [IDA],48379.3,15.0
902032,,46,-23.001373,-43.364782,2023-07-26 05:31:25,0.0,,volta,46 - ALVORADA X PENHA (EXPRESSO) [VOLTA],36296.9,88.0
901094,,0,-22.867984,-43.412839,2023-07-26 05:31:35,0.0,,,,32761.0,63.0
902027,,43,-22.936301,-43.371608,2023-07-26 05:31:30,11.5,,volta,43 - SANTA EFIGENIA X FUNDÃO (EXPRESSO) [VOLTA],32882.1,16.0
902031,,41,-22.854396,-43.25163,2023-07-26 05:31:29,10.0,,volta,41 - TERMINAL RECREIO X PAULO DA PORTELA (EXPRESSO) [VOLTA],34805.7,129.0
902028,,46,-22.841295,-43.276177,2023-07-26 05:31:33,11.8,,ida,46 - PENHA X ALVORADA (EXPRESSO) [IDA],37604.7,286.0
902029,,46,-22.85424,-43.251818,2023-07-26 05:31:23,0.0,,ida,46 - PENHA X ALVORADA (EXPRESSO) [IDA],35412.3,
902018,,40,-22.935846,-43.371655,2023-07-26 05:31:20,27.6,,ida,40 - PAULO DA PORTELA X ALVORADA (EXPRESSO) [IDA],23647.5,165.0
902046,,46,-22.932396,-43.373088,2023-07-26 05:31:40,36.8,,ida,46 - PENHA X ALVORADA (EXPRESSO) [IDA],33383.9,172.0
12715,,20,-22.918343,-43.683021,2023-07-26 05:31:25,0.0,,ida,20 - SANTA CRUZ X SALVADOR ALLENDE (EXPRESSO) [IDA],42389.1,322.0
902010,,40,-22.958838,-43.384122,2023-07-26 05:31:20,59.2,,ida,40 - PAULO DA PORTELA X ALVORADA (EXPRESSO) [IDA],10959.4,76.0
902026,,41,-22.854169,-43.25165,2023-07-26 05:31:38,0.0,,volta,41 - TERMINAL RECREIO X PAULO DA PORTELA (EXPRESSO) [VOLTA],33962.4,
901089,,0,-22.965199,-43.391727,2023-07-26 05:31:27,0.0,,,,45838.9,
901062,,51,-22.983818,-43.41176,2023-07-26 05:31:23,54.0,,volta,51 - SENTIDO V. MILITAR (PARADOR) [VOLTA],46941.1,36.0
902053,,46,-22.85454,-43.251254,2023-07-26 05:31:38,0.0,,ida,46 - PENHA X ALVORADA (EXPRESSO) [IDA],33488.9,
E902000,,41,-22.855962,-43.325309,2023-07-26 05:31:24,53.9,,volta,41 - TERMINAL RECREIO X PAULO DA PORTELA (EXPRESSO) [VOLTA],10393.5,256.0
901067,,52,-22.953018,-43.390504,2023-07-26 05:31:28,2.9,,volta,52 - SENTIDO V. MILITAR (PARADOR) [VOLTA],41779.0,18.0
E902004,,41,-22.854984,-43.252045,2023-07-26 05:31:21,0.0,,volta,41 - TERMINAL RECREIO X PAULO DA PORTELA (EXPRESSO) [VOLTA],13269.4,248.0
12713,,18,-23.003914,-43.322646,2023-07-26 05:31:30,22.5,,ida,18 - RECREIO SHOPPING X JARDIM OCEÂNICO (EXPRESSO) [IDA],35267.5,118.0
902062,,46,-22.841281,-43.276241,2023-07-26 05:31:39,0.0,,ida,46 - PENHA X ALVORADA (EXPRESSO) [IDA],33296.8,
902048,,46,-22.892995,-43.348632,2023-07-26 05:31:22,52.4,,volta,46 - ALVORADA X PENHA (EXPRESSO) [VOLTA],23976.6,31.0
902058,,46,-22.854166,-43.251918,2023-07-26 05:31:35,0.0,,ida,46 - PENHA X ALVORADA (EXPRESSO) [IDA],34575.2,
901068,,51,-22.911983,-43.400888,2023-07-26 05:31:11,59.4,,volta,51 - SENTIDO V. MILITAR (PARADOR) [VOLTA],50834.7,353.0
902003,,41,-22.83758,-43.289777,2023-07-26 05:31:37,47.6,,volta,41 - TERMINAL RECREIO X PAULO DA PORTELA (EXPRESSO) [VOLTA],17404.8,278.0
902102,,35,-22.919829,-43.367738,2023-07-26 05:31:21,45.5,,ida,35 - MADUREIRA X ALVORADA (PARADOR) [IDA],12386.9,243.0
901082,,53,-22.970577,-43.40055,2023-07-26 05:31:21,0.0,,ida,53 - SENTIDO ALVORADA (EXPRESSO) [IDA],47085.3,212.0
902066,,46,-22.847643,-43.266133,2023-07-26 05:31:32,45.5,,ida,46 - PENHA X ALVORADA (EXPRESSO) [IDA],31316.4,323.0
902052,,46,-22.937674,-43.372168,2023-07-26 05:31:22,37.7,,volta,46 - ALVORADA X PENHA (EXPRESSO) [VOLTA],35628.3,14.0
902050,,43,-22.8415,-43.279597,2023-07-26 05:31:37,40.3,,volta,43 - SANTA EFIGENIA X FUNDÃO (EXPRESSO) [VOLTA],31279.7,121.0
902063,,46,-22.97735,-43.365091,2023-07-26 05:31:19,60.4,,volta,46 - ALVORADA X PENHA (EXPRESSO) [VOLTA],33272.0,21.0
902017,,31,-22.91937,-43.366762,2023-07-26 05:31:33,46.5,,ida,31 - VICENTE DE CARVALHO X ALVORADA (SEMIDIRETO) [IDA],23877.8,59.0
902057,,46,-22.854082,-43.251502,2023-07-26 05:31:28,0.0,,ida,46 - PENHA X ALVORADA (EXPRESSO) [IDA],29122.5,
902008,,40,-22.87874,-43.336322,2023-07-26 05:31:22,0.0,,ida,40 - PAULO DA PORTELA X ALVORADA (EXPRESSO) [IDA],10537.9,
902047,,46,-22.865306,-43.334232,2023-07-26 05:31:36,0.0,,ida,46 - PENHA X ALVORADA (EXPRESSO) [IDA],23973.4,207.0
902051,,46,-22.964704,-43.390402,2023-07-26 05:31:39,51.2,,ida,46 - PENHA X ALVORADA (EXPRESSO) [IDA],33008.1,181.0
901088,,31,-22.959362,-43.392295,2023-07-26 05:31:23,60.4,,ida,31 - VICENTE DE CARVALHO X ALVORADA (SEMIDIRETO) [IDA],41622.7,325.0
901098,,51,-22.886848,-43.400922,2023-07-26 05:31:21,30.8,,ida,51 - SENTIDO RECREIO (PARADOR) [IDA],27299.4,188.0
901090,,53,-22.965358,-43.391475,2023-07-26 05:31:32,0.0,,ida,53 - SENTIDO ALVORADA (EXPRESSO) [IDA],36783.0,
901055,,51,-22.953204,-43.390655,2023-07-26 05:31:31,7.4,,ida,51 - SENTIDO RECREIO (PARADOR) [IDA],46670.7,203.0
901076,,52,-22.866642,-43.410373,2023-07-26 05:31:27,59.2,,ida,52 - SENTIDO ALVORADA (PARADOR) [IDA],31276.3,242.0
902054,,46,-22.84157,-43.276987,2023-07-26 05:31:38,0.0,,ida,46 - PENHA X ALVORADA (EXPRESSO) [IDA],35708.5,
901079,,53,-23.001417,-43.367441,2023-07-26 05:31:21,0.0,,volta,53 - SENTIDO SULACAP (EXPRESSO) [VOLTA],44069.1,79.0
901084,,53,-22.886313,-43.400844,2023-07-26 05:31:21,4.8,,ida,53 - SENTIDO ALVORADA (EXPRESSO) [IDA],52312.7,189.0
901070,,52,-23.001,-43.365514,2023-07-26 05:31:37,15.2,,volta,52 - SENTIDO V. MILITAR (PARADOR) [VOLTA],40499.6,268.0
902080,,46,-22.998649,-43.367699,2023-07-26 05:31:25,58.1,,ida,46 - PENHA X ALVORADA (EXPRESSO) [IDA],34368.8,227.0
901081,,53,-22.97336,-43.389008,2023-07-26 05:30:51,57.1,,ida,53 - SENTIDO ALVORADA (EXPRESSO) [IDA],41814.1,91.0
902065,,43,-22.872359,-43.336352,2023-07-26 05:31:23,0.0,,ida,43 - FUNDÃO X SANTA EFIGENIA (EXPRESSO) [IDA],35373.0,194.0
901069,,52,-22.973165,-43.383635,2023-07-26 05:31:22,19.9,,volta,52 - SENTIDO V. MILITAR (PARADOR) [VOLTA],37750.1,273.0
901074,,52,-22.954089,-43.391337,2023-07-26 05:31:39,41.5,,ida,52 - SENTIDO ALVORADA (PARADOR) [IDA],39526.3,214.0
901085,,53,-22.884513,-43.399346,2023-07-26 05:31:34,0.0,,ida,53 - SENTIDO ALVORADA (EXPRESSO) [IDA],43544.8,13.0
902030,,31,-22.973422,-43.369477,2023-07-26 05:31:37,60.0,,ida,31 - VICENTE DE CARVALHO X ALVORADA (SEMIDIRETO) [IDA],11313.4,90.0
902071,,46,-22.960433,-43.389797,2023-07-26 05:31:21,3.4,,volta,46 - ALVORADA X PENHA (EXPRESSO) [VOLTA],35946.7,28.0
902072,,43,-22.842766,-43.239104,2023-07-26 05:31:24,45.8,,ida,43 - FUNDÃO X SANTA EFIGENIA (EXPRESSO) [IDA],32691.1,176.0
902101,,31,-22.876606,-43.329854,2023-07-26 05:31:31,0.0,,ida,31 - VICENTE DE CARVALHO X ALVORADA (SEMIDIRETO) [IDA],10054.8,
902068,,43,-22.854423,-43.251599,2023-07-26 05:31:29,0.0,,ida,43 - FUNDÃO X SANTA EFIGENIA (EXPRESSO) [IDA],35600.1,
902064,,41,-22.87999,-43.341824,2023-07-26 05:31:24,39.0,,ida,41 - PAULO DA PORTELA X TERMINAL RECREIO (EXPRESSO) [IDA],0.0,183.0
901087,,53,-22.885815,-43.40061,2023-07-26 05:31:39,42.6,,ida,53 - SENTIDO ALVORADA (EXPRESSO) [IDA],47538.6,9.0
902085,,46,-22.855303,-43.323863,2023-07-26 05:31:39,40.7,,ida,46 - PENHA X ALVORADA (EXPRESSO) [IDA],34060.6,234.0
E902012,,40,-22.965202,-43.392099,2023-07-26 05:31:22,0.0,,ida,40 - PAULO DA PORTELA X ALVORADA (EXPRESSO) [IDA],9751.3,
E902001,,41,-22.878953,-43.341208,2023-07-26 05:31:26,0.0,,volta,41 - TERMINAL RECREIO X PAULO DA PORTELA (EXPRESSO) [VOLTA],20883.0,178.0
E902006,,40,-22.922669,-43.372967,2023-07-26 05:31:35,0.2,,ida,40 - PAULO DA PORTELA X ALVORADA (EXPRESSO) [IDA],19312.2,261.0
E902011,,40,-22.877647,-43.336755,2023-07-26 05:31:36,0.0,,ida,40 - PAULO DA PORTELA X ALVORADA (EXPRESSO) [IDA],8603.0,
E902014,,41,-22.965593,-43.391789,2023-07-26 05:31:39,0.0,,volta,41 - TERMINAL RECREIO X PAULO DA PORTELA (EXPRESSO) [VOLTA],16099.0,
902002,,41,-22.878612,-43.336302,2023-07-26 05:31:29,0.0,,ida,41 - PAULO DA PORTELA X TERMINAL RECREIO (EXPRESSO) [IDA],19836.5,
902069,,41,-23.007966,-43.439126,2023-07-26 05:31:25,25.7,,ida,41 - PAULO DA PORTELA X TERMINAL RECREIO (EXPRESSO) [IDA],32598.9,210.0
902094,,35,-22.878509,-43.336305,2023-07-26 05:31:35,0.0,,ida,35 - MADUREIRA X ALVORADA (PARADOR) [IDA],9094.2,
903068,,17,-22.914177,-43.602125,2023-07-26 05:31:39,32.7,,volta,17 - CAMPO GRANDE  X SANTA CRUZ (PARADOR) [VOLTA],20741.2,268.0
902081,,31,-22.861455,-43.330344,2023-07-26 05:31:30,40.8,,ida,31 - VICENTE DE CARVALHO X ALVORADA (SEMIDIRETO) [IDA],11489.9,39.0
902075,,31,-22.852459,-43.312629,2023-07-26 05:31:39,0.0,,ida,31 - VICENTE DE CARVALHO X ALVORADA (SEMIDIRETO) [IDA],14101.6,
902082,,35,-23.000962,-43.364384,2023-07-26 05:31:30,19.5,,volta,35 - ALVORADA  X  MADUREIRA (PARADOR) [VOLTA],10880.8,287.0
902089,,35,-23.00105,-43.368112,2023-07-26 05:31:37,21.7,,volta,35 - ALVORADA  X  MADUREIRA (PARADOR) [VOLTA],9775.5,307.0
903041,,50,-22.925442,-43.373783,2023-07-26 05:31:30,34.6,,ida,50 - SENTIDO JD. OCEANICO (PARADOR) [IDA],27442.0,174.0
903051,,50,-22.963787,-43.394364,2023-07-26 05:31:40,3.6,,ida,50 - SENTIDO JD. OCEANICO (PARADOR) [IDA],31060.7,297.0
902055,,46,-22.909841,-43.359709,2023-07-26 05:31:36,36.1,,ida,46 - PENHA X ALVORADA (EXPRESSO) [IDA],28.3,212.0
903044,,42,-22.855505,-43.259504,2023-07-26 05:31:34,39.6,,ida,42 - GALEÃO X MADUREIRA MANANCEIA (PARADOR) [IDA],29212.9,325.0
902043,,41,-22.924042,-43.373945,2023-07-26 05:31:34,0.0,,volta,41 - TERMINAL RECREIO X PAULO DA PORTELA (EXPRESSO) [VOLTA],29107.7,178.0
902036,,41,-22.96605,-43.396515,2023-07-26 05:31:34,52.7,,ida,41 - PAULO DA PORTELA X TERMINAL RECREIO (EXPRESSO) [IDA],32331.4,221.0
903047,,42,-22.852511,-43.248381,2023-07-26 05:31:24,44.7,,ida,42 - GALEÃO X MADUREIRA MANANCEIA (PARADOR) [IDA],23096.1,349.0
902074,,31,-22.852815,-43.313039,2023-07-26 05:31:39,20.7,,ida,31 - VICENTE DE CARVALHO X ALVORADA (SEMIDIRETO) [IDA],9772.1,223.0
903040,,17,-22.919081,-43.640478,2023-07-26 05:31:36,46.2,,volta,17 - CAMPO GRANDE  X SANTA CRUZ (PARADOR) [VOLTA],18473.0,247.0
902044,,43,-22.925009,-43.373893,2023-07-26 05:31:29,38.5,,ida,43 - FUNDÃO X SANTA EFIGENIA (EXPRESSO) [IDA],31243.2,175.0
902038,,43,-22.839537,-43.239767,2023-07-26 05:31:36,0.0,,ida,43 - FUNDÃO X SANTA EFIGENIA (EXPRESSO) [IDA],7578.0,136.0
902041,,43,-22.854185,-43.251491,2023-07-26 05:31:22,0.0,,ida,43 - FUNDÃO X SANTA EFIGENIA (EXPRESSO) [IDA],34223.9,
903064,,50,-22.973414,-43.365747,2023-07-26 05:31:30,32.6,,ida,50 - SENTIDO JD. OCEANICO (PARADOR) [IDA],22143.1,88.0
902037,,41,-22.85444,-43.251498,2023-07-26 05:31:40,0.0,,volta,41 - TERMINAL RECREIO X PAULO DA PORTELA (EXPRESSO) [VOLTA],35848.8,
903069,,17,-22.923845,-43.679305,2023-07-26 05:31:37,0.0,,ida,17 - SANTA CRUZ X CAMPO GRANDE (PARADOR) [IDA],22414.6,177.0
902042,,46,-22.870255,-43.335507,2023-07-26 05:31:25,0.0,,volta,46 - ALVORADA X PENHA (EXPRESSO) [VOLTA],31934.0,13.0
902040,,46,-22.837844,-43.290992,2023-07-26 05:31:31,0.0,,volta,46 - ALVORADA X PENHA (EXPRESSO) [VOLTA],34124.3,81.0
903038,,17,-22.92003,-43.681545,2023-07-26 05:31:36,0.0,,volta,17 - CAMPO GRANDE  X SANTA CRUZ (PARADOR) [VOLTA],26551.7,320.0
903053,,17,-22.916533,-43.631343,2023-07-26 05:31:32,43.5,,volta,17 - CAMPO GRANDE  X SANTA CRUZ (PARADOR) [VOLTA],21468.2,260.0
902087,,31,-22.876484,-43.330225,2023-07-26 05:30:02,0.0,,ida,31 - VICENTE DE CARVALHO X ALVORADA (SEMIDIRETO) [IDA],10088.9,
902076,,46,-22.854551,-43.251796,2023-07-26 05:31:33,0.0,,ida,46 - PENHA X ALVORADA (EXPRESSO) [IDA],27510.5,
902083,,31,-22.876534,-43.329835,2023-07-26 05:31:22,0.0,,ida,31 - VICENTE DE CARVALHO X ALVORADA (SEMIDIRETO) [IDA],5228.4,
902096,,35,-22.961256,-43.390228,2023-07-26 05:31:33,40.0,,volta,35 - ALVORADA  X  MADUREIRA (PARADOR) [VOLTA],14229.4,24.0
902100,,35,-22.898137,-43.35286,2023-07-26 05:31:34,5.0,,ida,35 - MADUREIRA X ALVORADA (PARADOR) [IDA],13438.7,237.0
903059,,17,-22.918082,-43.683072,2023-07-26 05:31:24,0.0,,ida,17 - SANTA CRUZ X CAMPO GRANDE (PARADOR) [IDA],18750.5,337.0
902079,,46,-22.859846,-43.329719,2023-07-26 05:31:21,35.4,,ida,46 - PENHA X ALVORADA (EXPRESSO) [IDA],30828.9,189.0
903066,,17,-22.916283,-43.622258,2023-07-26 05:31:23,0.0,,ida,17 - SANTA CRUZ X CAMPO GRANDE (PARADOR) [IDA],24883.8,76.0
902099,,35,-22.955306,-43.377407,2023-07-26 05:31:21,29.6,,ida,35 - MADUREIRA X ALVORADA (PARADOR) [IDA],11551.9,222.0
903046,,42,-22.843158,-43.300424,2023-07-26 05:31:31,49.6,,volta,42 - MADUREIRA MANANCEIA X GALEAO (PARADOR) [VOLTA],29792.4,27.0
902077,,43,-22.854208,-43.25148,2023-07-26 05:31:39,0.0,,ida,43 - FUNDÃO X SANTA EFIGENIA (EXPRESSO) [IDA],34749.1,
903061,,17,-22.909895,-43.581987,2023-07-26 05:31:34,55.2,,volta,17 - CAMPO GRANDE  X SANTA CRUZ (PARADOR) [VOLTA],21491.7,247.0
86835,,12,-22.916842,-43.607,2023-07-26 05:31:32,0.0,,ida,12 - PINGO D'AGUA X ALVORADA (EXPRESSO) [IDA],13547.2,6.0
44706,LRG8855,20,-22.91793,-43.684243,2023-07-26 05:31:36,6.3,,ida,20 - SANTA CRUZ X SALVADOR ALLENDE (EXPRESSO) [IDA],21875.8,172.0
903065,,17,-22.926371,-43.650658,2023-07-26 05:31:22,38.2,,volta,17 - CAMPO GRANDE  X SANTA CRUZ (PARADOR) [VOLTA],16971.7,238.0
901008,,22,-23.002199,-43.326598,2023-07-26 05:32:30,51.2,,volta,22 - J. OCEÂNICO X ALVORADA (PARADOR) [VOLTA],22791.0,294.0
901011,RIV8A74,22,-23.001095,-43.330008,2023-07-26 05:32:29,1.1,,ida,22 - ALVORADA X J. OCEÂNICO (PARADOR) [IDA],23504.4,105.0
901012,,40,-23.000829,-43.366014,2023-07-26 05:32:30,0.1,,volta,40 - ALVORADA X PAULO DA PORTELA (EXPRESSO) [VOLTA],21293.4,
901007,,22,-23.000221,-43.342498,2023-07-26 05:32:29,10.6,,volta,22 - J. OCEÂNICO X ALVORADA (PARADOR) [VOLTA],21827.5,279.0
901009,,22,-23.00665,-43.311944,2023-07-26 05:32:37,0.0,,volta,22 - J. OCEÂNICO X ALVORADA (PARADOR) [VOLTA],20871.3,273.0
901010,RJM8G30,22,-23.003882,-43.322701,2023-07-26 05:32:27,38.7,,ida,22 - ALVORADA X J. OCEÂNICO (PARADOR) [IDA],22874.7,114.0
901017,,22,-23.00017,-43.349189,2023-07-26 05:32:26,52.6,,ida,22 - ALVORADA X J. OCEÂNICO (PARADOR) [IDA],25125.0,91.0
901006,RJA9F56,22,-22.999958,-43.355527,2023-07-26 05:32:23,45.3,,volta,22 - J. OCEÂNICO X ALVORADA (PARADOR) [VOLTA],19388.4,271.0
901005,RJB8E53,22,-23.001096,-43.36749,2023-07-26 05:32:35,19.1,,ida,22 - ALVORADA X J. OCEÂNICO (PARADOR) [IDA],21649.8,269.0
901004,RJQ8J80,22,-23.000659,-43.366022,2023-07-26 05:32:23,0.0,,ida,22 - ALVORADA X J. OCEÂNICO (PARADOR) [IDA],21439.3,79.0
30504,,25,-23.007477,-43.545314,2023-07-26 05:32:26,57.4,,volta,25 - ALVORADA X MATO ALTO (PARADOR) [VOLTA],53645.0,269.0
47031,KYW5240,25,-23.00009,-43.368601,2023-07-26 05:32:22,36.2,,volta,25 - ALVORADA X MATO ALTO (PARADOR) [VOLTA],50909.2,272.0
30533,KWO8120,13,-22.918159,-43.607005,2023-07-26 05:32:30,0.0,,ida,13 - MATO ALTO X ALVORADA (EXPRESSO) [IDA],52595.1,5.0
30538,KXE7719,20,-22.918558,-43.682728,2023-07-26 05:32:30,0.0,,volta,20 - SALVADOR ALLENDE X SANTA CRUZ (EXPRESSO) [VOLTA],55906.5,325.0
50309,KPN6B05,13,-23.000753,-43.366131,2023-07-26 05:32:28,0.0,,volta,13 - ALVORADA X  MATO ALTO (EXPRESSO) [VOLTA],20092.5,
13423,LSI5976,25,-22.992938,-43.598049,2023-07-26 05:32:30,0.0,,ida,25 - MATO ALTO X ALVORADA (PARADOR) [IDA],41126.5,
90002,LMB2D92,19,-22.968696,-43.621747,2023-07-26 05:32:35,5.9,,ida,19 - PINGO D'AGUA X SALVADOR ALLENDE (EXPRESSO) [IDA],55847.8,86.0
47030,LSQ5263,20,-23.001453,-43.418524,2023-07-26 05:32:36,13.8,,volta,20 - SALVADOR ALLENDE X SANTA CRUZ (EXPRESSO) [VOLTA],53796.9,50.0
30519,LRE9804,11,-22.920074,-43.608092,2023-07-26 05:32:20,0.0,,ida,11 - SANTA CRUZ X ALVORADA (PARADOR) [IDA],51494.8,
90005,KWK6A89,20,-22.916652,-43.683544,2023-07-26 05:32:35,0.0,,ida,20 - SANTA CRUZ X SALVADOR ALLENDE (EXPRESSO) [IDA],49835.7,28.0
86851,KQO8674,14,-22.919542,-43.60708,2023-07-26 05:32:33,13.0,,ida,14 - SANTA EUGÊNIA X SALVADOR ALLENDE (EXPRESSO) [IDA],12881.6,6.0
86875,KQB4103,12,-22.965956,-43.647618,2023-07-26 05:32:33,11.0,,ida,12 - PINGO D'AGUA X ALVORADA (EXPRESSO) [IDA],13023.9,94.0
30518,KYL8597,25,-23.00826,-43.442912,2023-07-26 05:32:25,9.5,,volta,25 - ALVORADA X MATO ALTO (PARADOR) [VOLTA],37119.4,244.0
902090,,35,-22.983072,-43.365825,2023-07-26 05:32:29,60.1,,ida,35 - MADUREIRA X ALVORADA (PARADOR) [IDA],15091.9,177.0
47012,KPZ8364,20,-22.993636,-43.597597,2023-07-26 05:32:38,7.8,,ida,20 - SANTA CRUZ X SALVADOR ALLENDE (EXPRESSO) [IDA],55004.8,124.0
86885,LTB5540,14,-22.945582,-43.657563,2023-07-26 05:32:29,54.5,,ida,14 - SANTA EUGÊNIA X SALVADOR ALLENDE (EXPRESSO) [IDA],514723.3,106.0
12738,KRR2404,25,-22.999556,-43.583057,2023-07-26 05:32:23,58.6,,ida,25 - MATO ALTO X ALVORADA (PARADOR) [IDA],37394.4,105.0
86886,LTB5541,14,-22.998976,-43.585684,2023-07-26 05:32:28,58.4,,ida,14 - SANTA EUGÊNIA X SALVADOR ALLENDE (EXPRESSO) [IDA],13103.6,104.0
13428,KXE7712,11,-22.920214,-43.607895,2023-07-26 05:32:35,0.0,,ida,11 - SANTA CRUZ X ALVORADA (PARADOR) [IDA],57799.4,
47006,KWZ8630,18,-23.019083,-43.505894,2023-07-26 05:32:22,0.0,,ida,18 - RECREIO SHOPPING X JARDIM OCEÂNICO (EXPRESSO) [IDA],50888.6,134.0
47007,LSP6018,18,-22.920644,-43.607678,2023-07-26 05:32:21,0.0,,ida,18 - RECREIO SHOPPING X JARDIM OCEÂNICO (EXPRESSO) [IDA],42179.7,158.0
13413,KWI9711,25,-23.020402,-43.501533,2023-07-26 05:32:29,54.2,,ida,25 - MATO ALTO X ALVORADA (PARADOR) [IDA],43522.6,106.0
90001,KPZ5E15,19,-23.019792,-43.487701,2023-07-26 05:32:25,8.6,,ida,19 - PINGO D'AGUA X SALVADOR ALLENDE (EXPRESSO) [IDA],44150.9,74.0
901057,,52,-22.861524,-43.399448,2023-07-26 05:32:35,0.0,,ida,52 - SENTIDO ALVORADA (PARADOR) [IDA],51081.7,242.0
86874,KQB4102,20,-22.916642,-43.607022,2023-07-26 05:32:34,0.0,,ida,20 - SANTA CRUZ X SALVADOR ALLENDE (EXPRESSO) [IDA],512859.2,
86879,LTN5696,13,-23.004562,-43.561881,2023-07-26 05:32:28,59.9,,ida,13 - MATO ALTO X ALVORADA (EXPRESSO) [IDA],1817.0,104.0
47011,LRH8889,0,-22.920724,-43.607784,2023-07-26 05:32:32,9.8,,,,39516.0,89.0
47014,KZI4452,19,-22.916254,-43.607184,2023-07-26 05:32:33,0.0,,ida,19 - PINGO D'AGUA X SALVADOR ALLENDE (EXPRESSO) [IDA],38000.2,287.0
30537,KXE7720,12,-22.989828,-43.602181,2023-07-26 05:32:37,53.9,,ida,12 - PINGO D'AGUA X ALVORADA (EXPRESSO) [IDA],51522.5,133.0
47018,LRS2843,0,-22.915926,-43.614977,2023-07-26 05:32:37,37.4,,,,32976.1,286.0
44713,KPZ3559,20,-22.919121,-43.607026,2023-07-26 05:32:29,0.0,,ida,20 - SANTA CRUZ X SALVADOR ALLENDE (EXPRESSO) [IDA],29573.3,
13401,KQO7822,19,-23.020716,-43.493258,2023-07-26 05:32:36,52.9,,volta,19 - SALVADOR ALLENDE X PINGO D'AGUA (EXPRESSO) [VOLTA],53656.8,263.0
13421,KWO8119,10,-22.920238,-43.608202,2023-07-26 05:32:37,0.0,,ida,10 - SANTA CRUZ X ALVORADA (EXPRESSO) [IDA],14957.8,
27174,KQP5437,13,-23.008362,-43.442785,2023-07-26 05:32:19,0.0,,ida,13 - MATO ALTO X ALVORADA (EXPRESSO) [IDA],18890.0,75.0
47026,KYA7928,10,-22.920584,-43.608013,2023-07-26 05:32:30,0.0,,ida,10 - SANTA CRUZ X ALVORADA (EXPRESSO) [IDA],32900.199,
86889,KRQ6878,10,-23.000893,-43.367123,2023-07-26 05:32:38,0.0,,volta,10 - ALVORADA X SANTA CRUZ (EXPRESSO) [VOLTA],514962.4,
12724,LMJ1118,18,-23.000285,-43.37287,2023-07-26 05:32:37,58.7,,ida,18 - RECREIO SHOPPING X JARDIM OCEÂNICO (EXPRESSO) [IDA],9656.9,89.0
27209,LSL9B07,25,-23.014411,-43.466586,2023-07-26 05:32:31,16.9,,ida,25 - MATO ALTO X ALVORADA (PARADOR) [IDA],10088.9,70.0
27176,LRK9563,18,-23.005414,-43.431109,2023-07-26 05:32:29,8.1,,ida,18 - RECREIO SHOPPING X JARDIM OCEÂNICO (EXPRESSO) [IDA],13518.2,75.0
30511,KPV2250,13,-22.994425,-43.595799,2023-07-26 05:32:32,24.7,,volta,13 - ALVORADA X  MATO ALTO (EXPRESSO) [VOLTA],49460.8,312.0
13427,KXE7711,0,-22.919363,-43.607075,2023-07-26 05:32:31,25.2,,,,51856.3,354.0
12725,LMJ1327,25,-22.992508,-43.598345,2023-07-26 05:32:28,0.0,,ida,25 - MATO ALTO X ALVORADA (PARADOR) [IDA],39261.3,
13404,KQO7823,20,-23.008488,-43.444126,2023-07-26 05:32:24,34.0,,volta,20 - SALVADOR ALLENDE X SANTA CRUZ (EXPRESSO) [VOLTA],56113.0,258.0
47022,KRM7701,10,-22.945837,-43.656351,2023-07-26 05:32:29,59.3,,volta,10 - ALVORADA X SANTA CRUZ (EXPRESSO) [VOLTA],12966.9,286.0
13422,LSI5978,20,-23.012209,-43.457724,2023-07-26 05:32:31,23.5,,ida,20 - SANTA CRUZ X SALVADOR ALLENDE (EXPRESSO) [IDA],40401.4,75.0
86872,LSH7386,13,-23.017026,-43.476516,2023-07-26 05:32:29,59.5,,ida,13 - MATO ALTO X ALVORADA (EXPRESSO) [IDA],22429.7,74.0
47017,LRS2841,20,-23.010877,-43.536443,2023-07-26 05:32:23,59.7,,ida,20 - SANTA CRUZ X SALVADOR ALLENDE (EXPRESSO) [IDA],47915.8,108.0
86859,KWJ9250,19,-23.002904,-43.424336,2023-07-26 05:32:31,0.0,,ida,19 - PINGO D'AGUA X SALVADOR ALLENDE (EXPRESSO) [IDA],18707.5,
30509,KYM4574,13,-23.008501,-43.444141,2023-07-26 05:32:34,36.9,,volta,13 - ALVORADA X  MATO ALTO (EXPRESSO) [VOLTA],53052.7,256.0
12710,KRO9724,13,-22.993113,-43.59788,2023-07-26 05:32:37,0.0,,ida,13 - MATO ALTO X ALVORADA (EXPRESSO) [IDA],38381.0,124.0
12720,KXD9430,20,-23.004323,-43.562011,2023-07-26 05:32:37,58.0,,volta,20 - SALVADOR ALLENDE X SANTA CRUZ (EXPRESSO) [VOLTA],21782.2,285.0
13407,KPY9732,18,-23.009876,-43.448378,2023-07-26 05:32:31,60.2,,ida,18 - RECREIO SHOPPING X JARDIM OCEÂNICO (EXPRESSO) [IDA],45442.0,74.0
30525,LRC6596,0,-23.000704,-43.367225,2023-07-26 05:32:28,0.0,,,,53689.1,
30514,KYL8595,11,-22.920679,-43.607891,2023-07-26 05:32:31,0.0,,ida,11 - SANTA CRUZ X ALVORADA (PARADOR) [IDA],38408.7,110.0
12734,LSP8673,11,-22.918882,-43.607511,2023-07-26 05:32:29,0.0,,ida,11 - SANTA CRUZ X ALVORADA (PARADOR) [IDA],16895.4,
90006,LRH6D12,20,-22.916865,-43.68349,2023-07-26 05:32:34,0.0,,ida,20 - SANTA CRUZ X SALVADOR ALLENDE (EXPRESSO) [IDA],29710.9,342.0
30524,LRC6601,25,-23.000351,-43.396964,2023-07-26 05:32:20,22.9,,ida,25 - MATO ALTO X ALVORADA (PARADOR) [IDA],29243.3,91.0
13415,KQK7905,25,-23.000663,-43.366307,2023-07-26 05:32:23,0.0,,volta,25 - ALVORADA X MATO ALTO (PARADOR) [VOLTA],45135.0,
901002,,22,-23.000937,-43.365224,2023-07-26 05:32:27,0.0,,ida,22 - ALVORADA X J. OCEÂNICO (PARADOR) [IDA],17407.5,231.0
B16,LSI3468,14,-22.961289,-43.648408,2023-07-26 05:32:29,0.0,,ida,14 - SANTA EUGÊNIA X SALVADOR ALLENDE (EXPRESSO) [IDA],1124.0,
B35,LTI1196,14,-22.961498,-43.648138,2023-07-26 05:32:21,0.0,,ida,14 - SANTA EUGÊNIA X SALVADOR ALLENDE (EXPRESSO) [IDA],1073.4,148.0
B17,KWY8231,14,-22.961753,-43.648747,2023-07-26 05:32:20,17.9,,ida,14 - SANTA EUGÊNIA X SALVADOR ALLENDE (EXPRESSO) [IDA],1235.9,319.0
B19,KZJ7238,14,-22.916566666666668,-43.631663333333336,2023-07-26 05:32:34,0.0,,ida,14 - SANTA EUGÊNIA X SALVADOR ALLENDE (EXPRESSO) [IDA],104993.2,225.0
B14,KRK9519,14,-22.918329,-43.639148,2023-07-26 05:32:38,13.7,,volta,14 - SALVADOR ALLENDE x SANTA EUGÊNIA (EXPRESSO) [VOLTA],1199.7,49.0
B12,LMH5981,14,-22.935814,-43.667032,2023-07-26 05:27:18,12.4,,ida,14 - SANTA EUGÊNIA X SALVADOR ALLENDE (EXPRESSO) [IDA],1154.9,191.0
B24,LSO7028,14,-23.012258,-43.457896,2023-07-26 05:32:19,0.0,,ida,14 - SANTA EUGÊNIA X SALVADOR ALLENDE (EXPRESSO) [IDA],1212.8,74.0
B25,,14,-23.019394,-43.505098,2023-07-26 05:31:13,52.3,,ida,14 - SANTA EUGÊNIA X SALVADOR ALLENDE (EXPRESSO) [IDA],1127.4,107.0
B28,KQP5E29,14,-22.916768,-43.632799,2023-07-26 05:32:37,3.0,,ida,14 - SANTA EUGÊNIA X SALVADOR ALLENDE (EXPRESSO) [IDA],1141.8,234.0
B40,,14,-22.93227,-43.658426,2023-07-26 05:32:27,37.8,,ida,14 - SANTA EUGÊNIA X SALVADOR ALLENDE (EXPRESSO) [IDA],753.1,249.0
B41,,14,-22.925475,-43.64995,2023-07-26 05:32:38,32.6,,ida,14 - SANTA EUGÊNIA X SALVADOR ALLENDE (EXPRESSO) [IDA],1180.4,194.0
901001,RJD7J89,22,-23.000953,-43.365543,2023-07-26 05:32:30,0.0,,ida,22 - ALVORADA X J. OCEÂNICO (PARADOR) [IDA],17343.0,
B47,,14,-22.994258,-43.596378,2023-07-26 05:32:26,0.0,,ida,14 - SANTA EUGÊNIA X SALVADOR ALLENDE (EXPRESSO) [IDA],1193.8,134.0
B048,,14,-22.916515,-43.631443,2023-07-26 05:32:27,0.0,,ida,14 - SANTA EUGÊNIA X SALVADOR ALLENDE (EXPRESSO) [IDA],1167.9,258.0
B54,,14,-22.948296,-43.640767,2023-07-26 05:32:21,40.7,,ida,14 - SANTA EUGÊNIA X SALVADOR ALLENDE (EXPRESSO) [IDA],1178.8,24.0
B55,,14,-23.00445,-43.561552,2023-07-26 05:32:38,58.4,,volta,14 - SALVADOR ALLENDE x SANTA EUGÊNIA (EXPRESSO) [VOLTA],1169.2,284.0
B53,,14,-22.985229,-43.60739,2023-07-26 05:32:27,59.0,,ida,14 - SANTA EUGÊNIA X SALVADOR ALLENDE (EXPRESSO) [IDA],1209.8,135.0
B51,,14,-22.969508,-43.626704,2023-07-26 05:32:20,58.2,,volta,14 - SALVADOR ALLENDE x SANTA EUGÊNIA (EXPRESSO) [VOLTA],1250.3,258.0
901077,,52,-22.862052,-43.400419,2023-07-26 05:32:36,0.0,,ida,52 - SENTIDO ALVORADA (PARADOR) [IDA],26526.3,
902119,,35,-22.87879,-43.33643,2023-07-26 05:32:21,0.0,,ida,35 - MADUREIRA X ALVORADA (PARADOR) [IDA],7697.6,
901058,,51,-22.861907,-43.400236,2023-07-26 05:32:24,0.0,,ida,51 - SENTIDO RECREIO (PARADOR) [IDA],44210.2,230.0
902105,,31,-22.876823,-43.330267,2023-07-26 05:32:38,0.0,,ida,31 - VICENTE DE CARVALHO X ALVORADA (SEMIDIRETO) [IDA],10187.9,
901071,,22,-22.929388,-43.395255,2023-07-26 05:32:20,64.7,,ida,22 - ALVORADA X J. OCEÂNICO (PARADOR) [IDA],43446.1,344.0
903027,,50,-23.001057,-43.368372,2023-07-26 05:32:38,10.5,,ida,50 - SENTIDO JD. OCEANICO (PARADOR) [IDA],49621.4,145.0
901066,,52,-22.868161,-43.41301,2023-07-26 05:32:21,0.1,,volta,52 - SENTIDO V. MILITAR (PARADOR) [VOLTA],50024.7,60.0
903026,,50,-23.000146,-43.346235,2023-07-26 05:32:23,22.9,,volta,50 - SENTIDO T. OLIMPICO (PARADOR) [VOLTA],48965.2,263.0
903029,,50,-22.972679,-43.401141,2023-07-26 05:32:34,26.1,,ida,50 - SENTIDO JD. OCEANICO (PARADOR) [IDA],33515.199,121.0
902116,,35,-22.973366,-43.365988,2023-07-26 05:32:22,0.1,,volta,35 - ALVORADA  X  MADUREIRA (PARADOR) [VOLTA],11183.7,268.0
902115,,35,-22.933088,-43.372807,2023-07-26 05:32:34,40.9,,volta,35 - ALVORADA  X  MADUREIRA (PARADOR) [VOLTA],14873.4,338.0
901061,,51,-22.862127,-43.400669,2023-07-26 05:32:37,0.0,,ida,51 - SENTIDO RECREIO (PARADOR) [IDA],43316.3,228.0
903030,,50,-22.972444,-43.401009,2023-07-26 05:32:27,0.0,,ida,50 - SENTIDO JD. OCEANICO (PARADOR) [IDA],40967.7,178.0
901073,,51,-22.973382,-43.387848,2023-07-26 05:32:18,28.1,,ida,51 - SENTIDO RECREIO (PARADOR) [IDA],41866.6,89.0
901048,,51,-23.008454,-43.43988,2023-07-26 05:32:33,0.0,,volta,51 - SENTIDO V. MILITAR (PARADOR) [VOLTA],26350.2,71.0
901065,,52,-22.915771,-43.397918,2023-07-26 05:30:08,0.0,,ida,52 - SENTIDO ALVORADA (PARADOR) [IDA],35405.9,144.0
903031,,38,-22.928785,-43.373511,2023-07-26 05:32:34,42.3,,ida,38 - FUNDÃO X ALVORADA (PARADOR) [IDA],40611.8,186.0
903032,,42,-22.845319,-43.238922,2023-07-26 05:32:30,0.0,,volta,42 - MADUREIRA MANANCEIA X GALEAO (PARADOR) [VOLTA],42720.7,42.0
901075,,51,-22.930384,-43.395097,2023-07-26 05:32:18,41.6,,volta,51 - SENTIDO V. MILITAR (PARADOR) [VOLTA],49015.4,176.0
903055,,17,-22.925736,-43.650093,2023-07-26 05:32:37,43.8,,ida,17 - SANTA CRUZ X CAMPO GRANDE (PARADOR) [IDA],18915.0,28.0
903037,,17,-22.910839,-43.584076,2023-07-26 05:32:28,0.0,,ida,17 - SANTA CRUZ X CAMPO GRANDE (PARADOR) [IDA],20715.4,69.0
903002,,42,-22.849654,-43.307768,2023-07-26 05:32:35,0.2,,volta,42 - MADUREIRA MANANCEIA X GALEAO (PARADOR) [VOLTA],6978.5,53.0
901080,,53,-23.001414,-43.366961,2023-07-26 05:32:33,0.0,,volta,53 - SENTIDO SULACAP (EXPRESSO) [VOLTA],31293.3,
902110,,35,-22.919917,-43.36772,2023-07-26 05:32:31,8.5,,volta,35 - ALVORADA  X  MADUREIRA (PARADOR) [VOLTA],8842.8,54.0
902114,,35,-22.876121,-43.339097,2023-07-26 05:32:24,17.2,,ida,35 - MADUREIRA X ALVORADA (PARADOR) [IDA],8978.7,234.0
902078,,31,-22.853243,-43.314088,2023-07-26 05:32:34,0.0,,ida,31 - VICENTE DE CARVALHO X ALVORADA (SEMIDIRETO) [IDA],10287.2,126.0
902111,,35,-22.876348,-43.330048,2023-07-26 05:32:30,0.0,,ida,35 - MADUREIRA X ALVORADA (PARADOR) [IDA],10289.6,
903054,,17,-22.918191,-43.683054,2023-07-26 05:32:20,0.0,,ida,17 - SANTA CRUZ X CAMPO GRANDE (PARADOR) [IDA],17679.3,326.0
903021,,42,-22.877509,-43.336404,2023-07-26 05:32:27,0.0,,volta,42 - MADUREIRA MANANCEIA X GALEAO (PARADOR) [VOLTA],34635.8,224.0
903056,,17,-22.922287,-43.679667,2023-07-26 05:32:38,0.0,,ida,17 - SANTA CRUZ X CAMPO GRANDE (PARADOR) [IDA],14657.3,145.0
903000,,50,-22.972432,-43.400502,2023-07-26 05:32:31,14.8,,ida,50 - SENTIDO JD. OCEANICO (PARADOR) [IDA],31898.5,359.0
903058,,17,-22.917847,-43.683238,2023-07-26 05:32:34,0.0,,ida,17 - SANTA CRUZ X CAMPO GRANDE (PARADOR) [IDA],9174.6,329.0
901072,,52,-23.001396,-43.367215,2023-07-26 05:32:38,0.0,,volta,52 - SENTIDO V. MILITAR (PARADOR) [VOLTA],38639.1,90.0
902045,,31,-22.907617,-43.358108,2023-07-26 05:32:19,59.4,,ida,31 - VICENTE DE CARVALHO X ALVORADA (SEMIDIRETO) [IDA],6836.5,197.0
903007,,50,-22.971866,-43.401204,2023-07-26 05:32:30,0.0,,ida,50 - SENTIDO JD. OCEANICO (PARADOR) [IDA],41368.6,176.0
903004,,42,-22.877437,-43.336163,2023-07-26 05:32:31,0.0,,volta,42 - MADUREIRA MANANCEIA X GALEAO (PARADOR) [VOLTA],39210.7,40.0
903006,,42,-22.839788,-43.239518,2023-07-26 05:32:19,0.0,,ida,42 - GALEÃO X MADUREIRA MANANCEIA (PARADOR) [IDA],46397.1,140.0
903005,,42,-22.837563,-43.290119,2023-07-26 05:32:20,14.2,,ida,42 - GALEÃO X MADUREIRA MANANCEIA (PARADOR) [IDA],38830.5,278.0
903022,,50,-22.972318,-43.401087,2023-07-26 05:32:22,0.0,,ida,50 - SENTIDO JD. OCEANICO (PARADOR) [IDA],37742.3,189.0
903035,,17,-22.918505,-43.639395,2023-07-26 05:32:22,33.1,,ida,17 - SANTA CRUZ X CAMPO GRANDE (PARADOR) [IDA],19577.9,57.0
901059,,51,-22.867968,-43.412833,2023-07-26 05:32:35,0.0,,volta,51 - SENTIDO V. MILITAR (PARADOR) [VOLTA],48373.0,61.0
903003,,42,-22.857431,-43.258362,2023-07-26 05:32:33,25.6,,volta,42 - MADUREIRA MANANCEIA X GALEAO (PARADOR) [VOLTA],41719.6,99.0
901020,,22,-23.000933,-43.3659,2023-07-26 05:32:37,0.0,,ida,22 - ALVORADA X J. OCEÂNICO (PARADOR) [IDA],25521.9,233.0
901022,,22,-23.000987,-43.365005,2023-07-26 05:32:35,0.0,,ida,22 - ALVORADA X J. OCEÂNICO (PARADOR) [IDA],18622.0,265.0
901024,,22,-23.000988,-43.366191,2023-07-26 05:32:21,0.0,,ida,22 - ALVORADA X J. OCEÂNICO (PARADOR) [IDA],20663.0,242.0
901025,,51,-22.970602,-43.400582,2023-07-26 05:32:16,0.0,,ida,51 - SENTIDO RECREIO (PARADOR) [IDA],40730.0,205.0
901027,,51,-22.872838,-43.408106,2023-07-26 05:32:32,53.6,,ida,51 - SENTIDO RECREIO (PARADOR) [IDA],25992.6,137.0
901028,,40,-23.001359,-43.367461,2023-07-26 05:32:31,0.0,,volta,40 - ALVORADA X PAULO DA PORTELA (EXPRESSO) [VOLTA],23793.4,94.0
901030,,40,-22.885618,-43.343542,2023-07-26 05:32:21,0.0,,ida,40 - PAULO DA PORTELA X ALVORADA (EXPRESSO) [IDA],21837.9,221.0
901031,,46,-22.965325,-43.391719,2023-07-26 03:33:12,0.0,,ida,46 - PENHA X ALVORADA (EXPRESSO) [IDA],24483.6,162.0
901032,,40,-22.916403,-43.361995,2023-07-26 05:32:38,0.0,,ida,40 - PAULO DA PORTELA X ALVORADA (EXPRESSO) [IDA],25301.7,226.0
901034,,40,-22.877813,-43.336413,2023-07-26 05:32:24,0.0,,ida,40 - PAULO DA PORTELA X ALVORADA (EXPRESSO) [IDA],27526.3,
901036,,52,-22.885206,-43.343129,2023-07-26 05:32:34,29.7,,ida,52 - SENTIDO ALVORADA (PARADOR) [IDA],22817.4,38.0
901038,,22,-22.965947,-43.390371,2023-07-26 05:32:38,49.3,,ida,22 - ALVORADA X J. OCEÂNICO (PARADOR) [IDA],27357.4,1.0
901040,,41,-22.958611,-43.383132,2023-07-26 05:32:33,0.0,,volta,41 - TERMINAL RECREIO X PAULO DA PORTELA (EXPRESSO) [VOLTA],29563.7,76.0
901041,,22,-22.965057,-43.392059,2023-07-26 05:32:24,0.0,,ida,22 - ALVORADA X J. OCEÂNICO (PARADOR) [IDA],26160.5,
901042,,53,-22.965507,-43.391614,2023-07-26 05:32:28,0.0,,ida,53 - SENTIDO ALVORADA (EXPRESSO) [IDA],29893.6,
903009,,42,-22.858451,-43.329407,2023-07-26 05:32:27,52.8,,ida,42 - GALEÃO X MADUREIRA MANANCEIA (PARADOR) [IDA],47201.9,190.0
903010,,42,-22.839902,-43.239403,2023-07-26 05:32:24,0.0,,ida,42 - GALEÃO X MADUREIRA MANANCEIA (PARADOR) [IDA],43702.4,143.0
903011,,42,-22.814579,-43.246167,2023-07-26 05:32:19,0.0,,ida,42 - GALEÃO X MADUREIRA MANANCEIA (PARADOR) [IDA],45350.6,123.0
903012,,42,-22.865359,-43.334165,2023-07-26 05:32:33,23.8,,volta,42 - MADUREIRA MANANCEIA X GALEAO (PARADOR) [VOLTA],47962.1,20.0
903015,,42,-22.839865,-43.239552,2023-07-26 05:32:36,0.0,,ida,42 - GALEÃO X MADUREIRA MANANCEIA (PARADOR) [IDA],47876.8,323.0
903016,,42,-22.838857,-43.241451,2023-07-26 05:32:25,0.0,,ida,42 - GALEÃO X MADUREIRA MANANCEIA (PARADOR) [IDA],42548.3,141.0
903017,,50,-23.006538,-43.313514,2023-07-26 05:32:26,0.0,,volta,50 - SENTIDO T. OLIMPICO (PARADOR) [VOLTA],44917.2,272.0
903020,,50,-23.000333,-43.340546,2023-07-26 05:32:28,43.5,,ida,50 - SENTIDO JD. OCEANICO (PARADOR) [IDA],43853.0,91.0
903024,,42,-22.878999,-43.341124,2023-07-26 05:32:31,6.0,,ida,42 - GALEÃO X MADUREIRA MANANCEIA (PARADOR) [IDA],38024.7,170.0
903025,,50,-23.001327,-43.366337,2023-07-26 05:32:21,21.8,,volta,50 - SENTIDO T. OLIMPICO (PARADOR) [VOLTA],39466.4,86.0
903013,,42,-22.847256,-43.244546,2023-07-26 05:32:32,25.0,,ida,42 - GALEÃO X MADUREIRA MANANCEIA (PARADOR) [IDA],44483.6,219.0
903014,,38,-22.972114,-43.401061,2023-07-26 05:32:30,5.2,,ida,38 - FUNDÃO X ALVORADA (PARADOR) [IDA],51739.0,16.0
901060,,51,-22.947645,-43.391973,2023-07-26 05:32:36,0.0,,volta,51 - SENTIDO V. MILITAR (PARADOR) [VOLTA],24793.1,301.0
903063,,17,-22.92026,-43.608187,2023-07-26 05:32:28,0.0,,ida,17 - SANTA CRUZ X CAMPO GRANDE (PARADOR) [IDA],21497.7,
901000,,22,-23.000736,-43.367816,2023-07-26 05:32:26,21.6,,ida,22 - ALVORADA X J. OCEÂNICO (PARADOR) [IDA],30203.9,90.0
902113,,31,-22.876585,-43.335728,2023-07-26 05:32:37,20.6,,ida,31 - VICENTE DE CARVALHO X ALVORADA (SEMIDIRETO) [IDA],8858.2,204.0
902118,,31,-22.851005,-43.309919,2023-07-26 05:32:38,14.8,,ida,31 - VICENTE DE CARVALHO X ALVORADA (SEMIDIRETO) [IDA],7646.2,66.0
902117,,31,-22.966615,-43.39047,2023-07-26 05:32:37,0.0,,ida,31 - VICENTE DE CARVALHO X ALVORADA (SEMIDIRETO) [IDA],10258.0,182.0
901044,,40,-22.974014,-43.363718,2023-07-26 05:32:25,41.2,,ida,40 - PAULO DA PORTELA X ALVORADA (EXPRESSO) [IDA],29610.9,184.0
903033,,42,-22.856598,-43.328783,2023-07-26 05:32:25,14.3,,ida,42 - GALEÃO X MADUREIRA MANANCEIA (PARADOR) [IDA],36579.5,257.0
902049,,46,-22.85431,-43.251867,2023-07-26 05:32:37,0.0,,ida,46 - PENHA X ALVORADA (EXPRESSO) [IDA],36014.9,
902020,,46,-22.837646,-43.290576,2023-07-26 05:32:30,38.6,,ida,46 - PENHA X ALVORADA (EXPRESSO) [IDA],31641.9,248.0
902022,,46,-22.89497,-43.349881,2023-07-26 05:32:36,0.0,,ida,46 - PENHA X ALVORADA (EXPRESSO) [IDA],30794.0,216.0
901093,,51,-22.862255,-43.400986,2023-07-26 05:32:23,0.0,,ida,51 - SENTIDO RECREIO (PARADOR) [IDA],27803.3,239.0
902059,,43,-22.876904,-43.335829,2023-07-26 05:32:29,20.8,,volta,43 - SANTA EFIGENIA X FUNDÃO (EXPRESSO) [VOLTA],35721.9,24.0
901091,,51,-23.000155,-43.429814,2023-07-26 05:32:20,29.6,,ida,51 - SENTIDO RECREIO (PARADOR) [IDA],31138.9,220.0
901096,,51,-22.973035,-43.389258,2023-07-26 05:32:25,49.9,,volta,51 - SENTIDO V. MILITAR (PARADOR) [VOLTA],34299.8,271.0
901086,,53,-22.914986,-43.398615,2023-07-26 05:32:36,58.9,,ida,53 - SENTIDO ALVORADA (EXPRESSO) [IDA],48380.3,319.0
902032,,46,-23.00134,-43.364745,2023-07-26 05:32:24,0.0,,volta,46 - ALVORADA X PENHA (EXPRESSO) [VOLTA],36296.9,
901094,,0,-22.865906,-43.408839,2023-07-26 05:32:35,38.8,,,,32761.5,62.0
902027,,43,-22.931025,-43.373214,2023-07-26 05:32:30,47.3,,volta,43 - SANTA EFIGENIA X FUNDÃO (EXPRESSO) [VOLTA],32882.699,355.0
902031,,41,-22.854586,-43.251019,2023-07-26 05:32:28,0.0,,volta,41 - TERMINAL RECREIO X PAULO DA PORTELA (EXPRESSO) [VOLTA],34805.8,
902029,,46,-22.854239,-43.25182,2023-07-26 05:32:23,0.0,,ida,46 - PENHA X ALVORADA (EXPRESSO) [IDA],35412.3,
902018,,40,-22.937917,-43.372228,2023-07-26 05:32:19,36.4,,ida,40 - PAULO DA PORTELA X ALVORADA (EXPRESSO) [IDA],23647.7,186.0
902046,,46,-22.935541,-43.371798,2023-07-26 05:32:19,6.1,,ida,46 - PENHA X ALVORADA (EXPRESSO) [IDA],33384.3,157.0
12715,,20,-22.918343,-43.683021,2023-07-26 05:32:24,0.0,,ida,20 - SANTA CRUZ X SALVADOR ALLENDE (EXPRESSO) [IDA],42389.1,
902010,,40,-22.958527,-43.382807,2023-07-26 05:32:20,0.0,,ida,40 - PAULO DA PORTELA X ALVORADA (EXPRESSO) [IDA],10959.5,76.0
902026,,41,-22.854169,-43.25165,2023-07-26 05:32:37,0.0,,volta,41 - TERMINAL RECREIO X PAULO DA PORTELA (EXPRESSO) [VOLTA],33962.4,
901089,,0,-22.965207,-43.391756,2023-07-26 05:32:26,0.0,,,,45838.9,
901062,,51,-22.981454,-43.409953,2023-07-26 05:32:23,12.1,,volta,51 - SENTIDO V. MILITAR (PARADOR) [VOLTA],46941.4,43.0
902053,,46,-22.85454,-43.251254,2023-07-26 05:32:38,0.0,,ida,46 - PENHA X ALVORADA (EXPRESSO) [IDA],33488.9,
E902000,,41,-22.860844,-43.329923,2023-07-26 05:32:25,43.4,,volta,41 - TERMINAL RECREIO X PAULO DA PORTELA (EXPRESSO) [VOLTA],10394.4,211.0
901067,,52,-22.948252,-43.390975,2023-07-26 05:32:31,52.1,,volta,52 - SENTIDO V. MILITAR (PARADOR) [VOLTA],41779.6,308.0
E902004,,41,-22.854876,-43.252953,2023-07-26 05:32:20,36.9,,volta,41 - TERMINAL RECREIO X PAULO DA PORTELA (EXPRESSO) [VOLTA],13269.5,286.0
12713,,18,-23.006584,-43.314343,2023-07-26 05:32:30,60.4,,ida,18 - RECREIO SHOPPING X JARDIM OCEÂNICO (EXPRESSO) [IDA],35268.4,97.0
902062,,46,-22.841281,-43.276241,2023-07-26 05:32:19,0.0,,ida,46 - PENHA X ALVORADA (EXPRESSO) [IDA],33296.8,
902048,,46,-22.887316,-43.345089,2023-07-26 05:32:22,5.2,,volta,46 - ALVORADA X PENHA (EXPRESSO) [VOLTA],23977.3,32.0
902058,,46,-22.854166,-43.251917,2023-07-26 05:32:34,0.0,,ida,46 - PENHA X ALVORADA (EXPRESSO) [IDA],34575.2,
901068,,51,-22.91091,-43.400705,2023-07-26 05:31:20,73.6,,volta,51 - SENTIDO V. MILITAR (PARADOR) [VOLTA],50834.8,23.0
902003,,41,-22.840414,-43.297336,2023-07-26 05:32:38,18.4,,volta,41 - TERMINAL RECREIO X PAULO DA PORTELA (EXPRESSO) [VOLTA],17405.6,225.0
902102,,35,-22.920412,-43.368695,2023-07-26 05:32:21,0.0,,ida,35 - MADUREIRA X ALVORADA (PARADOR) [IDA],12387.0,239.0
901082,,53,-22.97277,-43.400573,2023-07-26 05:32:38,23.2,,ida,53 - SENTIDO ALVORADA (EXPRESSO) [IDA],47085.9,70.0
902066,,46,-22.84352,-43.269602,2023-07-26 05:32:31,40.5,,ida,46 - PENHA X ALVORADA (EXPRESSO) [IDA],31317.0,311.0
902052,,46,-22.936373,-43.371665,2023-07-26 05:32:23,0.0,,volta,46 - ALVORADA X PENHA (EXPRESSO) [VOLTA],35628.5,18.0
902050,,43,-22.841924,-43.275844,2023-07-26 05:32:36,0.0,,volta,43 - SANTA EFIGENIA X FUNDÃO (EXPRESSO) [VOLTA],31280.1,81.0
902063,,46,-22.973318,-43.365661,2023-07-26 05:32:19,3.8,,volta,46 - ALVORADA X PENHA (EXPRESSO) [VOLTA],33272.699,269.0
902017,,31,-22.918647,-43.365486,2023-07-26 05:32:32,0.0,,ida,31 - VICENTE DE CARVALHO X ALVORADA (SEMIDIRETO) [IDA],23878.0,58.0
902057,,46,-22.854082,-43.251502,2023-07-26 05:32:28,0.0,,ida,46 - PENHA X ALVORADA (EXPRESSO) [IDA],29122.5,
902008,,40,-22.87874,-43.336322,2023-07-26 05:32:22,0.0,,ida,40 - PAULO DA PORTELA X ALVORADA (EXPRESSO) [IDA],10537.9,
902047,,46,-22.869609,-43.335344,2023-07-26 05:32:35,49.9,,ida,46 - PENHA X ALVORADA (EXPRESSO) [IDA],23973.9,200.0
902051,,46,-22.96683,-43.390494,2023-07-26 05:32:19,0.0,,ida,46 - PENHA X ALVORADA (EXPRESSO) [IDA],33008.3,191.0
901088,,31,-22.95112,-43.389761,2023-07-26 05:32:28,58.9,,ida,31 - VICENTE DE CARVALHO X ALVORADA (SEMIDIRETO) [IDA],41623.7,355.0
901098,,51,-22.894435,-43.399674,2023-07-26 05:32:22,45.6,,ida,51 - SENTIDO RECREIO (PARADOR) [IDA],27300.3,170.0
901090,,53,-22.965355,-43.39149,2023-07-26 05:32:33,0.0,,ida,53 - SENTIDO ALVORADA (EXPRESSO) [IDA],36783.0,
901055,,51,-22.956333,-43.393262,2023-07-26 05:32:31,58.4,,ida,51 - SENTIDO RECREIO (PARADOR) [IDA],46671.1,204.0
901076,,52,-22.868815,-43.413599,2023-07-26 05:32:34,27.1,,ida,52 - SENTIDO ALVORADA (PARADOR) [IDA],31276.7,144.0
902054,,46,-22.84157,-43.276987,2023-07-26 05:32:38,0.0,,ida,46 - PENHA X ALVORADA (EXPRESSO) [IDA],35708.5,
901079,,53,-23.00137,-43.366906,2023-07-26 05:32:22,13.8,,volta,53 - SENTIDO SULACAP (EXPRESSO) [VOLTA],44069.2,77.0
901084,,53,-22.888522,-43.400973,2023-07-26 05:32:21,49.5,,ida,53 - SENTIDO ALVORADA (EXPRESSO) [IDA],52313.0,175.0
901070,,52,-23.000732,-43.368482,2023-07-26 05:32:38,18.9,,volta,52 - SENTIDO V. MILITAR (PARADOR) [VOLTA],40499.9,257.0
902080,,46,-23.001413,-43.367717,2023-07-26 05:32:25,0.0,,volta,46 - ALVORADA X PENHA (EXPRESSO) [VOLTA],34369.2,89.0
901081,,53,-22.973282,-43.380609,2023-07-26 05:32:31,39.3,,ida,53 - SENTIDO ALVORADA (EXPRESSO) [IDA],41815.0,90.0
902065,,43,-22.87599,-43.335323,2023-07-26 05:32:23,44.2,,ida,43 - FUNDÃO X SANTA EFIGENIA (EXPRESSO) [IDA],35373.4,217.0
901069,,52,-22.973149,-43.385334,2023-07-26 05:32:22,0.0,,volta,52 - SENTIDO V. MILITAR (PARADOR) [VOLTA],37750.3,271.0
901074,,52,-22.960841,-43.391904,2023-07-26 05:32:37,53.6,,ida,52 - SENTIDO ALVORADA (PARADOR) [IDA],39527.1,192.0
901085,,53,-22.884539,-43.399362,2023-07-26 05:32:35,0.0,,ida,53 - SENTIDO ALVORADA (EXPRESSO) [IDA],43544.8,13.0
902030,,31,-22.975414,-43.364324,2023-07-26 05:32:38,39.2,,ida,31 - VICENTE DE CARVALHO X ALVORADA (SEMIDIRETO) [IDA],11314.2,202.0
902071,,46,-22.960027,-43.389214,2023-07-26 05:32:20,34.0,,volta,46 - ALVORADA X PENHA (EXPRESSO) [VOLTA],35946.8,81.0
902072,,43,-22.844644,-43.23848,2023-07-26 05:32:24,0.0,,ida,43 - FUNDÃO X SANTA EFIGENIA (EXPRESSO) [IDA],32691.3,189.0
902101,,31,-22.876693,-43.329542,2023-07-26 05:32:36,7.7,,ida,31 - VICENTE DE CARVALHO X ALVORADA (SEMIDIRETO) [IDA],10054.8,83.0
902068,,43,-22.854423,-43.251599,2023-07-26 05:32:30,0.0,,ida,43 - FUNDÃO X SANTA EFIGENIA (EXPRESSO) [IDA],35600.1,
902064,,41,-22.883154,-43.342332,2023-07-26 05:32:24,37.2,,ida,41 - PAULO DA PORTELA X TERMINAL RECREIO (EXPRESSO) [IDA],0.0,211.0
901087,,53,-22.883705,-43.399744,2023-07-26 05:32:33,16.1,,ida,53 - SENTIDO ALVORADA (EXPRESSO) [IDA],47539.0,143.0
902085,,46,-22.856661,-43.329035,2023-07-26 05:32:19,12.8,,ida,46 - PENHA X ALVORADA (EXPRESSO) [IDA],34061.1,231.0
E902012,,40,-22.965202,-43.392099,2023-07-26 05:32:22,0.0,,ida,40 - PAULO DA PORTELA X ALVORADA (EXPRESSO) [IDA],9751.3,
E902001,,41,-22.879115,-43.338358,2023-07-26 05:32:25,30.4,,volta,41 - TERMINAL RECREIO X PAULO DA PORTELA (EXPRESSO) [VOLTA],20883.3,90.0
E902006,,40,-22.92331,-43.374046,2023-07-26 05:32:36,28.0,,ida,40 - PAULO DA PORTELA X ALVORADA (EXPRESSO) [IDA],19312.4,188.0
E902011,,40,-22.877647,-43.336755,2023-07-26 05:32:35,0.0,,ida,40 - PAULO DA PORTELA X ALVORADA (EXPRESSO) [IDA],8603.0,
E902014,,41,-22.965593,-43.391789,2023-07-26 05:32:39,0.0,,volta,41 - TERMINAL RECREIO X PAULO DA PORTELA (EXPRESSO) [VOLTA],16099.0,
902002,,41,-22.878612,-43.336302,2023-07-26 05:32:28,0.0,,ida,41 - PAULO DA PORTELA X TERMINAL RECREIO (EXPRESSO) [IDA],19836.5,
902069,,41,-23.008515,-43.440822,2023-07-26 05:32:25,0.0,,volta,41 - TERMINAL RECREIO X PAULO DA PORTELA (EXPRESSO) [VOLTA],32599.1,254.0
902094,,35,-22.878509,-43.336305,2023-07-26 05:32:35,0.0,,ida,35 - MADUREIRA X ALVORADA (PARADOR) [IDA],9094.2,
903068,,17,-22.915192,-43.605918,2023-07-26 05:32:19,4.0,,volta,17 - CAMPO GRANDE  X SANTA CRUZ (PARADOR) [VOLTA],20741.6,249.0
902081,,31,-22.856954,-43.329165,2023-07-26 05:32:29,0.0,,ida,31 - VICENTE DE CARVALHO X ALVORADA (SEMIDIRETO) [IDA],11490.5,19.0
902075,,31,-22.852459,-43.312629,2023-07-26 05:32:19,0.0,,ida,31 - VICENTE DE CARVALHO X ALVORADA (SEMIDIRETO) [IDA],14101.6,
902082,,35,-23.001029,-43.368136,2023-07-26 05:32:36,17.3,,volta,35 - ALVORADA  X  MADUREIRA (PARADOR) [VOLTA],10881.2,311.0
902089,,35,-23.001364,-43.366763,2023-07-26 05:32:36,13.2,,volta,35 - ALVORADA  X  MADUREIRA (PARADOR) [VOLTA],9775.7,86.0
903041,,50,-22.928064,-43.373531,2023-07-26 05:32:31,41.4,,ida,50 - SENTIDO JD. OCEANICO (PARADOR) [IDA],27442.3,177.0
903051,,50,-22.966889,-43.397275,2023-07-26 05:32:21,18.1,,ida,50 - SENTIDO JD. OCEANICO (PARADOR) [IDA],31061.1,230.0
902055,,46,-22.914674,-43.360981,2023-07-26 05:32:36,15.7,,ida,46 - PENHA X ALVORADA (EXPRESSO) [IDA],28.9,209.0
903044,,42,-22.851239,-43.263392,2023-07-26 05:32:34,0.0,,ida,42 - GALEÃO X MADUREIRA MANANCEIA (PARADOR) [IDA],29213.5,324.0
902043,,41,-22.927633,-43.373577,2023-07-26 05:32:34,41.9,,volta,41 - TERMINAL RECREIO X PAULO DA PORTELA (EXPRESSO) [VOLTA],29108.1,175.0
902036,,41,-22.970586,-43.400498,2023-07-26 05:32:34,8.3,,ida,41 - PAULO DA PORTELA X TERMINAL RECREIO (EXPRESSO) [IDA],32332.0,204.0
903047,,42,-22.847166,-43.244027,2023-07-26 05:32:25,41.9,,ida,42 - GALEÃO X MADUREIRA MANANCEIA (PARADOR) [IDA],23096.9,66.0
902074,,31,-22.852964,-43.313346,2023-07-26 05:32:19,0.0,,ida,31 - VICENTE DE CARVALHO X ALVORADA (SEMIDIRETO) [IDA],9772.1,
903040,,17,-22.921079,-43.644816,2023-07-26 05:32:37,44.6,,volta,17 - CAMPO GRANDE  X SANTA CRUZ (PARADOR) [VOLTA],18473.5,242.0
902044,,43,-22.927391,-43.373601,2023-07-26 05:32:28,38.1,,ida,43 - FUNDÃO X SANTA EFIGENIA (EXPRESSO) [IDA],31243.5,174.0
902038,,43,-22.839523,-43.239751,2023-07-26 05:32:37,0.0,,ida,43 - FUNDÃO X SANTA EFIGENIA (EXPRESSO) [IDA],7578.0,136.0
902041,,43,-22.854185,-43.251491,2023-07-26 05:32:22,0.0,,ida,43 - FUNDÃO X SANTA EFIGENIA (EXPRESSO) [IDA],34223.9,
903064,,50,-22.974029,-43.363695,2023-07-26 05:32:17,43.8,,ida,50 - SENTIDO JD. OCEANICO (PARADOR) [IDA],22143.3,183.0
902037,,41,-22.85444,-43.251498,2023-07-26 05:32:20,0.0,,volta,41 - TERMINAL RECREIO X PAULO DA PORTELA (EXPRESSO) [VOLTA],35848.8,
903069,,17,-22.927589,-43.677466,2023-07-26 05:32:37,3.7,,ida,17 - SANTA CRUZ X CAMPO GRANDE (PARADOR) [IDA],22415.1,113.0
902034,,43,-22.854274,-43.251359,2023-07-26 04:32:01,0.0,,volta,43 - SANTA EFIGENIA X FUNDÃO (EXPRESSO) [VOLTA],34891.0,
902042,,46,-22.864128,-43.333369,2023-07-26 05:32:32,50.9,,volta,46 - ALVORADA X PENHA (EXPRESSO) [VOLTA],31934.7,42.0
902040,,46,-22.838055,-43.285585,2023-07-26 05:32:31,1.2,,volta,46 - ALVORADA X PENHA (EXPRESSO) [VOLTA],34124.9,100.0
903038,,17,-22.918004,-43.683146,2023-07-26 05:32:37,22.3,,ida,17 - SANTA CRUZ X CAMPO GRANDE (PARADOR) [IDA],26552.0,334.0
903053,,17,-22.916874,-43.633227,2023-07-26 05:32:32,0.0,,volta,17 - CAMPO GRANDE  X SANTA CRUZ (PARADOR) [VOLTA],21468.4,257.0
902087,,31,-22.876484,-43.330225,2023-07-26 05:32:38,0.0,,ida,31 - VICENTE DE CARVALHO X ALVORADA (SEMIDIRETO) [IDA],10088.9,
902076,,46,-22.854551,-43.251796,2023-07-26 05:32:33,0.0,,ida,46 - PENHA X ALVORADA (EXPRESSO) [IDA],27510.5,
902083,,31,-22.876534,-43.329835,2023-07-26 05:32:23,0.0,,ida,31 - VICENTE DE CARVALHO X ALVORADA (SEMIDIRETO) [IDA],5228.4,
902096,,35,-22.96046,-43.389838,2023-07-26 05:32:34,0.0,,volta,35 - ALVORADA  X  MADUREIRA (PARADOR) [VOLTA],14229.5,23.0
902100,,35,-22.9033,-43.356128,2023-07-26 05:32:29,46.1,,ida,35 - MADUREIRA X ALVORADA (PARADOR) [IDA],13439.3,211.0
903059,,17,-22.918053,-43.683072,2023-07-26 05:32:24,0.0,,ida,17 - SANTA CRUZ X CAMPO GRANDE (PARADOR) [IDA],18750.5,337.0
902079,,46,-22.865041,-43.334094,2023-07-26 05:32:21,40.5,,ida,46 - PENHA X ALVORADA (EXPRESSO) [IDA],30829.6,211.0
903066,,17,-22.915484,-43.617066,2023-07-26 05:32:23,46.5,,ida,17 - SANTA CRUZ X CAMPO GRANDE (PARADOR) [IDA],24884.4,95.0
902099,,35,-22.957587,-43.380454,2023-07-26 05:32:20,50.0,,ida,35 - MADUREIRA X ALVORADA (PARADOR) [IDA],11552.3,231.0
903046,,42,-22.841064,-43.298082,2023-07-26 05:32:31,23.9,,volta,42 - MADUREIRA MANANCEIA X GALEAO (PARADOR) [VOLTA],29792.7,58.0
902077,,43,-22.854208,-43.25148,2023-07-26 05:32:19,0.0,,ida,43 - FUNDÃO X SANTA EFIGENIA (EXPRESSO) [IDA],34749.1,
903061,,17,-22.91113,-43.585023,2023-07-26 05:32:26,32.4,,volta,17 - CAMPO GRANDE  X SANTA CRUZ (PARADOR) [VOLTA],21492.0,253.0
86835,,12,-22.916822,-43.607002,2023-07-26 05:32:32,0.0,,ida,12 - PINGO D'AGUA X ALVORADA (EXPRESSO) [IDA],13547.2,6.0
44706,LRG8855,20,-22.918678,-43.684027,2023-07-26 05:32:36,18.7,,ida,20 - SANTA CRUZ X SALVADOR ALLENDE (EXPRESSO) [IDA],21875.9,167.0
903065,,17,-22.928568,-43.654096,2023-07-26 05:32:22,15.2,,volta,17 - CAMPO GRANDE  X SANTA CRUZ (PARADOR) [VOLTA],16972.1,233.0
901008,,22,-23.001181,-43.329287,2023-07-26 05:33:31,0.0,,volta,22 - J. OCEÂNICO X ALVORADA (PARADOR) [VOLTA],22791.3,289.0
901011,RIV8A74,22,-23.001403,-43.328908,2023-07-26 05:33:28,0.0,,ida,22 - ALVORADA X J. OCEÂNICO (PARADOR) [IDA],23504.5,94.0
901012,,40,-23.00084,-43.366023,2023-07-26 05:33:31,0.0,,volta,40 - ALVORADA X PAULO DA PORTELA (EXPRESSO) [VOLTA],21293.4,
901014,,40,-23.000542,-43.364361,2023-07-26 04:44:22,0.0,,volta,40 - ALVORADA X PAULO DA PORTELA (EXPRESSO) [VOLTA],35641.9,
901007,,22,-23.000126,-43.345771,2023-07-26 05:33:29,55.6,,volta,22 - J. OCEÂNICO X ALVORADA (PARADOR) [VOLTA],21827.8,272.0
901009,,22,-23.006654,-43.312468,2023-07-26 05:33:17,14.1,,volta,22 - J. OCEÂNICO X ALVORADA (PARADOR) [VOLTA],20871.4,257.0
901013,,22,-23.000617,-43.364758,2023-07-26 05:20:36,0.0,,ida,22 - ALVORADA X J. OCEÂNICO (PARADOR) [IDA],31606.2,
901010,RJM8G30,22,-23.006536,-43.314692,2023-07-26 05:33:26,53.3,,ida,22 - ALVORADA X J. OCEÂNICO (PARADOR) [IDA],22875.5,96.0
901015,,51,-22.964553,-43.391736,2023-07-26 05:12:38,0.0,,volta,51 - SENTIDO V. MILITAR (PARADOR) [VOLTA],14154.3,
901017,,22,-23.000172,-43.346289,2023-07-26 05:33:26,0.2,,ida,22 - ALVORADA X J. OCEÂNICO (PARADOR) [IDA],25125.3,89.0
901063,,51,-22.964918,-43.392064,2023-07-26 04:27:02,5.7,,volta,51 - SENTIDO V. MILITAR (PARADOR) [VOLTA],48949.8,151.0
901006,RJA9F56,22,-22.999912,-43.360292,2023-07-26 05:33:23,22.6,,volta,22 - J. OCEÂNICO X ALVORADA (PARADOR) [VOLTA],19388.9,278.0
901005,RJB8E53,22,-23.000702,-43.366484,2023-07-26 05:33:33,19.1,,ida,22 - ALVORADA X J. OCEÂNICO (PARADOR) [IDA],21650.1,78.0
901004,RJQ8J80,22,-23.000676,-43.366022,2023-07-26 05:33:22,0.0,,ida,22 - ALVORADA X J. OCEÂNICO (PARADOR) [IDA],21439.3,79.0
30504,,25,-23.006145,-43.554381,2023-07-26 05:33:25,52.6,,volta,25 - ALVORADA X MATO ALTO (PARADOR) [VOLTA],53645.9,284.0
47031,KYW5240,25,-23.000202,-43.375468,2023-07-26 05:33:23,30.8,,volta,25 - ALVORADA X MATO ALTO (PARADOR) [VOLTA],50909.9,269.0
30533,KWO8120,13,-22.918158,-43.606994,2023-07-26 05:33:30,0.0,,ida,13 - MATO ALTO X ALVORADA (EXPRESSO) [IDA],52595.1,5.0
30538,KXE7719,20,-22.91852,-43.682692,2023-07-26 05:33:29,0.0,,volta,20 - SALVADOR ALLENDE X SANTA CRUZ (EXPRESSO) [VOLTA],55906.5,325.0
13412,KPY9734,0,-22.964632,-43.391762,2023-07-26 04:44:07,0.0,,,,44900.6,
50309,KPN6B05,13,-23.000753,-43.366131,2023-07-26 05:33:28,0.0,,volta,13 - ALVORADA X  MATO ALTO (EXPRESSO) [VOLTA],20092.5,
13423,LSI5976,25,-22.992954,-43.598065,2023-07-26 05:33:20,0.0,,ida,25 - MATO ALTO X ALVORADA (PARADOR) [IDA],41126.5,
13403,LTF5447,18,-23.019138,-43.505842,2023-07-26 05:22:14,0.0,,ida,18 - RECREIO SHOPPING X JARDIM OCEÂNICO (EXPRESSO) [IDA],53265.2,
90002,LMB2D92,19,-22.968577,-43.621553,2023-07-26 05:33:15,16.3,,ida,19 - PINGO D'AGUA X SALVADOR ALLENDE (EXPRESSO) [IDA],55847.8,83.0
47030,LSQ5263,20,-23.002998,-43.424855,2023-07-26 05:33:30,59.2,,ida,20 - SANTA CRUZ X SALVADOR ALLENDE (EXPRESSO) [IDA],53797.6,250.0
30519,LRE9804,11,-22.920074,-43.608092,2023-07-26 05:33:21,0.0,,ida,11 - SANTA CRUZ X ALVORADA (PARADOR) [IDA],51494.8,
13424,KRL4069,11,-22.920492,-43.607167,2023-07-26 05:19:37,0.0,,ida,11 - SANTA CRUZ X ALVORADA (PARADOR),2304.7,
90005,KWK6A89,20,-22.916637,-43.683553,2023-07-26 05:33:15,0.0,,ida,20 - SANTA CRUZ X SALVADOR ALLENDE (EXPRESSO) [IDA],49835.7,28.0
86851,KQO8674,14,-22.917311,-43.607013,2023-07-26 05:33:13,15.0,,ida,14 - SANTA EUGÊNIA X SALVADOR ALLENDE (EXPRESSO) [IDA],12881.9,
86875,KQB4103,12,-22.965916,-43.646887,2023-07-26 05:32:49,21.0,,ida,12 - PINGO D'AGUA X ALVORADA (EXPRESSO) [IDA],13024.0,85.0
30518,KYL8597,25,-23.008403,-43.44372,2023-07-26 05:33:25,0.0,,volta,25 - ALVORADA X MATO ALTO (PARADOR) [VOLTA],37119.4,257.0
902090,,35,-22.986648,-43.365867,2023-07-26 05:33:29,54.7,,ida,35 - MADUREIRA X ALVORADA (PARADOR) [IDA],15092.3,181.0
A994324,LUN4324,0,-22.837275,-43.28582,2023-07-26 04:56:23,0.0,,,,47754.663,238.0
47012,KPZ8364,20,-22.993821,-43.597402,2023-07-26 05:33:18,0.0,,ida,20 - SANTA CRUZ X SALVADOR ALLENDE (EXPRESSO) [IDA],55004.9,132.0
86885,LTB5540,14,-22.951092,-43.650635,2023-07-26 05:33:29,41.0,,ida,14 - SANTA EUGÊNIA X SALVADOR ALLENDE (EXPRESSO) [IDA],514724.3,132.0
13425,KRL4070,20,-22.917365,-43.683169,2023-07-26 05:32:50,0.8,,ida,20 - SANTA CRUZ X SALVADOR ALLENDE (EXPRESSO) [IDA],1201.6,351.0
12738,KRR2404,25,-23.001774,-43.573655,2023-07-26 05:33:23,59.5,,ida,25 - MATO ALTO X ALVORADA (PARADOR) [IDA],37395.4,104.0
86886,LTB5541,14,-23.001161,-43.576413,2023-07-26 05:33:28,58.7,,ida,14 - SANTA EUGÊNIA X SALVADOR ALLENDE (EXPRESSO) [IDA],13104.6,105.0
13428,KXE7712,11,-22.920214,-43.607895,2023-07-26 05:33:15,0.0,,ida,11 - SANTA CRUZ X ALVORADA (PARADOR) [IDA],57799.4,
47006,KWZ8630,18,-23.019114,-43.505896,2023-07-26 05:33:21,0.0,,ida,18 - RECREIO SHOPPING X JARDIM OCEÂNICO (EXPRESSO) [IDA],50888.6,
KXE9191 PKP,KXE9191,0,-23.00067,-43.363632,2023-07-26 05:06:02,0.0,,,,2531.1,
47007,LSP6018,18,-22.920604,-43.607667,2023-07-26 05:33:21,0.0,,ida,18 - RECREIO SHOPPING X JARDIM OCEÂNICO (EXPRESSO) [IDA],42179.7,158.0
13413,KWI9711,25,-23.020981,-43.498283,2023-07-26 05:33:29,40.7,,ida,25 - MATO ALTO X ALVORADA (PARADOR) [IDA],43523.0,97.0
90001,KPZ5E15,19,-23.019175,-43.484932,2023-07-26 05:33:25,51.1,,ida,19 - PINGO D'AGUA X SALVADOR ALLENDE (EXPRESSO) [IDA],44151.2,75.0
901057,,52,-22.861513,-43.399468,2023-07-26 05:33:15,0.0,,ida,52 - SENTIDO ALVORADA (PARADOR) [IDA],51081.7,242.0
86874,KQB4102,20,-22.916642,-43.607022,2023-07-26 05:33:14,0.0,,ida,20 - SANTA CRUZ X SALVADOR ALLENDE (EXPRESSO) [IDA],512859.2,
86879,LTN5696,13,-23.006787,-43.552467,2023-07-26 05:33:28,59.6,,ida,13 - MATO ALTO X ALVORADA (EXPRESSO) [IDA],1817.9,104.0
47011,LRH8889,0,-22.920595,-43.607718,2023-07-26 05:33:32,0.0,,,,39516.1,88.0
47009,KPZ8430,20,-22.921779,-43.608386,2023-07-26 05:33:30,67.1,,ida,20 - SANTA CRUZ X SALVADOR ALLENDE (EXPRESSO) [IDA],54121.0,192.0
47014,KZI4452,19,-22.916254,-43.607184,2023-07-26 05:33:33,0.0,,ida,19 - PINGO D'AGUA X SALVADOR ALLENDE (EXPRESSO) [IDA],38000.2,287.0
30537,KXE7720,12,-22.992324,-43.598777,2023-07-26 05:33:17,0.0,,ida,12 - PINGO D'AGUA X ALVORADA (EXPRESSO) [IDA],51523.0,134.0
50301,KPP5B70,25,-23.007535,-43.545407,2023-07-26 05:32:05,47.5,,volta,25 - ALVORADA X MATO ALTO (PARADOR) [VOLTA],3961.0,268.0
47018,LRS2843,0,-22.915497,-43.61684,2023-07-26 05:33:17,33.7,,,,32976.3,281.0
44713,KPZ3559,20,-22.919121,-43.607026,2023-07-26 05:33:29,0.0,,ida,20 - SANTA CRUZ X SALVADOR ALLENDE (EXPRESSO) [IDA],29573.3,
13401,KQO7822,19,-23.020624,-43.499311,2023-07-26 05:33:16,46.0,,volta,19 - SALVADOR ALLENDE X PINGO D'AGUA (EXPRESSO) [VOLTA],53657.4,278.0
13421,KWO8119,10,-22.920261,-43.608219,2023-07-26 05:33:17,0.0,,ida,10 - SANTA CRUZ X ALVORADA (EXPRESSO) [IDA],14957.8,
27174,KQP5437,13,-23.007548,-43.4394,2023-07-26 05:33:20,23.9,,ida,13 - MATO ALTO X ALVORADA (EXPRESSO) [IDA],18890.4,73.0
47026,KYA7928,10,-22.920584,-43.608013,2023-07-26 05:33:31,0.0,,ida,10 - SANTA CRUZ X ALVORADA (EXPRESSO) [IDA],32900.199,
86889,KRQ6878,10,-23.000893,-43.367123,2023-07-26 05:33:18,0.0,,volta,10 - ALVORADA X SANTA CRUZ (EXPRESSO) [VOLTA],514962.4,
12724,LMJ1118,18,-23.000297,-43.367409,2023-07-26 05:33:17,42.8,,ida,18 - RECREIO SHOPPING X JARDIM OCEÂNICO (EXPRESSO) [IDA],9657.5,90.0
27209,LSL9B07,25,-23.013299,-43.461925,2023-07-26 05:33:32,54.8,,ida,25 - MATO ALTO X ALVORADA (PARADOR) [IDA],10089.4,75.0
27176,LRK9563,18,-23.003115,-43.424106,2023-07-26 05:33:29,51.9,,ida,18 - RECREIO SHOPPING X JARDIM OCEÂNICO (EXPRESSO) [IDA],13519.0,71.0
30511,KPV2250,13,-22.994015,-43.59625,2023-07-26 05:32:51,0.0,,ida,13 - MATO ALTO X ALVORADA (EXPRESSO) [IDA],49460.8,298.0
13427,KXE7711,0,-22.916562,-43.607103,2023-07-26 05:33:08,0.2,,,,51856.6,358.0
12725,LMJ1327,25,-22.992508,-43.598345,2023-07-26 05:33:28,0.0,,ida,25 - MATO ALTO X ALVORADA (PARADOR) [IDA],39261.3,
13404,KQO7823,20,-23.00959,-43.448604,2023-07-26 05:33:24,35.7,,volta,20 - SALVADOR ALLENDE X SANTA CRUZ (EXPRESSO) [VOLTA],56113.5,256.0
47022,KRM7701,10,-22.94093,-43.664038,2023-07-26 05:33:29,58.2,,volta,10 - ALVORADA X SANTA CRUZ (EXPRESSO) [VOLTA],12967.9,288.0
13422,LSI5978,20,-23.01065,-43.451495,2023-07-26 05:33:31,32.4,,ida,20 - SANTA CRUZ X SALVADOR ALLENDE (EXPRESSO) [IDA],40402.0,75.0
12730,LSO8993,19,-22.964414,-43.647599,2023-07-26 05:32:48,14.8,,ida,19 - PINGO D'AGUA X SALVADOR ALLENDE (EXPRESSO) [IDA],9272.8,262.0
86872,LSH7386,13,-23.015612,-43.470936,2023-07-26 05:33:29,0.1,,ida,13 - MATO ALTO X ALVORADA (EXPRESSO) [IDA],22430.3,75.0
12714,KXC7431,0,-22.919476,-43.607739,2023-07-26 05:21:31,0.0,,,,39737.7,
47017,LRS2841,20,-23.011252,-43.533441,2023-07-26 05:32:42,59.1,,ida,20 - SANTA CRUZ X SALVADOR ALLENDE (EXPRESSO) [IDA],47916.1,96.0
86859,KWJ9250,19,-23.003021,-43.424736,2023-07-26 05:33:31,23.7,,ida,19 - PINGO D'AGUA X SALVADOR ALLENDE (EXPRESSO) [IDA],18707.6,251.0
30509,KYM4574,13,-23.009337,-43.447593,2023-07-26 05:33:15,14.7,,volta,13 - ALVORADA X  MATO ALTO (EXPRESSO) [VOLTA],53053.1,254.0
12710,KRO9724,13,-22.99358,-43.597673,2023-07-26 05:33:18,0.0,,ida,13 - MATO ALTO X ALVORADA (EXPRESSO) [IDA],38381.1,181.0
12720,KXD9430,20,-23.002792,-43.568308,2023-07-26 05:33:18,58.5,,volta,20 - SALVADOR ALLENDE X SANTA CRUZ (EXPRESSO) [VOLTA],21782.9,284.0
12712,LSN8501,19,-22.920749,-43.607926,2023-07-26 05:21:55,0.0,,ida,19 - PINGO D'AGUA X SALVADOR ALLENDE (EXPRESSO) [IDA],31093.7,
13407,KPY9732,18,-23.008843,-43.44439,2023-07-26 05:33:31,0.0,,ida,18 - RECREIO SHOPPING X JARDIM OCEÂNICO (EXPRESSO) [IDA],45442.4,74.0
30525,LRC6596,0,-23.000707,-43.367209,2023-07-26 05:33:28,0.0,,,,53689.1,
30521,LRC6594,19,-22.965972,-43.64708,2023-07-26 05:15:15,32.3,,ida,19 - PINGO D'AGUA X SALVADOR ALLENDE (EXPRESSO) [IDA],34826.8,84.0
30542,KXE7717,12,-23.000852,-43.367612,2023-07-26 05:01:57,0.0,,volta,12 - ALVORADA X PINGO D'AGUA (EXPRESSO) [VOLTA],52940.3,
12733,KRQ4900,0,-22.919829,-43.608492,2023-07-26 05:03:39,0.0,,,,18657.0,
30514,KYL8595,11,-22.920715,-43.607907,2023-07-26 05:33:31,0.0,,ida,11 - SANTA CRUZ X ALVORADA (PARADOR) [IDA],38408.7,110.0
86884,LSP9604,20,-23.000917,-43.367706,2023-07-26 05:19:08,0.0,,ida,20 - SANTA CRUZ X SALVADOR ALLENDE (EXPRESSO) [IDA],15305.3,133.0
12734,LSP8673,11,-22.918882,-43.607511,2023-07-26 05:33:28,0.0,,ida,11 - SANTA CRUZ X ALVORADA (PARADOR) [IDA],16895.4,
KWB9798 - APOIO VAN,KWB9798,0,-23.000784,-43.364958,2023-07-26 05:15:29,0.0,,,,3223.5,
90006,LRH6D12,20,-22.916865,-43.68349,2023-07-26 05:33:14,0.0,,ida,20 - SANTA CRUZ X SALVADOR ALLENDE (EXPRESSO) [IDA],29710.9,342.0
30531,LRC6592,19,-22.965966,-43.647212,2023-07-26 05:21:24,24.1,,ida,19 - PINGO D'AGUA X SALVADOR ALLENDE (EXPRESSO) [IDA],40608.7,86.0
30524,LRC6601,25,-23.000515,-43.389688,2023-07-26 05:33:20,19.0,,ida,25 - MATO ALTO X ALVORADA (PARADOR) [IDA],29244.1,93.0
86870,LSC9364,0,-22.919654,-43.608503,2023-07-26 05:01:47,0.0,,,,3175.4,
13415,KQK7905,25,-23.000652,-43.366305,2023-07-26 05:33:23,0.0,,volta,25 - ALVORADA X MATO ALTO (PARADOR) [VOLTA],45135.0,
901002,,22,-23.000918,-43.365197,2023-07-26 05:33:27,0.0,,ida,22 - ALVORADA X J. OCEÂNICO (PARADOR) [IDA],17407.5,231.0
902103,,35,-22.876383,-43.330406,2023-07-26 04:44:13,0.0,,ida,35 - MADUREIRA X ALVORADA (PARADOR) [IDA],12129.5,
B13,KYM5979,14,-22.916651,-43.631943,2023-07-26 05:28:09,0.0,,ida,14 - SANTA EUGÊNIA X SALVADOR ALLENDE (EXPRESSO) [IDA],1188.5,
B16,LSI3468,14,-22.9615,-43.647908,2023-07-26 05:33:09,0.0,,ida,14 - SANTA EUGÊNIA X SALVADOR ALLENDE (EXPRESSO) [IDA],1124.0,158.0
B35,LTI1196,14,-22.961498,-43.648138,2023-07-26 05:33:21,0.0,,ida,14 - SANTA EUGÊNIA X SALVADOR ALLENDE (EXPRESSO) [IDA],1073.4,148.0
B17,KWY8231,14,-22.954322,-43.649421,2023-07-26 05:33:20,59.3,,ida,14 - SANTA EUGÊNIA X SALVADOR ALLENDE (EXPRESSO) [IDA],1236.7,3.0
B18,KRK9729,14,-22.961429,-43.648466,2023-07-26 05:02:26,0.0,,ida,14 - SANTA EUGÊNIA X SALVADOR ALLENDE (EXPRESSO) [IDA],1124.5,
B20,LMH6141,14,-23.015512,-43.471505,2023-07-26 05:31:23,41.2,,volta,14 - SALVADOR ALLENDE x SANTA EUGÊNIA (EXPRESSO) [VOLTA],1177.6,254.0
B19,KZJ7238,14,-22.916566666666668,-43.631663333333336,2023-07-26 05:33:14,0.0,,ida,14 - SANTA EUGÊNIA X SALVADOR ALLENDE (EXPRESSO) [IDA],104993.2,225.0
B32,KYR8913,14,-22.961444,-43.648623,2023-07-26 05:01:28,0.0,,ida,14 - SANTA EUGÊNIA X SALVADOR ALLENDE (EXPRESSO) [IDA],208.5,
B14,KRK9519,14,-22.917666,-43.63803,2023-07-26 05:33:18,40.6,,volta,14 - SALVADOR ALLENDE x SANTA EUGÊNIA (EXPRESSO) [VOLTA],1199.9,65.0
B11,KRK9516,14,-22.964132,-43.647789,2023-07-26 05:30:39,10.5,,ida,14 - SANTA EUGÊNIA X SALVADOR ALLENDE (EXPRESSO) [IDA],1228.5,179.0
B12,LMH5981,14,-22.935845,-43.667033,2023-07-26 05:27:19,11.8,,ida,14 - SANTA EUGÊNIA X SALVADOR ALLENDE (EXPRESSO) [IDA],1154.9,180.0
B24,LSO7028,14,-23.010731,-43.451798,2023-07-26 05:33:19,35.9,,ida,14 - SANTA EUGÊNIA X SALVADOR ALLENDE (EXPRESSO) [IDA],1213.4,78.0
B25,,14,-23.019447,-43.486794,2023-07-26 05:33:32,1.3,,ida,14 - SANTA EUGÊNIA X SALVADOR ALLENDE (EXPRESSO) [IDA],1129.3,58.0
B28,KQP5E29,14,-22.916734,-43.632929,2023-07-26 05:33:17,0.0,,ida,14 - SANTA EUGÊNIA X SALVADOR ALLENDE (EXPRESSO) [IDA],1141.9,234.0
B40,,14,-22.933474,-43.662083,2023-07-26 05:33:20,5.9,,ida,14 - SANTA EUGÊNIA X SALVADOR ALLENDE (EXPRESSO) [IDA],753.5,224.0
B41,,14,-22.927674,-43.653101,2023-07-26 05:33:31,40.1,,ida,14 - SANTA EUGÊNIA X SALVADOR ALLENDE (EXPRESSO) [IDA],1180.8,208.0
901001,RJD7J89,22,-23.00104,-43.365518,2023-07-26 05:33:13,0.0,,ida,22 - ALVORADA X J. OCEÂNICO (PARADOR) [IDA],17343.1,
B47,,14,-22.997368,-43.592074,2023-07-26 05:33:26,57.1,,ida,14 - SANTA EUGÊNIA X SALVADOR ALLENDE (EXPRESSO) [IDA],1194.3,109.0
B048,,14,-22.916505,-43.631443,2023-07-26 05:33:27,0.0,,ida,14 - SANTA EUGÊNIA X SALVADOR ALLENDE (EXPRESSO) [IDA],1167.9,258.0
B50,,14,-22.961396,-43.648458,2023-07-26 05:02:13,0.0,,ida,14 - SANTA EUGÊNIA X SALVADOR ALLENDE (EXPRESSO) [IDA],1020.5,
B52,,14,-22.961486,-43.648522,2023-07-26 05:02:24,0.0,,ida,14 - SANTA EUGÊNIA X SALVADOR ALLENDE (EXPRESSO) [IDA],1067.6,
B54,,14,-22.941872,-43.637361,2023-07-26 05:33:14,56.2,,ida,14 - SANTA EUGÊNIA X SALVADOR ALLENDE (EXPRESSO) [IDA],1179.6,37.0
B55,,14,-23.002994,-43.567693,2023-07-26 05:33:18,58.3,,volta,14 - SALVADOR ALLENDE x SANTA EUGÊNIA (EXPRESSO) [VOLTA],1169.9,285.0
B53,,14,-22.991032,-43.600449,2023-07-26 05:33:27,57.0,,ida,14 - SANTA EUGÊNIA X SALVADOR ALLENDE (EXPRESSO) [IDA],1210.7,121.0
B51,,14,-22.968625,-43.635929,2023-07-26 05:33:20,59.0,,volta,14 - SALVADOR ALLENDE x SANTA EUGÊNIA (EXPRESSO) [VOLTA],1251.3,288.0
901050,,53,-22.964994,-43.391744,2023-07-26 04:44:56,0.0,,ida,53 - SENTIDO ALVORADA (EXPRESSO) [IDA],24380.4,
901077,,52,-22.862066,-43.400438,2023-07-26 05:33:16,0.0,,ida,52 - SENTIDO ALVORADA (PARADOR) [IDA],26526.3,
903045,,17,-22.920185,-43.607828,2023-07-26 05:07:21,0.8,,ida,17 - SANTA CRUZ X CAMPO GRANDE (PARADOR) [IDA],25844.0,171.0
902119,,35,-22.87879,-43.33643,2023-07-26 05:33:21,0.0,,ida,35 - MADUREIRA X ALVORADA (PARADOR) [IDA],7697.6,
901058,,51,-22.861883,-43.400246,2023-07-26 05:33:25,0.0,,ida,51 - SENTIDO RECREIO (PARADOR) [IDA],44210.2,230.0
902105,,31,-22.876823,-43.330267,2023-07-26 05:33:18,0.0,,ida,31 - VICENTE DE CARVALHO X ALVORADA (SEMIDIRETO) [IDA],10187.9,
901071,,22,-22.921043,-43.396973,2023-07-26 05:33:20,58.2,,ida,22 - ALVORADA X J. OCEÂNICO (PARADOR) [IDA],43447.1,20.0
903027,,50,-23.001398,-43.366839,2023-07-26 05:33:19,17.4,,ida,50 - SENTIDO JD. OCEANICO (PARADOR) [IDA],49621.6,86.0
901066,,52,-22.866633,-43.410301,2023-07-26 05:33:21,58.7,,volta,52 - SENTIDO V. MILITAR (PARADOR) [VOLTA],50025.0,64.0
903026,,50,-23.000077,-43.349418,2023-07-26 05:33:23,53.1,,volta,50 - SENTIDO T. OLIMPICO (PARADOR) [VOLTA],48965.5,271.0
903029,,50,-22.973273,-43.394758,2023-07-26 05:33:21,58.9,,ida,50 - SENTIDO JD. OCEANICO (PARADOR) [IDA],33515.9,90.0
902116,,35,-22.973361,-43.370123,2023-07-26 05:33:22,59.5,,volta,35 - ALVORADA  X  MADUREIRA (PARADOR) [VOLTA],11184.1,270.0
902115,,35,-22.9293,-43.373407,2023-07-26 05:33:14,9.4,,volta,35 - ALVORADA  X  MADUREIRA (PARADOR) [VOLTA],14873.8,355.0
903028,,50,-22.876208,-43.3295,2023-07-26 05:11:20,0.0,,ida,50 - SENTIDO JD. OCEANICO (PARADOR) [IDA],31655.2,
901061,,51,-22.862107,-43.400702,2023-07-26 05:33:17,0.0,,ida,51 - SENTIDO RECREIO (PARADOR) [IDA],43316.3,228.0
903030,,50,-22.972441,-43.401003,2023-07-26 05:33:27,0.0,,ida,50 - SENTIDO JD. OCEANICO (PARADOR) [IDA],40967.7,178.0
901051,,22,-22.9645,-43.391744,2023-07-26 05:00:45,0.0,,ida,22 - ALVORADA X J. OCEÂNICO (PARADOR) [IDA],39131.2,
901064,,22,-22.965198,-43.39174,2023-07-26 05:30:19,0.0,,ida,22 - ALVORADA X J. OCEÂNICO (PARADOR) [IDA],48930.6,151.0
902107,,31,-22.8766,-43.329839,2023-07-26 04:42:18,0.0,,ida,31 - VICENTE DE CARVALHO X ALVORADA (SEMIDIRETO) [IDA],9144.7,87.0
901073,,51,-22.973292,-43.38292,2023-07-26 05:33:19,10.7,,ida,51 - SENTIDO RECREIO (PARADOR) [IDA],41867.1,91.0
901048,,51,-23.00764,-43.4384,2023-07-26 05:33:33,32.7,,volta,51 - SENTIDO V. MILITAR (PARADOR) [VOLTA],26350.4,52.0
901065,,52,-22.935653,-43.39558,2023-07-26 05:33:28,61.3,,ida,52 - SENTIDO ALVORADA (PARADOR) [IDA],35408.2,170.0
903031,,38,-22.932803,-43.372946,2023-07-26 05:33:14,37.4,,ida,38 - FUNDÃO X ALVORADA (PARADOR) [IDA],40612.3,158.0
903032,,42,-22.843227,-43.238988,2023-07-26 05:33:30,56.7,,volta,42 - MADUREIRA MANANCEIA X GALEAO (PARADOR) [VOLTA],42720.9,341.0
901075,,51,-22.938582,-43.394997,2023-07-26 05:33:17,59.8,,volta,51 - SENTIDO V. MILITAR (PARADOR) [VOLTA],49016.3,171.0
903055,,17,-22.923978,-43.648992,2023-07-26 05:33:21,51.7,,ida,17 - SANTA CRUZ X CAMPO GRANDE (PARADOR) [IDA],18915.3,45.0
902112,,31,-22.876406,-43.329783,2023-07-26 05:15:47,0.0,,ida,31 - VICENTE DE CARVALHO X ALVORADA (SEMIDIRETO) [IDA],11288.7,
903037,,17,-22.910493,-43.58326,2023-07-26 05:33:27,28.4,,ida,17 - SANTA CRUZ X CAMPO GRANDE (PARADOR) [IDA],20715.5,62.0
903002,,42,-22.847396,-43.305134,2023-07-26 05:33:15,34.0,,volta,42 - MADUREIRA MANANCEIA X GALEAO (PARADOR) [VOLTA],6978.9,51.0
901080,,53,-23.001406,-43.366324,2023-07-26 05:33:13,0.0,,volta,53 - SENTIDO SULACAP (EXPRESSO) [VOLTA],31293.4,91.0
902110,,35,-22.917221,-43.363034,2023-07-26 05:33:31,40.6,,volta,35 - ALVORADA  X  MADUREIRA (PARADOR) [VOLTA],8843.4,57.0
902114,,35,-22.881037,-43.341753,2023-07-26 05:33:23,41.0,,ida,35 - MADUREIRA X ALVORADA (PARADOR) [IDA],8979.3,189.0
902078,,31,-22.852194,-43.312081,2023-07-26 05:33:14,15.4,,ida,31 - VICENTE DE CARVALHO X ALVORADA (SEMIDIRETO) [IDA],10287.4,48.0
902111,,35,-22.876348,-43.330048,2023-07-26 05:33:30,0.0,,ida,35 - MADUREIRA X ALVORADA (PARADOR) [IDA],10289.6,
902025,,35,-22.876778,-43.330217,2023-07-26 04:57:40,0.0,,ida,35 - MADUREIRA X ALVORADA (PARADOR) [IDA],9822.0,
903054,,17,-22.918182,-43.683084,2023-07-26 05:33:20,0.0,,ida,17 - SANTA CRUZ X CAMPO GRANDE (PARADOR) [IDA],17679.3,326.0
903021,,42,-22.879021,-43.337838,2023-07-26 05:33:28,44.2,,volta,42 - MADUREIRA MANANCEIA X GALEAO (PARADOR) [VOLTA],34636.1,270.0
903056,,17,-22.923243,-43.67937,2023-07-26 05:33:19,26.4,,ida,17 - SANTA CRUZ X CAMPO GRANDE (PARADOR) [IDA],14657.5,168.0
903000,,50,-22.971431,-43.400904,2023-07-26 05:33:22,12.3,,ida,50 - SENTIDO JD. OCEANICO (PARADOR) [IDA],31898.7,261.0
903058,,17,-22.917841,-43.683263,2023-07-26 05:33:14,0.0,,ida,17 - SANTA CRUZ X CAMPO GRANDE (PARADOR) [IDA],9174.6,329.0
901072,,52,-23.001406,-43.366492,2023-07-26 05:33:18,9.1,,volta,52 - SENTIDO V. MILITAR (PARADOR) [VOLTA],38639.1,94.0
902045,,31,-22.913289,-43.360543,2023-07-26 05:33:19,61.7,,ida,31 - VICENTE DE CARVALHO X ALVORADA (SEMIDIRETO) [IDA],6837.2,188.0
903007,,50,-22.971963,-43.401221,2023-07-26 05:33:29,5.3,,ida,50 - SENTIDO JD. OCEANICO (PARADOR) [IDA],41368.6,172.0
903004,,42,-22.877377,-43.336136,2023-07-26 05:33:30,0.0,,volta,42 - MADUREIRA MANANCEIA X GALEAO (PARADOR) [VOLTA],39210.7,40.0
903006,,42,-22.839788,-43.239518,2023-07-26 05:33:19,0.0,,ida,42 - GALEÃO X MADUREIRA MANANCEIA (PARADOR) [IDA],46397.1,140.0
903005,,42,-22.83893,-43.295239,2023-07-26 05:33:20,0.0,,ida,42 - GALEÃO X MADUREIRA MANANCEIA (PARADOR) [IDA],38831.0,224.0
903022,,50,-22.972317,-43.401049,2023-07-26 05:33:22,0.0,,ida,50 - SENTIDO JD. OCEANICO (PARADOR) [IDA],37742.3,189.0
903035,,17,-22.917305,-43.636415,2023-07-26 05:33:22,46.8,,ida,17 - SANTA CRUZ X CAMPO GRANDE (PARADOR) [IDA],19578.2,78.0
901059,,51,-22.865765,-43.408463,2023-07-26 05:33:15,59.2,,volta,51 - SENTIDO V. MILITAR (PARADOR) [VOLTA],48373.5,62.0
903003,,42,-22.856705,-43.256527,2023-07-26 05:33:26,32.5,,volta,42 - MADUREIRA MANANCEIA X GALEAO (PARADOR) [VOLTA],41719.8,39.0
901019,,22,-23.000912,-43.366411,2023-07-26 05:23:41,11.4,,ida,22 - ALVORADA X J. OCEÂNICO (PARADOR) [IDA],32124.4,41.0
901020,,22,-23.000957,-43.365904,2023-07-26 05:33:17,0.0,,ida,22 - ALVORADA X J. OCEÂNICO (PARADOR) [IDA],25521.9,
901021,,40,-23.000621,-43.365734,2023-07-26 05:09:29,0.0,,volta,40 - ALVORADA X PAULO DA PORTELA (EXPRESSO) [VOLTA],17611.0,91.0
901022,,22,-23.000987,-43.365005,2023-07-26 05:33:15,0.0,,ida,22 - ALVORADA X J. OCEÂNICO (PARADOR) [IDA],18622.0,265.0
901024,,22,-23.000885,-43.366257,2023-07-26 05:33:21,0.0,,ida,22 - ALVORADA X J. OCEÂNICO (PARADOR) [IDA],20663.0,242.0
901025,,51,-22.974716,-43.404786,2023-07-26 05:33:16,58.5,,ida,51 - SENTIDO RECREIO (PARADOR) [IDA],40730.6,215.0
901027,,51,-22.876179,-43.405059,2023-07-26 05:33:32,16.5,,ida,51 - SENTIDO RECREIO (PARADOR) [IDA],25993.1,148.0
901028,,40,-23.001368,-43.366704,2023-07-26 05:33:31,17.4,,volta,40 - ALVORADA X PAULO DA PORTELA (EXPRESSO) [VOLTA],23793.4,92.0
901030,,40,-22.8881,-43.345737,2023-07-26 05:33:21,57.1,,ida,40 - PAULO DA PORTELA X ALVORADA (EXPRESSO) [IDA],21838.3,221.0
901031,,46,-22.965156,-43.391547,2023-07-26 05:32:28,0.0,,ida,46 - PENHA X ALVORADA (EXPRESSO) [IDA],24483.6,
901032,,40,-22.918283,-43.364906,2023-07-26 05:33:18,38.6,,ida,40 - PAULO DA PORTELA X ALVORADA (EXPRESSO) [IDA],25302.0,239.0
901033,,40,-22.964504,-43.392015,2023-07-26 04:41:32,0.0,,ida,40 - PAULO DA PORTELA X ALVORADA (EXPRESSO) [IDA],26774.3,
901034,,40,-22.877901,-43.336272,2023-07-26 05:33:24,0.0,,ida,40 - PAULO DA PORTELA X ALVORADA (EXPRESSO) [IDA],27526.3,
901035,,22,-22.965695,-43.391352,2023-07-26 05:16:00,0.0,,ida,22 - ALVORADA X J. OCEÂNICO (PARADOR) [IDA],26023.0,
901036,,52,-22.880009,-43.341723,2023-07-26 05:33:33,19.4,,ida,52 - SENTIDO ALVORADA (PARADOR) [IDA],22818.0,359.0
901037,,52,-22.964737,-43.391949,2023-07-26 04:45:22,0.0,,ida,52 - SENTIDO ALVORADA (PARADOR) [IDA],20007.6,
901038,,22,-22.960141,-43.389597,2023-07-26 05:33:21,49.7,,ida,22 - ALVORADA X J. OCEÂNICO (PARADOR) [IDA],27358.1,53.0
901040,,41,-22.954753,-43.376556,2023-07-26 05:33:33,55.9,,volta,41 - TERMINAL RECREIO X PAULO DA PORTELA (EXPRESSO) [VOLTA],29564.5,47.0
901041,,22,-22.965053,-43.392022,2023-07-26 05:33:25,0.0,,ida,22 - ALVORADA X J. OCEÂNICO (PARADOR) [IDA],26160.5,
901042,,53,-22.965507,-43.391614,2023-07-26 05:33:28,0.0,,ida,53 - SENTIDO ALVORADA (EXPRESSO) [IDA],29893.6,
901054,,40,-22.964638,-43.391689,2023-07-26 05:00:26,0.0,,ida,40 - PAULO DA PORTELA X ALVORADA (EXPRESSO) [IDA],21336.9,
903009,,42,-22.862176,-43.331024,2023-07-26 05:33:28,41.2,,ida,42 - GALEÃO X MADUREIRA MANANCEIA (PARADOR) [IDA],47202.4,219.0
903010,,42,-22.839902,-43.239403,2023-07-26 05:33:23,0.0,,ida,42 - GALEÃO X MADUREIRA MANANCEIA (PARADOR) [IDA],43702.4,143.0
903011,,42,-22.813867,-43.244432,2023-07-26 05:33:31,27.3,,ida,42 - GALEÃO X MADUREIRA MANANCEIA (PARADOR) [IDA],45350.9,287.0
903012,,42,-22.861204,-43.330067,2023-07-26 05:33:33,11.0,,volta,42 - MADUREIRA MANANCEIA X GALEAO (PARADOR) [VOLTA],47962.7,46.0
903015,,42,-22.839865,-43.239552,2023-07-26 05:33:16,0.0,,ida,42 - GALEÃO X MADUREIRA MANANCEIA (PARADOR) [IDA],47876.8,323.0
903016,,42,-22.839082,-43.24092,2023-07-26 05:33:25,21.7,,ida,42 - GALEÃO X MADUREIRA MANANCEIA (PARADOR) [IDA],42548.3,62.0
903017,,50,-23.006512,-43.313558,2023-07-26 05:33:27,0.0,,volta,50 - SENTIDO T. OLIMPICO (PARADOR) [VOLTA],44917.2,272.0
903018,,38,-22.877009,-43.330235,2023-07-26 05:05:06,0.0,,ida,38 - FUNDÃO X ALVORADA (PARADOR) [IDA],11282.2,165.0
903020,,50,-23.000509,-43.336739,2023-07-26 05:33:28,59.0,,ida,50 - SENTIDO JD. OCEANICO (PARADOR) [IDA],43853.4,94.0
903024,,42,-22.879004,-43.341119,2023-07-26 05:33:23,0.0,,ida,42 - GALEÃO X MADUREIRA MANANCEIA (PARADOR) [IDA],38024.7,168.0
903025,,50,-23.000992,-43.365375,2023-07-26 05:33:22,17.8,,volta,50 - SENTIDO T. OLIMPICO (PARADOR) [VOLTA],39466.8,264.0
903013,,42,-22.85178,-43.248537,2023-07-26 05:33:31,45.3,,ida,42 - GALEÃO X MADUREIRA MANANCEIA (PARADOR) [IDA],44484.3,170.0
903014,,38,-22.972211,-43.401114,2023-07-26 05:33:30,0.0,,ida,38 - FUNDÃO X ALVORADA (PARADOR) [IDA],51739.0,133.0
901053,,22,-22.965117,-43.391532,2023-07-26 05:08:49,0.0,,ida,22 - ALVORADA X J. OCEÂNICO (PARADOR) [IDA],19781.0,
901060,,51,-22.944321,-43.394262,2023-07-26 05:33:15,54.6,,volta,51 - SENTIDO V. MILITAR (PARADOR) [VOLTA],24793.5,354.0
903052,,17,-22.907115,-43.570578,2023-07-26 05:13:45,0.0,,ida,17 - SANTA CRUZ X CAMPO GRANDE (PARADOR) [IDA],21801.7,96.0
903060,,17,-22.920253,-43.607571,2023-07-26 04:43:07,0.0,,ida,17 - SANTA CRUZ X CAMPO GRANDE (PARADOR) [IDA],20533.0,
903063,,17,-22.920267,-43.608153,2023-07-26 05:33:27,0.0,,ida,17 - SANTA CRUZ X CAMPO GRANDE (PARADOR) [IDA],21497.7,
901000,,22,-23.000179,-43.366313,2023-07-26 05:33:25,24.1,,ida,22 - ALVORADA X J. OCEÂNICO (PARADOR) [IDA],30204.1,94.0
902113,,31,-22.877073,-43.336037,2023-07-26 05:33:17,8.3,,ida,31 - VICENTE DE CARVALHO X ALVORADA (SEMIDIRETO) [IDA],8858.2,205.0
902118,,31,-22.850734,-43.309045,2023-07-26 05:33:17,0.0,,ida,31 - VICENTE DE CARVALHO X ALVORADA (SEMIDIRETO) [IDA],7646.3,3.0
902117,,31,-22.969944,-43.39005,2023-07-26 05:33:21,52.0,,ida,31 - VICENTE DE CARVALHO X ALVORADA (SEMIDIRETO) [IDA],10258.4,128.0
901052,,51,-22.964312,-43.391752,2023-07-26 05:23:01,0.0,,volta,51 - SENTIDO V. MILITAR (PARADOR) [VOLTA],20219.3,
901044,,40,-22.980225,-43.365684,2023-07-26 05:33:19,57.0,,ida,40 - PAULO DA PORTELA X ALVORADA (EXPRESSO) [IDA],29611.6,178.0
903033,,42,-22.85832,-43.32943,2023-07-26 05:33:25,45.0,,ida,42 - GALEÃO X MADUREIRA MANANCEIA (PARADOR) [IDA],36579.7,189.0
902049,,46,-22.85431,-43.251867,2023-07-26 05:33:17,0.0,,ida,46 - PENHA X ALVORADA (EXPRESSO) [IDA],36014.9,
902020,,46,-22.839296,-43.295958,2023-07-26 05:33:30,15.5,,ida,46 - PENHA X ALVORADA (EXPRESSO) [IDA],31642.5,235.0
902022,,46,-22.896991,-43.351759,2023-07-26 05:33:16,33.7,,ida,46 - PENHA X ALVORADA (EXPRESSO) [IDA],30794.3,217.0
901092,,22,-22.964666,-43.391703,2023-07-26 04:37:20,0.0,,ida,22 - ALVORADA X J. OCEÂNICO (PARADOR) [IDA],2414.0,
901093,,51,-22.862286,-43.401037,2023-07-26 05:33:23,0.0,,ida,51 - SENTIDO RECREIO (PARADOR) [IDA],27803.3,239.0
902059,,43,-22.874087,-43.335525,2023-07-26 05:33:29,37.9,,volta,43 - SANTA EFIGENIA X FUNDÃO (EXPRESSO) [VOLTA],35722.2,331.0
901091,,51,-23.003658,-43.433946,2023-07-26 05:33:20,38.7,,ida,51 - SENTIDO RECREIO (PARADOR) [IDA],31139.5,222.0
901096,,51,-22.972948,-43.397361,2023-07-26 05:33:25,45.3,,volta,51 - SENTIDO V. MILITAR (PARADOR) [VOLTA],34300.6,271.0
901086,,53,-22.912856,-43.400525,2023-07-26 05:32:56,51.9,,ida,53 - SENTIDO ALVORADA (EXPRESSO) [IDA],48380.7,326.0
902032,,46,-23.00134,-43.364745,2023-07-26 05:33:24,0.0,,volta,46 - ALVORADA X PENHA (EXPRESSO) [VOLTA],36296.9,
901094,,0,-22.864148,-43.404986,2023-07-26 05:33:15,44.1,,,,32761.9,68.0
902027,,43,-22.927106,-43.373588,2023-07-26 05:33:31,30.0,,volta,43 - SANTA EFIGENIA X FUNDÃO (EXPRESSO) [VOLTA],32883.199,352.0
902031,,41,-22.854586,-43.251019,2023-07-26 05:33:29,0.0,,volta,41 - TERMINAL RECREIO X PAULO DA PORTELA (EXPRESSO) [VOLTA],34805.8,
902029,,46,-22.854239,-43.25182,2023-07-26 05:33:23,0.0,,ida,46 - PENHA X ALVORADA (EXPRESSO) [IDA],35412.3,
902018,,40,-22.945559,-43.372039,2023-07-26 05:33:20,55.1,,ida,40 - PAULO DA PORTELA X ALVORADA (EXPRESSO) [IDA],23648.6,167.0
902046,,46,-22.935557,-43.371796,2023-07-26 05:33:20,0.0,,ida,46 - PENHA X ALVORADA (EXPRESSO) [IDA],33384.3,158.0
12715,,20,-22.918343,-43.683021,2023-07-26 05:33:24,0.0,,ida,20 - SANTA CRUZ X SALVADOR ALLENDE (EXPRESSO) [IDA],42389.1,
902010,,40,-22.955652,-43.37775,2023-07-26 05:33:20,58.9,,ida,40 - PAULO DA PORTELA X ALVORADA (EXPRESSO) [IDA],10960.2,53.0
902026,,41,-22.854169,-43.25165,2023-07-26 05:33:18,0.0,,volta,41 - TERMINAL RECREIO X PAULO DA PORTELA (EXPRESSO) [VOLTA],33962.4,
901089,,0,-22.965186,-43.391693,2023-07-26 05:33:26,0.0,,,,45838.9,
901062,,51,-22.980888,-43.409515,2023-07-26 05:33:23,33.1,,volta,51 - SENTIDO V. MILITAR (PARADOR) [VOLTA],46941.5,36.0
902033,,43,-22.854319,-43.25199,2023-07-26 05:27:30,0.0,,volta,43 - SANTA EFIGENIA X FUNDÃO (EXPRESSO) [VOLTA],33362.199,302.0
902053,,46,-22.85454,-43.251254,2023-07-26 05:33:18,0.0,,ida,46 - PENHA X ALVORADA (EXPRESSO) [IDA],33488.9,
E902000,,41,-22.86782,-43.334912,2023-07-26 05:33:25,59.6,,volta,41 - TERMINAL RECREIO X PAULO DA PORTELA (EXPRESSO) [VOLTA],10395.4,191.0
901067,,52,-22.945443,-43.394089,2023-07-26 05:33:32,59.1,,volta,52 - SENTIDO V. MILITAR (PARADOR) [VOLTA],41780.1,343.0
E902004,,41,-22.856938,-43.256751,2023-07-26 05:33:20,18.1,,volta,41 - TERMINAL RECREIO X PAULO DA PORTELA (EXPRESSO) [VOLTA],13270.0,219.0
12713,,18,-23.006834,-43.312375,2023-07-26 05:33:31,0.0,,volta,18 - JARDIM OCEÂNICO X RECREIO SHOPPING (EXPRESSO) [VOLTA],35268.6,56.0
12705,,11,-22.919648,-43.608312,2023-07-26 05:00:55,0.0,,ida,11 - SANTA CRUZ X ALVORADA (PARADOR) [IDA],29635.3,
902062,,46,-22.841281,-43.276241,2023-07-26 05:33:19,0.0,,ida,46 - PENHA X ALVORADA (EXPRESSO) [IDA],33296.8,
902048,,46,-22.882217,-43.341858,2023-07-26 05:33:21,30.4,,volta,46 - ALVORADA X PENHA (EXPRESSO) [VOLTA],23978.0,10.0
44705,,0,-22.919558,-43.607556,2023-07-26 05:00:13,0.0,,,,12732.1,
902058,,46,-22.854166,-43.251918,2023-07-26 05:33:14,0.0,,ida,46 - PENHA X ALVORADA (EXPRESSO) [IDA],34575.2,
902021,,46,-22.85481,-43.252025,2023-07-26 04:57:52,0.0,,ida,46 - PENHA X ALVORADA (EXPRESSO) [IDA],28474.1,
12728,,19,-22.920614,-43.607649,2023-07-26 04:44:59,0.0,,ida,19 - PINGO D'AGUA X SALVADOR ALLENDE (EXPRESSO) [IDA],42500.0,
901068,,51,-22.893167,-43.399975,2023-07-26 05:33:31,64.3,,volta,51 - SENTIDO V. MILITAR (PARADOR) [VOLTA],50836.9,344.0
902003,,41,-22.843008,-43.300445,2023-07-26 05:33:18,59.4,,volta,41 - TERMINAL RECREIO X PAULO DA PORTELA (EXPRESSO) [VOLTA],17406.1,208.0
902102,,35,-22.923508,-43.374008,2023-07-26 05:33:27,40.2,,ida,35 - MADUREIRA X ALVORADA (PARADOR) [IDA],12387.7,173.0
901082,,53,-22.971571,-43.400533,2023-07-26 05:33:22,23.6,,ida,53 - SENTIDO ALVORADA (EXPRESSO) [IDA],47086.0,341.0
902061,,46,-22.854222,-43.251952,2023-07-26 05:09:54,0.0,,ida,46 - PENHA X ALVORADA (EXPRESSO) [IDA],28946.0,
902066,,46,-22.841324,-43.276637,2023-07-26 05:33:32,24.4,,ida,46 - PENHA X ALVORADA (EXPRESSO) [IDA],31317.8,237.0
902005,,40,-22.965347,-43.391552,2023-07-26 04:43:54,0.0,,ida,40 - PAULO DA PORTELA X ALVORADA (EXPRESSO) [IDA],18982.4,
902052,,46,-22.936373,-43.371665,2023-07-26 05:33:22,0.0,,volta,46 - ALVORADA X PENHA (EXPRESSO) [VOLTA],35628.5,
902050,,43,-22.842672,-43.271695,2023-07-26 05:33:17,56.5,,volta,43 - SANTA EFIGENIA X FUNDÃO (EXPRESSO) [VOLTA],31280.6,102.0
12716,,20,-22.931147,-43.673494,2023-07-26 05:25:01,0.0,,ida,20 - SANTA CRUZ X SALVADOR ALLENDE (EXPRESSO) [IDA],45564.8,
902016,,46,-22.965138,-43.391855,2023-07-26 04:15:55,0.0,,ida,46 - PENHA X ALVORADA (EXPRESSO) [IDA],18680.9,
902019,,40,-22.965715,-43.39184,2023-07-26 05:01:26,0.0,,ida,40 - PAULO DA PORTELA X ALVORADA (EXPRESSO) [IDA],17353.3,
902063,,46,-22.973326,-43.368895,2023-07-26 05:33:19,56.6,,volta,46 - ALVORADA X PENHA (EXPRESSO) [VOLTA],33273.0,271.0
902017,,31,-22.91625,-43.361687,2023-07-26 05:33:33,36.2,,ida,31 - VICENTE DE CARVALHO X ALVORADA (SEMIDIRETO) [IDA],23878.4,36.0
E902015,,46,-22.965719,-43.391761,2023-07-26 05:23:12,0.0,,ida,46 - PENHA X ALVORADA (EXPRESSO) [IDA],8188.1,
902057,,46,-22.854082,-43.251502,2023-07-26 05:33:28,0.0,,ida,46 - PENHA X ALVORADA (EXPRESSO) [IDA],29122.5,
902060,,43,-22.839165,-43.24009,2023-07-26 05:21:12,0.0,,ida,43 - FUNDÃO X SANTA EFIGENIA (EXPRESSO) [IDA],30133.0,
902008,,40,-22.87874,-43.336322,2023-07-26 05:33:23,0.0,,ida,40 - PAULO DA PORTELA X ALVORADA (EXPRESSO) [IDA],10537.9,
902047,,46,-22.870391,-43.335802,2023-07-26 05:33:16,0.4,,ida,46 - PENHA X ALVORADA (EXPRESSO) [IDA],23974.0,198.0
902051,,46,-22.970416,-43.389373,2023-07-26 05:33:19,50.8,,ida,46 - PENHA X ALVORADA (EXPRESSO) [IDA],33008.8,127.0
902067,,46,-23.001018,-43.367982,2023-07-26 05:30:40,0.0,,volta,46 - ALVORADA X PENHA (EXPRESSO) [VOLTA],34105.6,
901088,,31,-22.945205,-43.39418,2023-07-26 05:33:23,49.4,,ida,31 - VICENTE DE CARVALHO X ALVORADA (SEMIDIRETO) [IDA],41624.6,348.0
901078,,52,-22.965518,-43.391519,2023-07-26 05:28:49,0.0,,ida,52 - SENTIDO ALVORADA (PARADOR) [IDA],33603.7,
901098,,51,-22.899268,-43.397706,2023-07-26 05:33:10,55.7,,ida,51 - SENTIDO RECREIO (PARADOR) [IDA],27300.9,170.0
901090,,53,-22.965333,-43.391412,2023-07-26 05:33:33,0.0,,ida,53 - SENTIDO ALVORADA (EXPRESSO) [IDA],36783.0,
901055,,51,-22.963189,-43.393759,2023-07-26 05:33:32,19.4,,ida,51 - SENTIDO RECREIO (PARADOR) [IDA],46672.0,213.0
901076,,52,-22.872129,-43.408863,2023-07-26 05:33:27,57.5,,ida,52 - SENTIDO ALVORADA (PARADOR) [IDA],31277.4,137.0
902054,,46,-22.84157,-43.276987,2023-07-26 05:33:18,0.0,,ida,46 - PENHA X ALVORADA (EXPRESSO) [IDA],35708.5,
901079,,53,-23.001382,-43.366431,2023-07-26 05:33:22,0.0,,volta,53 - SENTIDO SULACAP (EXPRESSO) [VOLTA],44069.2,89.0
901084,,53,-22.896352,-43.39905,2023-07-26 05:33:21,46.2,,ida,53 - SENTIDO ALVORADA (EXPRESSO) [IDA],52313.9,156.0
901070,,52,-22.99766,-43.366492,2023-07-26 05:33:17,49.4,,volta,52 - SENTIDO V. MILITAR (PARADOR) [VOLTA],40500.4,47.0
902080,,46,-23.00141,-43.367247,2023-07-26 05:33:26,0.0,,volta,46 - ALVORADA X PENHA (EXPRESSO) [VOLTA],34369.3,87.0
901081,,53,-22.973342,-43.37596,2023-07-26 05:33:32,55.2,,ida,53 - SENTIDO ALVORADA (EXPRESSO) [IDA],41815.5,87.0
902065,,43,-22.878967,-43.337417,2023-07-26 05:33:31,43.8,,ida,43 - FUNDÃO X SANTA EFIGENIA (EXPRESSO) [IDA],35373.8,254.0
901069,,52,-22.973149,-43.393179,2023-07-26 05:33:23,41.0,,volta,52 - SENTIDO V. MILITAR (PARADOR) [VOLTA],37751.1,264.0
901074,,52,-22.96343,-43.393908,2023-07-26 05:33:19,0.0,,ida,52 - SENTIDO ALVORADA (PARADOR) [IDA],39527.5,206.0
901085,,53,-22.884539,-43.399362,2023-07-26 05:33:15,0.0,,ida,53 - SENTIDO ALVORADA (EXPRESSO) [IDA],43544.8,13.0
902073,,35,-22.876405,-43.330111,2023-07-26 04:59:02,0.0,,ida,35 - MADUREIRA X ALVORADA (PARADOR) [IDA],9883.0,
902030,,31,-22.980538,-43.365653,2023-07-26 05:33:17,56.7,,ida,31 - VICENTE DE CARVALHO X ALVORADA (SEMIDIRETO) [IDA],11314.8,177.0
902071,,46,-22.957785,-43.380663,2023-07-26 05:33:20,59.7,,volta,46 - ALVORADA X PENHA (EXPRESSO) [VOLTA],35947.7,51.0
902072,,43,-22.84638,-43.240186,2023-07-26 05:33:32,45.2,,ida,43 - FUNDÃO X SANTA EFIGENIA (EXPRESSO) [IDA],32691.6,239.0
902101,,31,-22.877864,-43.329192,2023-07-26 05:33:30,16.6,,ida,31 - VICENTE DE CARVALHO X ALVORADA (SEMIDIRETO) [IDA],10054.9,175.0
902068,,43,-22.854423,-43.251599,2023-07-26 05:33:30,0.0,,ida,43 - FUNDÃO X SANTA EFIGENIA (EXPRESSO) [IDA],35600.1,
902064,,41,-22.887895,-43.345555,2023-07-26 05:33:24,48.1,,ida,41 - PAULO DA PORTELA X TERMINAL RECREIO (EXPRESSO) [IDA],0.0,226.0
901083,,53,-22.93667,-43.395412,2023-07-26 05:32:41,59.5,,ida,53 - SENTIDO ALVORADA (EXPRESSO) [IDA],49432.1,170.0
901087,,53,-22.88381,-43.39965,2023-07-26 05:33:19,0.0,,ida,53 - SENTIDO ALVORADA (EXPRESSO) [IDA],47539.1,146.0
902085,,46,-22.85838,-43.329422,2023-07-26 05:33:19,44.7,,ida,46 - PENHA X ALVORADA (EXPRESSO) [IDA],34061.3,189.0
E902012,,40,-22.965202,-43.392099,2023-07-26 05:33:22,0.0,,ida,40 - PAULO DA PORTELA X ALVORADA (EXPRESSO) [IDA],9751.3,
E902001,,41,-22.87916,-43.33676,2023-07-26 05:33:26,0.0,,volta,41 - TERMINAL RECREIO X PAULO DA PORTELA (EXPRESSO) [VOLTA],20883.4,86.0
E902006,,40,-22.924061,-43.373971,2023-07-26 05:33:15,0.0,,ida,40 - PAULO DA PORTELA X ALVORADA (EXPRESSO) [IDA],19312.4,171.0
E902011,,40,-22.877647,-43.336755,2023-07-26 05:33:16,0.0,,ida,40 - PAULO DA PORTELA X ALVORADA (EXPRESSO) [IDA],8603.0,
E902014,,41,-22.965593,-43.391789,2023-07-26 05:33:19,0.0,,volta,41 - TERMINAL RECREIO X PAULO DA PORTELA (EXPRESSO) [VOLTA],16099.0,
902002,,41,-22.878612,-43.336302,2023-07-26 05:33:28,0.0,,ida,41 - PAULO DA PORTELA X TERMINAL RECREIO (EXPRESSO) [IDA],19836.5,
901095,,51,-22.8779,-43.402199,2023-07-26 05:32:46,61.0,,volta,51 - SENTIDO V. MILITAR (PARADOR) [VOLTA],35050.1,288.0
902069,,41,-23.008636,-43.440744,2023-07-26 05:33:24,12.8,,volta,41 - TERMINAL RECREIO X PAULO DA PORTELA (EXPRESSO) [VOLTA],32599.2,70.0
902094,,35,-22.878509,-43.336305,2023-07-26 05:33:15,0.0,,ida,35 - MADUREIRA X ALVORADA (PARADOR) [IDA],9094.2,
903068,,17,-22.915806,-43.607935,2023-07-26 05:33:19,25.0,,volta,17 - CAMPO GRANDE  X SANTA CRUZ (PARADOR) [VOLTA],20741.8,251.0
901097,,52,-23.001057,-43.366038,2023-07-26 05:02:00,0.0,,volta,52 - SENTIDO V. MILITAR (PARADOR) [VOLTA],35652.9,
902081,,31,-22.855916,-43.32501,2023-07-26 05:33:30,51.4,,ida,31 - VICENTE DE CARVALHO X ALVORADA (SEMIDIRETO) [IDA],11490.9,75.0
902075,,31,-22.852459,-43.312629,2023-07-26 05:33:20,0.0,,ida,31 - VICENTE DE CARVALHO X ALVORADA (SEMIDIRETO) [IDA],14101.6,
902013,,43,-22.965764,-43.391688,2023-07-26 05:26:43,0.0,,ida,43 - FUNDÃO X SANTA EFIGENIA (EXPRESSO) [IDA],11572.2,
902082,,35,-23.000703,-43.367538,2023-07-26 05:33:22,0.0,,volta,35 - ALVORADA  X  MADUREIRA (PARADOR) [VOLTA],10881.3,
903062,,17,-22.907598,-43.566202,2023-07-26 05:26:58,0.0,,ida,17 - SANTA CRUZ X CAMPO GRANDE (PARADOR) [IDA],20196.6,102.0
902089,,35,-23.001335,-43.366116,2023-07-26 05:33:16,0.0,,volta,35 - ALVORADA  X  MADUREIRA (PARADOR) [VOLTA],9775.8,87.0
903041,,50,-22.928909,-43.373539,2023-07-26 05:33:30,21.7,,ida,50 - SENTIDO JD. OCEANICO (PARADOR) [IDA],27442.4,184.0
903051,,50,-22.969962,-43.40007,2023-07-26 05:33:21,51.7,,ida,50 - SENTIDO JD. OCEANICO (PARADOR) [IDA],31061.6,212.0
902055,,46,-22.915447,-43.361401,2023-07-26 05:33:17,10.8,,ida,46 - PENHA X ALVORADA (EXPRESSO) [IDA],29.0,209.0
903044,,42,-22.850398,-43.26395,2023-07-26 05:33:15,35.8,,ida,42 - GALEÃO X MADUREIRA MANANCEIA (PARADOR) [IDA],29213.6,329.0
902086,,31,-22.876437,-43.330201,2023-07-26 05:24:32,0.0,,ida,31 - VICENTE DE CARVALHO X ALVORADA (SEMIDIRETO) [IDA],11193.1,
903036,,17,-22.90712,-43.57057,2023-07-26 05:20:57,0.0,,ida,17 - SANTA CRUZ X CAMPO GRANDE (PARADOR) [IDA],156824.5,91.0
902043,,41,-22.928208,-43.373506,2023-07-26 05:33:14,0.0,,volta,41 - TERMINAL RECREIO X PAULO DA PORTELA (EXPRESSO) [VOLTA],29108.1,173.0
902036,,41,-22.972032,-43.401986,2023-07-26 05:33:14,49.7,,ida,41 - PAULO DA PORTELA X TERMINAL RECREIO (EXPRESSO) [IDA],32332.2,220.0
903039,,17,-22.906918,-43.571589,2023-07-26 05:21:47,0.1,,ida,17 - SANTA CRUZ X CAMPO GRANDE (PARADOR) [IDA],18374.4,97.0
903047,,42,-22.844159,-43.238487,2023-07-26 05:33:25,46.3,,ida,42 - GALEÃO X MADUREIRA MANANCEIA (PARADOR) [IDA],23097.6,336.0
902074,,31,-22.852301,-43.315817,2023-07-26 05:33:19,0.0,,ida,31 - VICENTE DE CARVALHO X ALVORADA (SEMIDIRETO) [IDA],9772.4,271.0
902039,,46,-22.854443,-43.251593,2023-07-26 05:01:19,0.0,,ida,46 - PENHA X ALVORADA (EXPRESSO) [IDA],33609.1,
903040,,17,-22.924177,-43.649198,2023-07-26 05:33:16,52.3,,volta,17 - CAMPO GRANDE  X SANTA CRUZ (PARADOR) [VOLTA],18474.0,222.0
902044,,43,-22.928572,-43.373474,2023-07-26 05:33:28,17.3,,ida,43 - FUNDÃO X SANTA EFIGENIA (EXPRESSO) [IDA],31243.6,182.0
902038,,43,-22.839523,-43.239751,2023-07-26 05:33:16,0.0,,ida,43 - FUNDÃO X SANTA EFIGENIA (EXPRESSO) [IDA],7578.0,136.0
903048,,42,-22.876126,-43.32948,2023-07-26 05:13:04,0.0,,ida,42 - GALEÃO X MADUREIRA MANANCEIA (PARADOR) [IDA],23999.5,
902041,,43,-22.854185,-43.251491,2023-07-26 05:33:22,0.0,,ida,43 - FUNDÃO X SANTA EFIGENIA (EXPRESSO) [IDA],34223.9,
903064,,50,-22.983678,-43.365773,2023-07-26 05:33:31,43.8,,ida,50 - SENTIDO JD. OCEANICO (PARADOR) [IDA],22144.5,179.0
902037,,41,-22.85444,-43.251498,2023-07-26 05:33:20,0.0,,volta,41 - TERMINAL RECREIO X PAULO DA PORTELA (EXPRESSO) [VOLTA],35848.8,
903069,,17,-22.927786,-43.677296,2023-07-26 05:33:17,0.0,,ida,17 - SANTA CRUZ X CAMPO GRANDE (PARADOR) [IDA],22415.1,130.0
902034,,43,-22.854274,-43.251359,2023-07-26 05:32:22,0.0,,volta,43 - SANTA EFIGENIA X FUNDÃO (EXPRESSO) [VOLTA],34891.0,
902042,,46,-22.860993,-43.329969,2023-07-26 05:33:05,46.3,,volta,46 - ALVORADA X PENHA (EXPRESSO) [VOLTA],31935.2,31.0
902040,,46,-22.839477,-43.28284,2023-07-26 05:33:31,51.3,,volta,46 - ALVORADA X PENHA (EXPRESSO) [VOLTA],34125.2,125.0
903049,,17,-22.907156,-43.568582,2023-07-26 05:09:11,0.0,,ida,17 - SANTA CRUZ X CAMPO GRANDE (PARADOR) [IDA],23322.6,104.0
903038,,17,-22.917469,-43.683362,2023-07-26 05:33:17,7.5,,ida,17 - SANTA CRUZ X CAMPO GRANDE (PARADOR) [IDA],26552.0,336.0
903053,,17,-22.918209,-43.639045,2023-07-26 05:33:33,31.1,,volta,17 - CAMPO GRANDE  X SANTA CRUZ (PARADOR) [VOLTA],21469.0,225.0
903042,,38,-22.876758,-43.330009,2023-07-26 05:24:55,0.0,,ida,38 - FUNDÃO X ALVORADA (PARADOR) [IDA],28971.9,
12732,,18,-23.019238,-43.505557,2023-07-26 05:20:36,0.0,,ida,18 - RECREIO SHOPPING X JARDIM OCEÂNICO (EXPRESSO) [IDA],25699.1,
902087,,31,-22.876484,-43.330225,2023-07-26 05:33:18,0.0,,ida,31 - VICENTE DE CARVALHO X ALVORADA (SEMIDIRETO) [IDA],10088.9,
903067,,17,-22.920142,-43.60767,2023-07-26 05:24:46,0.0,,ida,17 - SANTA CRUZ X CAMPO GRANDE (PARADOR) [IDA],23576.8,
902076,,46,-22.854543,-43.251663,2023-07-26 05:33:33,0.0,,ida,46 - PENHA X ALVORADA (EXPRESSO) [IDA],27510.6,79.0
902083,,31,-22.876534,-43.329835,2023-07-26 05:33:23,0.0,,ida,31 - VICENTE DE CARVALHO X ALVORADA (SEMIDIRETO) [IDA],5228.4,
902096,,35,-22.959851,-43.388472,2023-07-26 05:33:13,1.3,,volta,35 - ALVORADA  X  MADUREIRA (PARADOR) [VOLTA],14229.6,75.0
902084,,31,-22.876879,-43.329799,2023-07-26 05:12:18,0.0,,ida,31 - VICENTE DE CARVALHO X ALVORADA (SEMIDIRETO) [IDA],11709.4,
902100,,35,-22.904878,-43.357229,2023-07-26 05:33:28,0.0,,ida,35 - MADUREIRA X ALVORADA (PARADOR) [IDA],13439.5,207.0
903059,,17,-22.918009,-43.683086,2023-07-26 05:33:24,7.2,,ida,17 - SANTA CRUZ X CAMPO GRANDE (PARADOR) [IDA],18750.5,320.0
903043,,38,-22.876618,-43.329468,2023-07-26 04:54:01,0.0,,ida,38 - FUNDÃO X ALVORADA (PARADOR) [IDA],30028.4,
902079,,46,-22.869782,-43.335446,2023-07-26 05:33:20,12.1,,ida,46 - PENHA X ALVORADA (EXPRESSO) [IDA],30830.1,201.0
903066,,17,-22.916406,-43.612964,2023-07-26 05:33:23,47.1,,ida,17 - SANTA CRUZ X CAMPO GRANDE (PARADOR) [IDA],24884.8,92.0
902099,,35,-22.958679,-43.383652,2023-07-26 05:33:21,0.0,,ida,35 - MADUREIRA X ALVORADA (PARADOR) [IDA],11552.6,238.0
902091,,35,-23.00069,-43.365948,2023-07-26 05:28:06,0.0,,volta,35 - ALVORADA  X  MADUREIRA (PARADOR) [VOLTA],14059.1,
903046,,42,-22.839437,-43.296084,2023-07-26 05:33:30,0.0,,volta,42 - MADUREIRA MANANCEIA X GALEAO (PARADOR) [VOLTA],29793.0,55.0
902077,,43,-22.854208,-43.25148,2023-07-26 05:33:19,0.0,,ida,43 - FUNDÃO X SANTA EFIGENIA (EXPRESSO) [IDA],34749.1,
902104,,31,-22.876369,-43.330461,2023-07-26 04:53:21,0.0,,ida,31 - VICENTE DE CARVALHO X ALVORADA (SEMIDIRETO) [IDA],8023.9,
902109,,35,-22.876511,-43.330448,2023-07-26 05:15:30,0.0,,ida,35 - MADUREIRA X ALVORADA (PARADOR) [IDA],11421.3,
903061,,17,-22.911405,-43.589876,2023-07-26 05:33:14,5.7,,volta,17 - CAMPO GRANDE  X SANTA CRUZ (PARADOR) [VOLTA],21492.5,243.0
903070,,17,-22.907118,-43.570782,2023-07-26 05:21:01,19.6,,ida,17 - SANTA CRUZ X CAMPO GRANDE (PARADOR) [IDA],9260.6,95.0
86835,,12,-22.916842,-43.607009,2023-07-26 05:33:32,0.0,,ida,12 - PINGO D'AGUA X ALVORADA (EXPRESSO) [IDA],13547.2,
44706,LRG8855,20,-22.919803,-43.682735,2023-07-26 05:33:16,27.5,,ida,20 - SANTA CRUZ X SALVADOR ALLENDE (EXPRESSO) [IDA],21876.1,99.0
903065,,17,-22.931865,-43.65741,2023-07-26 05:33:21,1.3,,volta,17 - CAMPO GRANDE  X SANTA CRUZ (PARADOR) [VOLTA],16972.6,216.0
901008,,22,-23.000516,-43.335405,2023-07-26 05:34:31,0.0,,volta,22 - J. OCEÂNICO X ALVORADA (PARADOR) [VOLTA],22792.0,270
901011,RIV8A74,22,-23.00344,-43.32373,2023-07-26 05:34:29,1.2,,ida,22 - ALVORADA X J. OCEÂNICO (PARADOR) [IDA],23505.1,112
901018,,51,-23.000075,-43.356425,2023-07-24 17:24:22,48.3,,volta,51 - SENTIDO V. MILITAR (PARADOR) [VOLTA],2502.1,95
901012,,40,-23.000845,-43.366022,2023-07-26 05:34:30,0.0,,volta,40 - ALVORADA X PAULO DA PORTELA (EXPRESSO) [VOLTA],21293.4,
901014,,40,-23.000542,-43.364361,2023-07-26 04:44:22,0.0,,volta,40 - ALVORADA X PAULO DA PORTELA (EXPRESSO) [VOLTA],35641.9,
901007,,22,-23.000079,-43.350385,2023-07-26 05:34:29,59.6,,volta,22 - J. OCEÂNICO X ALVORADA (PARADOR) [VOLTA],21828.3,271
901009,,22,-23.006548,-43.31297,2023-07-26 05:34:17,0.0,,volta,22 - J. OCEÂNICO X ALVORADA (PARADOR) [VOLTA],20871.4,250
901013,,22,-23.000617,-43.364758,2023-07-26 05:20:36,0.0,,ida,22 - ALVORADA X J. OCEÂNICO (PARADOR) [IDA],31606.2,
901010,RJM8G30,22,-23.006817,-43.31231,2023-07-26 05:34:26,0.0,,volta,22 - J. OCEÂNICO X ALVORADA (PARADOR) [VOLTA],22875.8,153
901015,,51,-22.964553,-43.391736,2023-07-26 05:12:38,0.0,,volta,51 - SENTIDO V. MILITAR (PARADOR) [VOLTA],14154.3,
901047,,53,-22.965374,-43.391414,2023-07-26 05:31:00,0.0,,ida,53 - SENTIDO ALVORADA (EXPRESSO) [IDA],45351.4,
901017,,22,-23.000237,-43.341741,2023-07-26 05:34:26,4.6,,ida,22 - ALVORADA X J. OCEÂNICO (PARADOR) [IDA],25125.8,90
901063,,51,-22.964918,-43.392064,2023-07-26 04:27:02,5.7,,volta,51 - SENTIDO V. MILITAR (PARADOR) [VOLTA],48949.8,151
901006,RJA9F56,22,-23.000162,-43.366836,2023-07-26 05:34:31,11.8,,volta,22 - J. OCEÂNICO X ALVORADA (PARADOR) [VOLTA],19389.6,251
901005,RJB8E53,22,-23.000845,-43.364354,2023-07-26 05:34:19,11.3,,ida,22 - ALVORADA X J. OCEÂNICO (PARADOR) [IDA],21650.3,180
901004,RJQ8J80,22,-23.000697,-43.366023,2023-07-26 05:34:23,0.0,,ida,22 - ALVORADA X J. OCEÂNICO (PARADOR) [IDA],21439.3,79
902095,,35,-22.842676,-43.253896,2023-07-22 20:38:01,0.0,,ida,35 - MADUREIRA X ALVORADA (PARADOR) [IDA],7511.5,
30504,,25,-23.005206,-43.558316,2023-07-26 05:34:25,0.0,,volta,25 - ALVORADA X MATO ALTO (PARADOR) [VOLTA],53646.3,269
47031,KYW5240,25,-23.000275,-43.378952,2023-07-26 05:34:23,41.9,,volta,25 - ALVORADA X MATO ALTO (PARADOR) [VOLTA],50910.2,269
30533,KWO8120,13,-22.918179,-43.607021,2023-07-26 05:34:31,0.0,,ida,13 - MATO ALTO X ALVORADA (EXPRESSO) [IDA],52595.1,5
47027,KRR2119,20,-22.933893,-43.669347,2023-07-18 18:10:15,53.7,,ida,20 - SANTA CRUZ X SALVADOR ALLENDE (EXPRESSO) [IDA],1004.1,309
86840,KOS9769,13,-22.919551,-43.607877,2023-04-21 02:01:35,0.0,,ida,13 - MATO ALTO X ALVORADA (EXPRESSO) [IDA],778.8,
30538,KXE7719,20,-22.91852,-43.682692,2023-07-26 05:34:29,0.0,,volta,20 - SALVADOR ALLENDE X SANTA CRUZ (EXPRESSO) [VOLTA],55906.5,325
13412,KPY9734,0,-22.964632,-43.391762,2023-07-26 04:44:07,0.0,,,,44900.6,
50309,KPN6B05,13,-23.000753,-43.366131,2023-07-26 05:34:29,0.0,,volta,13 - ALVORADA X  MATO ALTO (EXPRESSO) [VOLTA],20092.5,
12702,KXB8152,25,-22.919625,-43.608713,2023-07-04 23:11:48,0.0,,ida,25 - MATO ALTO X ALVORADA (PARADOR) [IDA],27817.4,
12706,KXB8938,10,-22.920521,-43.607432,2023-03-31 08:02:04,0.0,,ida,10- SANTA CRUZ X ALVORADA ( EXPRESSO ),4060.2,
47025,KXE8652,13,-22.919881,-43.607336,2023-07-07 14:18:49,0.0,,ida,13 - MATO ALTO X ALVORADA (EXPRESSO) [IDA],38341.5,
30532,KYL8599,13,-23.000885,-43.36531,2023-07-26 05:32:17,0.1,,volta,13 - ALVORADA X  MATO ALTO (EXPRESSO) [VOLTA],41778.3,135
13423,LSI5976,25,-22.992954,-43.598065,2023-07-26 05:34:19,0.0,,ida,25 - MATO ALTO X ALVORADA (PARADOR) [IDA],41126.5,
13403,LTF5447,18,-23.019138,-43.505842,2023-07-26 05:22:14,0.0,,ida,18 - RECREIO SHOPPING X JARDIM OCEÂNICO (EXPRESSO) [IDA],53265.2,
90002,LMB2D92,19,-22.971513,-43.614815,2023-07-26 05:34:15,59.9,,ida,19 - PINGO D'AGUA X SALVADOR ALLENDE (EXPRESSO) [IDA],55848.7,136
47030,LSQ5263,20,-23.005814,-43.433833,2023-07-26 05:34:29,59.3,,ida,20 - SANTA CRUZ X SALVADOR ALLENDE (EXPRESSO) [IDA],53798.6,253
30519,LRE9804,11,-22.920074,-43.608092,2023-07-26 05:34:20,0.0,,ida,11 - SANTA CRUZ X ALVORADA (PARADOR) [IDA],51494.8,
44732,LSG9592,10,-23.000883,-43.367429,2023-07-26 05:33:39,0.0,,volta,10 - ALVORADA X SANTA CRUZ (EXPRESSO) [VOLTA],37818.9,
13409,KPY9733,10,-22.915786,-43.628365,2023-04-26 21:10:13,0.0,,ida,10- SANTA CRUZ X ALVORADA ( EXPRESSO ),22420.5,
13424,KRL4069,11,-22.920492,-43.607167,2023-07-26 05:19:37,0.0,,ida,11 - SANTA CRUZ X ALVORADA (PARADOR),2304.7,
90005,KWK6A89,20,-22.916584,-43.683558,2023-07-26 05:34:14,0.0,,ida,20 - SANTA CRUZ X SALVADOR ALLENDE (EXPRESSO) [IDA],49835.7,28
86851,KQO8674,14,-22.916864,-43.607031,2023-07-26 05:34:13,0.0,,ida,14 - SANTA EUGÊNIA X SALVADOR ALLENDE (EXPRESSO) [IDA],12881.9,4
86875,KQB4103,12,-22.968121,-43.638364,2023-07-26 05:34:08,43.9,,ida,12 - PINGO D'AGUA X ALVORADA (EXPRESSO) [IDA],13024.9,107
30518,KYL8597,25,-23.009799,-43.44942,2023-07-26 05:34:24,58.2,,volta,25 - ALVORADA X MATO ALTO (PARADOR) [VOLTA],37120.0,255
12707,LMI8079,12,-22.919866,-43.607431,2023-05-20 05:02:01,0.0,,ida,12 - PINGO D'AGUA X ALVORADA (EXPRESSO) [IDA],4853.2,
902090,,35,-22.990112,-43.365936,2023-07-26 05:34:29,34.6,,ida,35 - MADUREIRA X ALVORADA (PARADOR) [IDA],15092.7,181
47029,LSQ5267,20,-22.936106,-43.667022,2023-07-26 05:31:40,23.7,,ida,20 - SANTA CRUZ X SALVADOR ALLENDE (EXPRESSO) [IDA],56968.3,173
A994324,LUN4324,0,-22.837275,-43.28582,2023-07-26 04:56:23,0.0,,,,47754.663,238
13420,KWI9708,10,-22.920444,-43.608035,2023-07-26 02:07:26,0.0,,ida,10 - SANTA CRUZ X ALVORADA (EXPRESSO) [IDA],48108.2,175
A999574,LSD9574,0,-23.0009121,-43.3636843,2022-03-30 08:26:06,0.0,,,,24148.286,
44717,KWW8818,18,-22.919874,-43.607744,2023-06-06 00:02:47,0.0,,ida,18 - RECREIO SHOPPING X JARDIM OCEÂNICO (EXPRESSO) [IDA],8226.799,
12704,LSM8778,20,-22.920368,-43.607281,2023-06-08 07:00:34,0.0,,ida,20 - SANTA CRUZ X SALVADOR ALLENDE (EXPRESSO) [IDA],21199.9,
47004,KQK7904,11,-22.918262,-43.607007,2023-07-26 03:56:09,0.0,,ida,11 - SANTA CRUZ X ALVORADA (PARADOR) [IDA],49549.6,
27205,LSL9114,18,-22.919765,-43.608465,2023-07-02 02:02:01,0.0,,ida,18 - RECREIO SHOPPING X JARDIM OCEÂNICO (EXPRESSO) [IDA],4823.1,
47012,KPZ8364,20,-22.996887,-43.593253,2023-07-26 05:34:18,51.7,,ida,20 - SANTA CRUZ X SALVADOR ALLENDE (EXPRESSO) [IDA],55005.4,124
47015,LRH8891,10,-22.919456,-43.607191,2023-04-18 17:25:44,0.0,,ida,10- SANTA CRUZ X ALVORADA ( EXPRESSO ),12489.7,
86885,LTB5540,14,-22.957224,-43.649853,2023-07-26 05:34:28,50.6,,ida,14 - SANTA EUGÊNIA X SALVADOR ALLENDE (EXPRESSO) [IDA],514725.0,188
13414,KPY9731,25,-22.919539,-43.607846,2023-06-16 00:31:58,0.0,,ida,25 -  MATO ALTO X ALVORADA (PARAD0R) [IDA],8259.2,
13425,KRL4070,20,-22.917365,-43.683169,2023-07-26 05:32:50,0.8,,ida,20 - SANTA CRUZ X SALVADOR ALLENDE (EXPRESSO) [IDA],1201.6,351
12738,KRR2404,25,-23.003894,-43.56468,2023-07-26 05:34:23,56.7,,ida,25 - MATO ALTO X ALVORADA (PARADOR) [IDA],37396.3,104
30502,LQT9173,19,-22.919615,-43.608327,2023-05-27 22:05:53,0.0,,ida,19 - PINGO D'AGUA X SALVADOR ALLENDE (EXPRESSO) [IDA],21983.5,
86886,LTB5541,14,-23.003302,-43.567299,2023-07-26 05:34:27,58.9,,ida,14 - SANTA EUGÊNIA X SALVADOR ALLENDE (EXPRESSO) [IDA],13105.5,104
47032,KXE8654,25,-23.01589,-43.519666,2023-06-12 23:42:32,59.6,,ida,25 - MATO ALTO X ALVORADA (PARADOR) [IDA],23120.5,
13428,KXE7712,11,-22.920214,-43.607895,2023-07-26 05:34:16,0.0,,ida,11 - SANTA CRUZ X ALVORADA (PARADOR) [IDA],57799.4,
47006,KWZ8630,18,-23.019103,-43.505908,2023-07-26 05:34:22,0.0,,ida,18 - RECREIO SHOPPING X JARDIM OCEÂNICO (EXPRESSO) [IDA],50888.6,134
KXE9191 PKP,KXE9191,0,-23.00067,-43.363632,2023-07-26 05:06:02,0.0,,,,2531.1,
47007,LSP6018,18,-22.920585,-43.607621,2023-07-26 05:34:21,0.0,,ida,18 - RECREIO SHOPPING X JARDIM OCEÂNICO (EXPRESSO) [IDA],42179.7,158
13413,KWI9711,25,-23.021129,-43.495092,2023-07-26 05:34:29,32.7,,ida,25 - MATO ALTO X ALVORADA (PARADOR) [IDA],43523.3,87
90001,KPZ5E15,19,-23.016769,-43.475515,2023-07-26 05:34:25,60.5,,ida,19 - PINGO D'AGUA X SALVADOR ALLENDE (EXPRESSO) [IDA],44152.2,74
901057,,52,-22.861508,-43.399486,2023-07-26 05:34:15,0.0,,ida,52 - SENTIDO ALVORADA (PARADOR) [IDA],51081.7,242
901003,RKM8C54,22,-23.000737,-43.364712,2023-07-26 05:34:28,14.8,,ida,22 - ALVORADA X J. OCEÂNICO (PARADOR) [IDA],22833.9,89
86874,KQB4102,20,-22.916642,-43.607022,2023-07-26 05:34:14,0.0,,ida,20 - SANTA CRUZ X SALVADOR ALLENDE (EXPRESSO) [IDA],512859.2,
86879,LTN5696,13,-23.007896,-43.543078,2023-07-26 05:34:27,58.7,,ida,13 - MATO ALTO X ALVORADA (EXPRESSO) [IDA],1818.9,107
90003,KYN7F36,12,-22.920492,-43.607181,2023-07-26 05:31:09,0.0,,ida,12 - PINGO D'AGUA X ALVORADA (EXPRESSO) [IDA],18927.3,
12711,LSO1629,10,-22.919951,-43.607173,2023-03-15 15:36:35,0.0,,ida,10- SANTA CRUZ X ALVORADA ( EXPRESSO ),4511.1,
86809,LQH9072,0,-22.920542,-43.608248,2023-07-26 05:00:10,0.0,,,,7406.0,
47011,LRH8889,0,-22.920126,-43.607038,2023-07-26 05:34:31,19.4,,,,39516.1,
47009,KPZ8430,20,-22.92061,-43.607995,2023-07-26 05:34:24,0.0,,ida,20 - SANTA CRUZ X SALVADOR ALLENDE (EXPRESSO) [IDA],54121.1,180
47014,KZI4452,19,-22.91627,-43.607272,2023-07-26 05:34:13,0.0,,ida,19 - PINGO D'AGUA X SALVADOR ALLENDE (EXPRESSO) [IDA],38000.2,262
30537,KXE7720,12,-22.994179,-43.596618,2023-07-26 05:34:17,25.0,,ida,12 - PINGO D'AGUA X ALVORADA (EXPRESSO) [IDA],51523.3,133
50301,KPP5B70,25,-23.00517,-43.558595,2023-07-26 05:34:24,0.0,,volta,25 - ALVORADA X MATO ALTO (PARADOR) [VOLTA],3962.4,268
47005,LSV5862,0,-22.920488,-43.608226,2023-07-22 14:01:00,0.0,,,,42896.4,
47018,LRS2843,0,-22.916223,-43.622862,2023-07-26 05:34:17,0.5,,,,32976.9,273
30536,KXE7721,10,-22.920297,-43.60846,2023-06-03 18:26:10,0.0,,ida,10- SANTA CRUZ X ALVORADA ( EXPRESSO ),13477.3,
44713,KPZ3559,20,-22.919121,-43.607026,2023-07-26 05:34:29,0.0,,ida,20 - SANTA CRUZ X SALVADOR ALLENDE (EXPRESSO) [IDA],29573.3,
13401,KQO7822,19,-23.019267,-43.5046,2023-07-26 05:34:15,57.5,,volta,19 - SALVADOR ALLENDE X PINGO D'AGUA (EXPRESSO) [VOLTA],53657.9,296
47021,KRM7686,20,-22.919605,-43.607079,2023-06-11 16:52:40,0.0,,ida,20 - SANTA CRUZ X SALVADOR ALLENDE (EXPRESSO) [IDA],24792.3,
13421,KWO8119,10,-22.92026,-43.608222,2023-07-26 05:34:17,0.0,,ida,10 - SANTA CRUZ X ALVORADA (EXPRESSO) [IDA],14957.8,
13419,LTV5426,10,-22.920702,-43.608001,2023-07-26 05:00:20,0.0,,ida,10 - SANTA CRUZ X ALVORADA (EXPRESSO) [IDA],43414.8,
27174,KQP5437,13,-23.005806,-43.432538,2023-07-26 05:34:19,51.3,,ida,13 - MATO ALTO X ALVORADA (EXPRESSO) [IDA],18891.1,73
47026,KYA7928,10,-22.920584,-43.608013,2023-07-26 05:34:30,0.0,,ida,10 - SANTA CRUZ X ALVORADA (EXPRESSO) [IDA],32900.199,
47024,KYS6559,0,-22.918807,-43.60743,2023-07-21 18:41:50,0.0,,,,27809.6,
86889,KRQ6878,10,-23.000893,-43.367123,2023-07-26 05:34:17,0.0,,volta,10 - ALVORADA X SANTA CRUZ (EXPRESSO) [VOLTA],514962.4,
12724,LMJ1118,18,-22.99997,-43.359698,2023-07-26 05:34:17,17.0,,ida,18 - RECREIO SHOPPING X JARDIM OCEÂNICO (EXPRESSO) [IDA],9658.2,89
27209,LSL9B07,25,-23.01232,-43.458276,2023-07-26 05:34:32,0.0,,ida,25 - MATO ALTO X ALVORADA (PARADOR) [IDA],10089.8,62
27176,LRK9563,18,-23.001392,-43.418504,2023-07-26 05:34:29,0.0,,ida,18 - RECREIO SHOPPING X JARDIM OCEÂNICO (EXPRESSO) [IDA],13519.6,64
30511,KPV2250,13,-22.992429,-43.598116,2023-07-26 05:34:31,24.5,,ida,13 - MATO ALTO X ALVORADA (EXPRESSO) [IDA],49461.1,322
13427,KXE7711,0,-22.916562,-43.607103,2023-07-26 05:33:08,0.2,,,,51856.6,358
12725,LMJ1327,25,-22.992727,-43.598153,2023-07-26 05:34:28,0.0,,ida,25 - MATO ALTO X ALVORADA (PARADOR) [IDA],39261.3,134
12737,KXO9461,18,-22.920542,-43.607195,2023-03-07 09:55:21,0.0,,ida,18 - RECREIO SHOPPING X JARDIM OCEÂNICO (EXPRESSO) [IDA],4377.2,
13404,KQO7823,20,-23.011765,-43.456954,2023-07-26 05:34:23,38.6,,volta,20 - SALVADOR ALLENDE X SANTA CRUZ (EXPRESSO) [VOLTA],56114.4,254
47022,KRM7701,10,-22.937939,-43.666751,2023-07-26 05:34:29,48.2,,volta,10 - ALVORADA X SANTA CRUZ (EXPRESSO) [VOLTA],12968.3,344
12736,LMJ4504,20,-22.920017,-43.608092,2023-07-26 05:12:38,0.0,,ida,20 - SANTA CRUZ X SALVADOR ALLENDE (EXPRESSO) [IDA],15484.1,
12726,KXD8483,0,-22.920599,-43.608084,2023-07-26 04:50:55,0.0,,,,18036.3,
13422,LSI5978,20,-23.008495,-43.443445,2023-07-26 05:34:31,36.7,,volta,20 - SALVADOR ALLENDE X SANTA CRUZ (EXPRESSO) [VOLTA],40402.9,65
13402,LTL5480,12,-22.920244,-43.60767,2023-07-26 05:00:35,0.0,,ida,12 - PINGO D'AGUA X ALVORADA (EXPRESSO) [IDA],43258.9,
12730,LSO8993,19,-22.964577,-43.647794,2023-07-26 05:33:26,5.7,,ida,19 - PINGO D'AGUA X SALVADOR ALLENDE (EXPRESSO) [IDA],9272.8,203
86872,LSH7386,13,-23.01427,-43.465679,2023-07-26 05:34:30,59.3,,ida,13 - MATO ALTO X ALVORADA (EXPRESSO) [IDA],22430.8,74
12714,KXC7431,0,-22.919476,-43.607739,2023-07-26 05:21:31,0.0,,,,39737.7,
86878,LSZ6142,0,-22.920668,-43.608121,2023-07-06 17:04:14,0.0,,,,23732.5,
47017,LRS2841,20,-23.015956,-43.518953,2023-07-26 05:34:22,59.2,,ida,20 - SANTA CRUZ X SALVADOR ALLENDE (EXPRESSO) [IDA],47917.7,98
86859,KWJ9250,19,-23.004764,-43.429881,2023-07-26 05:34:31,27.9,,ida,19 - PINGO D'AGUA X SALVADOR ALLENDE (EXPRESSO) [IDA],18708.1,251
30506,LRC6583,18,-22.919917,-43.607602,2023-03-03 16:38:13,0.0,,ida,18 - RECREIO SHOPPING X JARDIM OCEÂNICO (EXPRESSO) [IDA],2161.9,
30509,KYM4574,13,-23.011106,-43.454603,2023-07-26 05:34:14,56.8,,volta,13 - ALVORADA X  MATO ALTO (EXPRESSO) [VOLTA],53053.9,254
47008,KPY9735,10,-22.920562,-43.608147,2023-06-13 08:00:39,0.0,,ida,10- SANTA CRUZ X ALVORADA ( EXPRESSO ),42835.5,
12721,KXW7973,10,-22.920054,-43.607777,2023-03-17 17:00:19,0.0,,ida,10- SANTA CRUZ X ALVORADA ( EXPRESSO ),986.6,
12710,KRO9724,13,-22.993949,-43.597233,2023-07-26 05:34:17,0.0,,ida,13 - MATO ALTO X ALVORADA (EXPRESSO) [IDA],38381.1,133
12720,KXD9430,20,-23.00064,-43.577537,2023-07-26 05:34:18,58.2,,volta,20 - SALVADOR ALLENDE X SANTA CRUZ (EXPRESSO) [VOLTA],21783.9,284
86802,KQK8699,10,-23.000966,-43.36752,2023-07-26 04:51:09,0.0,,volta,10 - ALVORADA X SANTA CRUZ (EXPRESSO) [VOLTA],11668.5,
12712,LSN8501,19,-22.920749,-43.607926,2023-07-26 05:21:55,0.0,,ida,19 - PINGO D'AGUA X SALVADOR ALLENDE (EXPRESSO) [IDA],31093.7,
13407,KPY9732,18,-23.00826,-43.442518,2023-07-26 05:34:32,25.3,,ida,18 - RECREIO SHOPPING X JARDIM OCEÂNICO (EXPRESSO) [IDA],45442.6,75
30525,LRC6596,0,-23.000712,-43.367192,2023-07-26 05:34:28,0.0,,,,53689.1,
47019,KWZ8629,25,-23.002206,-43.366079,2023-07-22 12:16:26,0.0,,ida,25 - MATO ALTO X ALVORADA (PARADOR) [IDA],37053.4,
12703,LSM8771,10,-22.919891,-43.607869,2023-06-22 11:01:22,0.0,,ida,10 - SANTA CRUZ X ALVORADA (EXPRESSO) [IDA],30854.4,
30521,LRC6594,19,-22.965972,-43.64708,2023-07-26 05:15:15,32.3,,ida,19 - PINGO D'AGUA X SALVADOR ALLENDE (EXPRESSO) [IDA],34826.8,84
50302,LSB7J03,11,-22.920147,-43.607163,2023-03-11 10:01:59,0.0,,ida,11 - SANTA CRUZ X ALVORADA (PARADOR),2822.8,
12718,KRP5933,12,-22.920426,-43.607335,2023-06-06 14:12:44,0.0,,ida,12 - PINGO D'AGUA X ALVORADA (EXPRESSO) [IDA],18261.1,
12739,LMJ4F12,20,-22.965957,-43.646016,2023-07-26 04:52:22,15.6,,ida,20 - SANTA CRUZ X SALVADOR ALLENDE (EXPRESSO) [IDA],23721.8,110
30542,KXE7717,12,-23.000852,-43.367612,2023-07-26 05:01:57,0.0,,volta,12 - ALVORADA X PINGO D'AGUA (EXPRESSO) [VOLTA],52940.3,
12733,KRQ4900,0,-22.919829,-43.608492,2023-07-26 05:03:39,0.0,,,,18657.0,
13406,LRG6479,18,-22.919869,-43.607222,2023-02-25 07:45:52,0.0,,ida,18 - RECREIO SHOPPING X JARDIM OCEÂNICO (EXPRESSO) [IDA],1118.8,
30514,KYL8595,11,-22.920746,-43.60793,2023-07-26 05:34:30,0.0,,ida,11 - SANTA CRUZ X ALVORADA (PARADOR) [IDA],38408.7,110
47010,KPZ8363,25,-23.000849,-43.367351,2023-07-26 05:31:58,0.0,,volta,25 - ALVORADA X MATO ALTO (PARADOR) [VOLTA],42597.2,141
86884,LSP9604,20,-23.000917,-43.367706,2023-07-26 05:19:08,0.0,,ida,20 - SANTA CRUZ X SALVADOR ALLENDE (EXPRESSO) [IDA],15305.3,133
30522,LRE9805,12,-22.9203,-43.607183,2023-04-18 09:39:03,0.0,,ida,12 - PINGO D'AGUA X ALVORADA (EXPRESSO) [IDA],17983.8,
12734,LSP8673,11,-22.918882,-43.607511,2023-07-26 05:34:28,0.0,,ida,11 - SANTA CRUZ X ALVORADA (PARADOR) [IDA],16895.4,
A991F39,LUG1F39,0,-22.9516728,-43.3495341,2022-12-11 06:11:10,0.0,,,,84598.226,
KWB9798 - APOIO VAN,KWB9798,0,-23.000784,-43.364958,2023-07-26 05:15:29,0.0,,,,3223.5,
90006,LRH6D12,20,-22.916926,-43.683509,2023-07-26 05:34:14,0.0,,ida,20 - SANTA CRUZ X SALVADOR ALLENDE (EXPRESSO) [IDA],29710.9,342
30531,LRC6592,19,-22.965966,-43.647212,2023-07-26 05:21:24,24.1,,ida,19 - PINGO D'AGUA X SALVADOR ALLENDE (EXPRESSO) [IDA],40608.7,86
30524,LRC6601,25,-23.000576,-43.38422,2023-07-26 05:34:20,55.9,,ida,25 - MATO ALTO X ALVORADA (PARADOR) [IDA],29244.6,89
12731,,18,-22.919264,-43.607484,2023-07-26 04:05:57,0.2,,ida,18 - RECREIO SHOPPING X JARDIM OCEÂNICO (EXPRESSO) [IDA],39930.0,90
86870,LSC9364,0,-22.919654,-43.608503,2023-07-26 05:01:47,0.0,,,,3175.4,
13415,KQK7905,25,-23.000652,-43.366305,2023-07-26 05:34:22,0.0,,volta,25 - ALVORADA X MATO ALTO (PARADOR) [VOLTA],45135.0,
10306,KQP6773,19,-22.919442,-43.607595,2023-05-08 18:25:33,0.0,,ida,19 - PINGO D'AGUA X SALVADOR ALLENDE (EXPRESSO) [IDA],13633.6,
901002,,22,-23.00093,-43.365208,2023-07-26 05:34:26,0.0,,ida,22 - ALVORADA X J. OCEÂNICO (PARADOR) [IDA],17407.5,231
902103,,35,-22.876383,-43.330406,2023-07-26 04:44:13,0.0,,ida,35 - MADUREIRA X ALVORADA (PARADOR) [IDA],12129.5,
B13,KYM5979,14,-22.916651,-43.631943,2023-07-26 05:28:09,0.0,,ida,14 - SANTA EUGÊNIA X SALVADOR ALLENDE (EXPRESSO) [IDA],1188.5,
B16,LSI3468,14,-22.961431,-43.647944,2023-07-26 05:34:30,0.0,,ida,14 - SANTA EUGÊNIA X SALVADOR ALLENDE (EXPRESSO) [IDA],1124.0,158
B35,LTI1196,14,-22.96148,-43.64811,2023-07-26 05:34:26,10.2,,ida,14 - SANTA EUGÊNIA X SALVADOR ALLENDE (EXPRESSO) [IDA],1073.4,180
B17,KWY8231,14,-22.947269,-43.654221,2023-07-26 05:34:20,57.2,,ida,14 - SANTA EUGÊNIA X SALVADOR ALLENDE (EXPRESSO) [IDA],1237.7,318
B18,KRK9729,14,-22.961429,-43.648466,2023-07-26 05:02:26,0.0,,ida,14 - SANTA EUGÊNIA X SALVADOR ALLENDE (EXPRESSO) [IDA],1124.5,
B20,LMH6141,14,-23.015512,-43.471505,2023-07-26 05:31:23,41.2,,volta,14 - SALVADOR ALLENDE x SANTA EUGÊNIA (EXPRESSO) [VOLTA],1177.6,254
B19,KZJ7238,14,-22.916566666666668,-43.631663333333336,2023-07-26 05:34:14,0.0,,ida,14 - SANTA EUGÊNIA X SALVADOR ALLENDE (EXPRESSO) [IDA],104993.2,225
B09,KRP3042,17,-22.815253333333334,-43.188356666666664,2023-05-02 16:34:21,0.0,,ida,17 - SANTA CRUZ X CAMPO GRANDE (PARADOR),133560.5,270
B32,KYR8913,14,-22.961444,-43.648623,2023-07-26 05:01:28,0.0,,ida,14 - SANTA EUGÊNIA X SALVADOR ALLENDE (EXPRESSO) [IDA],208.5,
B27,LRK9551,14,-22.961803333333332,-43.64848833333333,2023-05-23 10:28:39,2.0,,ida,14 - SANTA EUGÊNIA X SALVADOR ALLENDE,594528.6,135
B14,KRK9519,14,-22.91682,-43.632786,2023-07-26 05:34:18,0.0,,ida,14 - SANTA EUGÊNIA X SALVADOR ALLENDE (EXPRESSO) [IDA],1200.4,52
B06,LMS3036,17,-22.81576,-43.18839333333333,2023-05-02 09:01:13,0.0,,ida,17 - SANTA CRUZ X CAMPO GRANDE (PARADOR),26287.0,90
B11,KRK9516,14,-22.969326,-43.625101,2023-07-26 05:34:19,58.6,,ida,14 - SANTA EUGÊNIA X SALVADOR ALLENDE (EXPRESSO) [IDA],1231.1,77
B12,LMH5981,14,-22.936724,-43.667165,2023-07-26 05:27:57,8.1,,ida,14 - SANTA EUGÊNIA X SALVADOR ALLENDE (EXPRESSO) [IDA],1155.0,191
B24,LSO7028,14,-23.008609,-43.443463,2023-07-26 05:34:20,43.0,,volta,14 - SALVADOR ALLENDE x SANTA EUGÊNIA (EXPRESSO) [VOLTA],1214.3,74
B25,,14,-23.019521,-43.486572,2023-07-26 05:34:33,0.0,,ida,14 - SANTA EUGÊNIA X SALVADOR ALLENDE (EXPRESSO) [IDA],1129.3,58
B28,KQP5E29,14,-22.916715,-43.63299,2023-07-26 05:34:17,0.0,,ida,14 - SANTA EUGÊNIA X SALVADOR ALLENDE (EXPRESSO) [IDA],1141.9,234
B40,,14,-22.935274,-43.666012,2023-07-26 05:34:32,33.1,,ida,14 - SANTA EUGÊNIA X SALVADOR ALLENDE (EXPRESSO) [IDA],753.9,231
B41,,14,-22.930392,-43.655701,2023-07-26 05:34:16,61.1,,ida,14 - SANTA EUGÊNIA X SALVADOR ALLENDE (EXPRESSO) [IDA],1181.3,204
901001,RJD7J89,22,-23.00104,-43.365518,2023-07-26 05:33:13,0.0,,ida,22 - ALVORADA X J. OCEÂNICO (PARADOR) [IDA],17343.1,
B47,,14,-22.999519,-43.583152,2023-07-26 05:34:26,57.8,,ida,14 - SANTA EUGÊNIA X SALVADOR ALLENDE (EXPRESSO) [IDA],1195.3,104
B048,,14,-22.916489,-43.631443,2023-07-26 05:34:27,0.0,,ida,14 - SANTA EUGÊNIA X SALVADOR ALLENDE (EXPRESSO) [IDA],1167.9,258
B49,,14,-23.010791,-43.536571,2023-07-26 05:29:33,58.8,,ida,14 - SANTA EUGÊNIA X SALVADOR ALLENDE (EXPRESSO) [IDA],1156.3,108
B50,,14,-22.961396,-43.648458,2023-07-26 05:02:13,0.0,,ida,14 - SANTA EUGÊNIA X SALVADOR ALLENDE (EXPRESSO) [IDA],1020.5,
B52,,14,-22.961486,-43.648522,2023-07-26 05:02:24,0.0,,ida,14 - SANTA EUGÊNIA X SALVADOR ALLENDE (EXPRESSO) [IDA],1067.6,
B54,,14,-22.933853,-43.636015,2023-07-26 05:34:14,50.7,,ida,14 - SANTA EUGÊNIA X SALVADOR ALLENDE (EXPRESSO) [IDA],1180.6,7
B55,,14,-23.00083,-43.576892,2023-07-26 05:34:18,58.9,,volta,14 - SALVADOR ALLENDE x SANTA EUGÊNIA (EXPRESSO) [VOLTA],1170.9,285
B53,,14,-22.993275,-43.59756,2023-07-26 05:34:28,0.0,,ida,14 - SANTA EUGÊNIA X SALVADOR ALLENDE (EXPRESSO) [IDA],1211.1,134
B51,,14,-22.966873,-43.642009,2023-07-26 05:34:00,57.9,,volta,14 - SALVADOR ALLENDE x SANTA EUGÊNIA (EXPRESSO) [VOLTA],1252.0,287
901050,,53,-22.964994,-43.391744,2023-07-26 04:44:56,0.0,,ida,53 - SENTIDO ALVORADA (EXPRESSO) [IDA],24380.4,
901077,,52,-22.862066,-43.400438,2023-07-26 05:34:16,0.0,,ida,52 - SENTIDO ALVORADA (PARADOR) [IDA],26526.3,
903045,,17,-22.920185,-43.607828,2023-07-26 05:07:21,0.8,,ida,17 - SANTA CRUZ X CAMPO GRANDE (PARADOR) [IDA],25844.0,171
902119,,35,-22.87879,-43.33643,2023-07-26 05:34:21,0.0,,ida,35 - MADUREIRA X ALVORADA (PARADOR) [IDA],7697.6,
901058,,51,-22.861886,-43.400246,2023-07-26 05:34:25,0.0,,ida,51 - SENTIDO RECREIO (PARADOR) [IDA],44210.2,230
902105,,31,-22.876823,-43.330267,2023-07-26 05:34:18,0.0,,ida,31 - VICENTE DE CARVALHO X ALVORADA (SEMIDIRETO) [IDA],10187.9,
901071,,22,-22.913233,-43.400148,2023-07-26 05:34:20,54.6,,ida,22 - ALVORADA X J. OCEÂNICO (PARADOR) [IDA],43448.2,320
903027,,50,-23.001001,-43.364542,2023-07-26 05:34:33,9.7,,ida,50 - SENTIDO JD. OCEANICO (PARADOR) [IDA],49621.9,277
901066,,52,-22.8627,-43.401794,2023-07-26 05:34:20,56.2,,volta,52 - SENTIDO V. MILITAR (PARADOR) [VOLTA],50026.0,62
903026,,50,-23.0,-43.353662,2023-07-26 05:34:23,42.8,,volta,50 - SENTIDO T. OLIMPICO (PARADOR) [VOLTA],48965.9,271
903029,,50,-22.973296,-43.392833,2023-07-26 05:34:21,16.6,,ida,50 - SENTIDO JD. OCEANICO (PARADOR) [IDA],33516.1,92
902116,,35,-22.973326,-43.376879,2023-07-26 05:34:23,7.7,,volta,35 - ALVORADA  X  MADUREIRA (PARADOR) [VOLTA],11184.8,268
902115,,35,-22.926835,-43.37363,2023-07-26 05:34:14,25.2,,volta,35 - ALVORADA  X  MADUREIRA (PARADOR) [VOLTA],14874.1,355
903028,,50,-22.876208,-43.3295,2023-07-26 05:11:20,0.0,,ida,50 - SENTIDO JD. OCEANICO (PARADOR) [IDA],31655.2,
901061,,51,-22.862044,-43.400861,2023-07-26 05:34:17,0.5,,ida,51 - SENTIDO RECREIO (PARADOR) [IDA],43316.3,228
903030,,50,-22.972438,-43.401009,2023-07-26 05:34:28,0.0,,ida,50 - SENTIDO JD. OCEANICO (PARADOR) [IDA],40967.7,178
903057,,17,-22.920533,-43.60797,2023-06-26 04:59:59,0.0,,ida,17 - SANTA CRUZ X CAMPO GRANDE (PARADOR) [IDA],12199.8,
901051,,22,-22.9645,-43.391744,2023-07-26 05:00:45,0.0,,ida,22 - ALVORADA X J. OCEÂNICO (PARADOR) [IDA],39131.2,
901064,,22,-22.965198,-43.39174,2023-07-26 05:30:19,0.0,,ida,22 - ALVORADA X J. OCEÂNICO (PARADOR) [IDA],48930.6,151
902107,,31,-22.8766,-43.329839,2023-07-26 04:42:18,0.0,,ida,31 - VICENTE DE CARVALHO X ALVORADA (SEMIDIRETO) [IDA],9144.7,87
901049,,40,-22.964764,-43.392185,2023-07-25 22:30:46,0.0,,ida,40 - PAULO DA PORTELA X ALVORADA (EXPRESSO) [IDA],33144.199,340
901073,,51,-22.973353,-43.376402,2023-07-26 05:34:19,0.0,,volta,51 - SENTIDO V. MILITAR (PARADOR) [VOLTA],41867.8,88
901048,,51,-23.003652,-43.433754,2023-07-26 05:34:33,0.0,,volta,51 - SENTIDO V. MILITAR (PARADOR) [VOLTA],26351.1,45
901065,,52,-22.941238,-43.394671,2023-07-26 05:34:28,0.0,,ida,52 - SENTIDO ALVORADA (PARADOR) [IDA],35408.9,176
903031,,38,-22.938314,-43.372269,2023-07-26 05:34:15,44.3,,ida,38 - FUNDÃO X ALVORADA (PARADOR) [IDA],40612.9,184
902092,,35,-22.876992,-43.329554,2023-07-26 05:33:36,0.0,,ida,35 - MADUREIRA X ALVORADA (PARADOR) [IDA],7396.9,
903032,,42,-22.839164,-43.240029,2023-07-26 05:34:30,0.2,,ida,42 - GALEÃO X MADUREIRA MANANCEIA (PARADOR) [IDA],42721.6,144
901075,,51,-22.94281,-43.394487,2023-07-26 05:34:17,49.3,,volta,51 - SENTIDO V. MILITAR (PARADOR) [VOLTA],49016.8,174
903055,,17,-22.920449,-43.643473,2023-07-26 05:34:21,0.0,,ida,17 - SANTA CRUZ X CAMPO GRANDE (PARADOR) [IDA],18915.9,57
902112,,31,-22.876406,-43.329783,2023-07-26 05:15:47,0.0,,ida,31 - VICENTE DE CARVALHO X ALVORADA (SEMIDIRETO) [IDA],11288.7,
903037,,17,-22.907875,-43.577268,2023-07-26 05:34:28,12.0,,ida,17 - SANTA CRUZ X CAMPO GRANDE (PARADOR) [IDA],20716.2,69
903002,,42,-22.842168,-43.299721,2023-07-26 05:34:15,58.2,,volta,42 - MADUREIRA MANANCEIA X GALEAO (PARADOR) [VOLTA],6979.7,40
901080,,53,-23.001026,-43.364765,2023-07-26 05:34:13,16.3,,volta,53 - SENTIDO SULACAP (EXPRESSO) [VOLTA],31293.6,256
902110,,35,-22.915482,-43.361287,2023-07-26 05:34:30,22.5,,volta,35 - ALVORADA  X  MADUREIRA (PARADOR) [VOLTA],8843.6,31
902114,,35,-22.882961,-43.342209,2023-07-26 05:34:24,26.8,,ida,35 - MADUREIRA X ALVORADA (PARADOR) [IDA],8979.6,210
902078,,31,-22.850974,-43.31005,2023-07-26 05:34:14,0.0,,ida,31 - VICENTE DE CARVALHO X ALVORADA (SEMIDIRETO) [IDA],10287.7,64
902111,,35,-22.876348,-43.330048,2023-07-26 05:34:30,0.0,,ida,35 - MADUREIRA X ALVORADA (PARADOR) [IDA],10289.6,
902025,,35,-22.876778,-43.330217,2023-07-26 04:57:40,0.0,,ida,35 - MADUREIRA X ALVORADA (PARADOR) [IDA],9822.0,
903054,,17,-22.918195,-43.68308,2023-07-26 05:34:20,0.0,,ida,17 - SANTA CRUZ X CAMPO GRANDE (PARADOR) [IDA],17679.3,326
903021,,42,-22.879023,-43.338373,2023-07-26 05:34:28,42.5,,volta,42 - MADUREIRA MANANCEIA X GALEAO (PARADOR) [VOLTA],34636.7,89
903056,,17,-22.924856,-43.679179,2023-07-07 05:33:38,50.5,,ida,17 - SANTA CRUZ X CAMPO GRANDE (PARADOR) [IDA],14657.6,174
903000,,50,-22.972083,-43.401351,2023-07-26 05:34:23,0.0,,ida,50 - SENTIDO JD. OCEANICO (PARADOR) [IDA],31898.8,231
903058,,17,-22.917854,-43.683284,2023-07-26 05:34:14,0.0,,ida,17 - SANTA CRUZ X CAMPO GRANDE (PARADOR) [IDA],9174.6,329
901072,,52,-23.000989,-43.364426,2023-07-26 05:34:20,11.9,,volta,52 - SENTIDO V. MILITAR (PARADOR) [VOLTA],38639.4,308
902045,,31,-22.918338,-43.365033,2023-07-26 05:34:19,0.1,,ida,31 - VICENTE DE CARVALHO X ALVORADA (SEMIDIRETO) [IDA],6838.0,239
903008,,42,-22.875991,-43.329264,2023-07-26 05:14:07,0.0,,ida,42 - GALEÃO X MADUREIRA MANANCEIA (PARADOR) [IDA],48275.9,
903007,,50,-22.972015,-43.401217,2023-07-26 05:33:49,0.0,,ida,50 - SENTIDO JD. OCEANICO (PARADOR) [IDA],41368.7,179
903004,,42,-22.877377,-43.336136,2023-07-26 05:34:31,0.0,,volta,42 - MADUREIRA MANANCEIA X GALEAO (PARADOR) [VOLTA],39210.7,40
903006,,42,-22.839816,-43.23954,2023-07-26 05:34:20,0.0,,ida,42 - GALEÃO X MADUREIRA MANANCEIA (PARADOR) [IDA],46397.1,140
901046,,53,-22.965111,-43.391366,2023-07-26 05:17:30,0.0,,ida,53 - SENTIDO ALVORADA (EXPRESSO) [IDA],28732.0,
903005,,42,-22.841527,-43.298912,2023-07-26 05:34:21,8.5,,ida,42 - GALEÃO X MADUREIRA MANANCEIA (PARADOR) [IDA],38831.5,230
903022,,50,-22.972299,-43.401091,2023-07-26 05:34:23,0.0,,ida,50 - SENTIDO JD. OCEANICO (PARADOR) [IDA],37742.3,189
903035,,17,-22.916786,-43.632623,2023-07-26 05:34:21,6.4,,ida,17 - SANTA CRUZ X CAMPO GRANDE (PARADOR) [IDA],19578.6,69
901059,,51,-22.862112,-43.400494,2023-07-26 05:34:15,12.7,,ida,51 - SENTIDO RECREIO (PARADOR) [IDA],48374.4,49
903003,,42,-22.85483,-43.253517,2023-07-26 05:34:27,0.0,,volta,42 - MADUREIRA MANANCEIA X GALEAO (PARADOR) [VOLTA],41720.2,97
901019,,22,-23.000912,-43.366411,2023-07-26 05:23:41,11.4,,ida,22 - ALVORADA X J. OCEÂNICO (PARADOR) [IDA],32124.4,41
901020,,22,-23.000957,-43.365904,2023-07-26 05:34:17,0.0,,ida,22 - ALVORADA X J. OCEÂNICO (PARADOR) [IDA],25521.9,
901021,,40,-23.000621,-43.365734,2023-07-26 05:09:29,0.0,,volta,40 - ALVORADA X PAULO DA PORTELA (EXPRESSO) [VOLTA],17611.0,91
901022,,22,-23.001089,-43.365159,2023-07-26 05:34:15,16.7,,ida,22 - ALVORADA X J. OCEÂNICO (PARADOR) [IDA],18622.0,261
901023,,51,-22.965322,-43.391357,2023-07-26 04:03:22,0.0,,volta,51 - SENTIDO V. MILITAR (PARADOR) [VOLTA],33695.9,51
901024,,22,-23.000872,-43.366235,2023-07-26 05:34:21,0.0,,ida,22 - ALVORADA X J. OCEÂNICO (PARADOR) [IDA],20663.0,242
901025,,51,-22.977566,-43.407016,2023-07-26 05:34:16,32.4,,ida,51 - SENTIDO RECREIO (PARADOR) [IDA],40731.0,214
901026,,51,-22.96515,-43.391119,2023-07-26 05:00:22,0.0,,volta,51 - SENTIDO V. MILITAR (PARADOR) [VOLTA],32959.1,
901027,,51,-22.879559,-43.400183,2023-07-26 05:34:28,46.4,,ida,51 - SENTIDO RECREIO (PARADOR) [IDA],25993.7,153
901028,,40,-23.001112,-43.364345,2023-07-26 05:34:33,17.0,,volta,40 - ALVORADA X PAULO DA PORTELA (EXPRESSO) [VOLTA],23793.7,358
903001,,38,-22.876341,-43.329516,2023-07-25 23:11:00,0.0,,ida,38 - FUNDÃO X ALVORADA (PARADOR) [IDA],46484.4,
901029,,31,-22.965484,-43.391568,2023-07-26 05:28:56,0.0,,ida,31 - VICENTE DE CARVALHO X ALVORADA (SEMIDIRETO) [IDA],24905.3,
901030,,40,-22.892068,-43.348222,2023-07-26 05:34:20,0.0,,ida,40 - PAULO DA PORTELA X ALVORADA (EXPRESSO) [IDA],21838.8,206
901031,,46,-22.965156,-43.391547,2023-07-26 05:32:28,0.0,,ida,46 - PENHA X ALVORADA (EXPRESSO) [IDA],24483.6,
901032,,40,-22.921172,-43.370222,2023-07-26 05:34:18,12.4,,ida,40 - PAULO DA PORTELA X ALVORADA (EXPRESSO) [IDA],25302.6,240
901033,,40,-22.964504,-43.392015,2023-07-26 04:41:32,0.0,,ida,40 - PAULO DA PORTELA X ALVORADA (EXPRESSO) [IDA],26774.3,
901034,,40,-22.877814,-43.336441,2023-07-26 05:34:24,10.5,,ida,40 - PAULO DA PORTELA X ALVORADA (EXPRESSO) [IDA],27526.3,288
901035,,22,-22.965695,-43.391352,2023-07-26 05:16:00,0.0,,ida,22 - ALVORADA X J. OCEÂNICO (PARADOR) [IDA],26023.0,
901036,,52,-22.879875,-43.341716,2023-07-26 05:34:14,0.0,,ida,52 - SENTIDO ALVORADA (PARADOR) [IDA],22818.1,5
901037,,52,-22.964737,-43.391949,2023-07-26 04:45:22,0.0,,ida,52 - SENTIDO ALVORADA (PARADOR) [IDA],20007.6,
901038,,22,-22.958153,-43.381295,2023-07-26 05:34:18,59.0,,ida,22 - ALVORADA X J. OCEÂNICO (PARADOR) [IDA],27359.0,69
901039,,35,-22.964948,-43.391564,2023-07-26 05:09:31,0.0,,ida,35 - MADUREIRA X ALVORADA (PARADOR) [IDA],24670.8,
901040,,41,-22.949957,-43.373044,2023-07-26 05:34:13,56.4,,volta,41 - TERMINAL RECREIO X PAULO DA PORTELA (EXPRESSO) [VOLTA],29565.2,20
901041,,22,-22.964968,-43.391999,2023-07-26 05:34:25,0.0,,ida,22 - ALVORADA X J. OCEÂNICO (PARADOR) [IDA],26160.5,
901042,,53,-22.965507,-43.391614,2023-07-26 05:34:28,0.0,,ida,53 - SENTIDO ALVORADA (EXPRESSO) [IDA],29893.6,
901043,,22,-22.964267,-43.391865,2023-07-26 05:31:25,0.0,,ida,22 - ALVORADA X J. OCEÂNICO (PARADOR) [IDA],25145.5,
901054,,40,-22.964638,-43.391689,2023-07-26 05:00:26,0.0,,ida,40 - PAULO DA PORTELA X ALVORADA (EXPRESSO) [IDA],21336.9,
903009,,42,-22.865933,-43.334439,2023-07-26 05:34:27,0.0,,ida,42 - GALEÃO X MADUREIRA MANANCEIA (PARADOR) [IDA],47203.0,204
903010,,42,-22.839902,-43.239403,2023-07-26 05:34:23,0.0,,ida,42 - GALEÃO X MADUREIRA MANANCEIA (PARADOR) [IDA],43702.4,143
903011,,42,-22.809374,-43.251247,2023-07-26 05:34:32,26.8,,ida,42 - GALEÃO X MADUREIRA MANANCEIA (PARADOR) [IDA],45351.8,275
903012,,42,-22.857058,-43.329208,2023-07-26 05:34:13,3.1,,volta,42 - MADUREIRA MANANCEIA X GALEAO (PARADOR) [VOLTA],47963.2,12
903015,,42,-22.839865,-43.239552,2023-07-26 05:34:16,0.0,,ida,42 - GALEÃO X MADUREIRA MANANCEIA (PARADOR) [IDA],47876.8,323
903016,,42,-22.839643,-43.23971,2023-07-26 05:34:24,3.1,,ida,42 - GALEÃO X MADUREIRA MANANCEIA (PARADOR) [IDA],42548.5,140
903017,,50,-23.006506,-43.313576,2023-07-26 05:34:27,0.0,,volta,50 - SENTIDO T. OLIMPICO (PARADOR) [VOLTA],44917.2,272
903018,,38,-22.877009,-43.330235,2023-07-26 05:05:06,0.0,,ida,38 - FUNDÃO X ALVORADA (PARADOR) [IDA],11282.2,165
903019,,50,-22.876099,-43.32944,2023-07-24 15:02:37,0.0,,ida,50 - SENTIDO JD. OCEANICO (PARADOR) [IDA],4452.0,
903020,,50,-23.000847,-43.331557,2023-07-26 05:34:28,58.8,,ida,50 - SENTIDO JD. OCEANICO (PARADOR) [IDA],43854.0,94
903023,,42,-22.876882,-43.330267,2023-07-26 05:17:04,0.0,,ida,42 - GALEÃO X MADUREIRA MANANCEIA (PARADOR) [IDA],39307.7,
903024,,42,-22.878797,-43.33707,2023-07-26 05:34:28,47.7,,ida,42 - GALEÃO X MADUREIRA MANANCEIA (PARADOR) [IDA],38025.2,49
903025,,50,-23.000542,-43.368693,2023-07-26 05:34:23,22.9,,volta,50 - SENTIDO T. OLIMPICO (PARADOR) [VOLTA],39467.2,322
903013,,42,-22.854899,-43.251693,2023-07-26 05:34:31,33.4,,ida,42 - GALEÃO X MADUREIRA MANANCEIA (PARADOR) [IDA],44484.8,250
903014,,38,-22.972139,-43.401052,2023-07-26 05:34:31,0.0,,ida,38 - FUNDÃO X ALVORADA (PARADOR) [IDA],51739.0,133
902097,,35,-22.876316,-43.32995,2023-07-26 04:49:07,0.0,,ida,35 - MADUREIRA X ALVORADA (PARADOR) [IDA],11135.7,
901045,,52,-22.965468,-43.391443,2023-07-26 04:48:20,0.0,,ida,52 - SENTIDO ALVORADA (PARADOR) [IDA],32218.5,
901053,,22,-22.965117,-43.391532,2023-07-26 05:08:49,0.0,,ida,22 - ALVORADA X J. OCEÂNICO (PARADOR) [IDA],19781.0,
901060,,51,-22.940195,-43.39465,2023-07-26 05:34:16,33.0,,volta,51 - SENTIDO V. MILITAR (PARADOR) [VOLTA],24794.0,355
903052,,17,-22.907115,-43.570578,2023-07-26 05:13:45,0.0,,ida,17 - SANTA CRUZ X CAMPO GRANDE (PARADOR) [IDA],21801.7,96
903060,,17,-22.920253,-43.607571,2023-07-26 04:43:07,0.0,,ida,17 - SANTA CRUZ X CAMPO GRANDE (PARADOR) [IDA],20533.0,
903063,,17,-22.920311,-43.608144,2023-07-26 05:34:27,0.0,,ida,17 - SANTA CRUZ X CAMPO GRANDE (PARADOR) [IDA],21497.7,
901000,,22,-23.000011,-43.360307,2023-07-26 05:34:25,23.6,,ida,22 - ALVORADA X J. OCEÂNICO (PARADOR) [IDA],30204.7,82
902113,,31,-22.878941,-43.337346,2023-07-26 05:34:30,42.6,,ida,31 - VICENTE DE CARVALHO X ALVORADA (SEMIDIRETO) [IDA],8858.5,247
902118,,31,-22.850889,-43.310008,2023-07-26 05:34:18,15.1,,ida,31 - VICENTE DE CARVALHO X ALVORADA (SEMIDIRETO) [IDA],7646.5,240
902117,,31,-22.973232,-43.384707,2023-07-26 05:34:17,37.1,,ida,31 - VICENTE DE CARVALHO X ALVORADA (SEMIDIRETO) [IDA],10259.1,87
901052,,51,-22.964312,-43.391752,2023-07-26 05:23:01,0.0,,volta,51 - SENTIDO V. MILITAR (PARADOR) [VOLTA],20219.3,
901056,,22,-22.964518,-43.391765,2023-07-26 04:52:16,0.0,,ida,22 - ALVORADA X J. OCEÂNICO (PARADOR) [IDA],25289.5,
901044,,40,-22.98405,-43.365757,2023-07-26 05:34:18,19.7,,ida,40 - PAULO DA PORTELA X ALVORADA (EXPRESSO) [IDA],29612.1,182
903033,,42,-22.861941,-43.330887,2023-07-26 05:34:26,32.6,,ida,42 - GALEÃO X MADUREIRA MANANCEIA (PARADOR) [IDA],36580.2,214
902049,,46,-22.85431,-43.251867,2023-07-26 05:34:17,0.0,,ida,46 - PENHA X ALVORADA (EXPRESSO) [IDA],36014.9,
902020,,46,-22.844271,-43.301139,2023-07-26 05:34:30,53.6,,ida,46 - PENHA X ALVORADA (EXPRESSO) [IDA],31643.3,208
902022,,46,-22.898233,-43.35275,2023-07-26 05:34:16,1.9,,ida,46 - PENHA X ALVORADA (EXPRESSO) [IDA],30794.5,218
901092,,22,-22.964666,-43.391703,2023-07-26 04:37:20,0.0,,ida,22 - ALVORADA X J. OCEÂNICO (PARADOR) [IDA],2414.0,
901093,,51,-22.862301,-43.401088,2023-07-26 05:34:29,7.9,,ida,51 - SENTIDO RECREIO (PARADOR) [IDA],27803.3,217
902023,,46,-22.855372,-43.251317,2023-07-25 18:16:45,0.0,,ida,46 - PENHA X ALVORADA (EXPRESSO) [IDA],24161.5,
902059,,43,-22.870196,-43.335509,2023-07-26 05:34:29,10.8,,volta,43 - SANTA EFIGENIA X FUNDÃO (EXPRESSO) [VOLTA],35722.7,22
902056,,46,-22.841549,-43.277134,2023-07-26 05:19:54,0.0,,ida,46 - PENHA X ALVORADA (EXPRESSO) [IDA],34645.4,
901091,,51,-23.007794,-43.438876,2023-07-26 05:34:30,25.6,,ida,51 - SENTIDO RECREIO (PARADOR) [IDA],31140.2,277
901096,,51,-22.972493,-43.399951,2023-07-26 05:34:19,45.2,,volta,51 - SENTIDO V. MILITAR (PARADOR) [VOLTA],34300.9,329
901086,,53,-22.911127,-43.400785,2023-07-26 05:33:12,51.9,,ida,53 - SENTIDO ALVORADA (EXPRESSO) [IDA],48380.9,12
902032,,46,-23.00134,-43.364745,2023-07-26 05:34:24,0.0,,volta,46 - ALVORADA X PENHA (EXPRESSO) [VOLTA],36296.9,
902024,,46,-22.854772,-43.251995,2023-07-26 04:53:56,0.0,,ida,46 - PENHA X ALVORADA (EXPRESSO) [IDA],35203.2,
901094,,0,-22.861601,-43.399719,2023-07-26 05:34:15,33.4,,,,32762.6,62
902027,,43,-22.923552,-43.37387,2023-07-26 05:34:30,0.0,,volta,43 - SANTA EFIGENIA X FUNDÃO (EXPRESSO) [VOLTA],32883.5,345
902031,,41,-22.854586,-43.251019,2023-07-26 05:34:29,0.0,,volta,41 - TERMINAL RECREIO X PAULO DA PORTELA (EXPRESSO) [VOLTA],34805.8,
902028,,46,-22.841324,-43.276301,2023-07-26 05:32:05,0.0,,ida,46 - PENHA X ALVORADA (EXPRESSO) [IDA],37604.7,286
902029,,46,-22.854566,-43.251874,2023-07-26 05:34:26,8.7,,ida,46 - PENHA X ALVORADA (EXPRESSO) [IDA],35412.3,102
902018,,40,-22.95353,-43.375549,2023-07-26 05:34:20,59.0,,ida,40 - PAULO DA PORTELA X ALVORADA (EXPRESSO) [IDA],23649.6,216
902046,,46,-22.936853,-43.371881,2023-07-26 05:34:19,0.0,,ida,46 - PENHA X ALVORADA (EXPRESSO) [IDA],33384.5,201
12715,,20,-22.918343,-43.683021,2023-07-26 05:34:24,0.0,,ida,20 - SANTA CRUZ X SALVADOR ALLENDE (EXPRESSO) [IDA],42389.1,
902010,,40,-22.948424,-43.372441,2023-07-26 05:34:21,57.0,,ida,40 - PAULO DA PORTELA X ALVORADA (EXPRESSO) [IDA],10961.1,20
902026,,41,-22.854169,-43.25165,2023-07-26 05:34:17,0.0,,volta,41 - TERMINAL RECREIO X PAULO DA PORTELA (EXPRESSO) [VOLTA],33962.4,
901089,,0,-22.965186,-43.391693,2023-07-26 05:34:27,0.0,,,,45838.9,
86850,,14,-23.008182,-43.442758,2023-05-03 09:22:53,0.0,,volta,14 - SALVADOR ALLENDE x SANTA EUGÊNIA,7855.3,
901062,,51,-22.976733,-43.406288,2023-07-26 05:34:24,0.0,,volta,51 - SENTIDO V. MILITAR (PARADOR) [VOLTA],46942.0,36
902033,,43,-22.854319,-43.25199,2023-07-26 05:27:30,0.0,,volta,43 - SANTA EFIGENIA X FUNDÃO (EXPRESSO) [VOLTA],33362.199,302
902053,,46,-22.85454,-43.251254,2023-07-26 05:34:18,0.0,,ida,46 - PENHA X ALVORADA (EXPRESSO) [IDA],33488.9,
902035,,43,-22.854359,-43.251662,2023-07-26 05:17:04,0.0,,ida,43 - FUNDÃO X SANTA EFIGENIA (EXPRESSO) [IDA],29043.7,
E902000,,41,-22.872005,-43.33623,2023-07-26 05:34:25,0.0,,volta,41 - TERMINAL RECREIO X PAULO DA PORTELA (EXPRESSO) [VOLTA],10395.9,199
901067,,52,-22.940756,-43.394648,2023-07-26 05:34:28,7.3,,volta,52 - SENTIDO V. MILITAR (PARADOR) [VOLTA],41780.6,356
E902004,,41,-22.856104,-43.259046,2023-07-26 05:34:20,24.7,,volta,41 - TERMINAL RECREIO X PAULO DA PORTELA (EXPRESSO) [VOLTA],13270.3,326
12713,,18,-23.006652,-43.312004,2023-07-26 05:34:30,10.1,,volta,18 - JARDIM OCEÂNICO X RECREIO SHOPPING (EXPRESSO) [VOLTA],35268.7,269
12705,,11,-22.919648,-43.608312,2023-07-26 05:00:55,0.0,,ida,11 - SANTA CRUZ X ALVORADA (PARADOR) [IDA],29635.3,
902062,,46,-22.841281,-43.276241,2023-07-26 05:34:20,0.0,,ida,46 - PENHA X ALVORADA (EXPRESSO) [IDA],33296.8,
902048,,46,-22.878986,-43.340794,2023-07-26 05:34:32,45.2,,volta,46 - ALVORADA X PENHA (EXPRESSO) [VOLTA],23978.4,81
44705,,0,-22.919558,-43.607556,2023-07-26 05:00:13,0.0,,,,12732.1,
902058,,46,-22.854166,-43.251918,2023-07-26 05:34:14,0.0,,ida,46 - PENHA X ALVORADA (EXPRESSO) [IDA],34575.2,
902021,,46,-22.85481,-43.252025,2023-07-26 04:57:52,0.0,,ida,46 - PENHA X ALVORADA (EXPRESSO) [IDA],28474.1,
12728,,19,-22.920614,-43.607649,2023-07-26 04:44:59,0.0,,ida,19 - PINGO D'AGUA X SALVADOR ALLENDE (EXPRESSO) [IDA],42500.0,
901068,,51,-22.88598,-43.400665,2023-07-26 05:34:30,0.0,,volta,51 - SENTIDO V. MILITAR (PARADOR) [VOLTA],50837.7,9
44731,,0,-22.920193,-43.607418,2023-03-08 06:32:40,0.0,,,,2058.1,
902003,,41,-22.848346,-43.306403,2023-07-26 05:34:18,58.5,,volta,41 - TERMINAL RECREIO X PAULO DA PORTELA (EXPRESSO) [VOLTA],17406.9,230
902102,,35,-22.925086,-43.373819,2023-07-26 05:34:21,24.1,,ida,35 - MADUREIRA X ALVORADA (PARADOR) [IDA],12387.8,177
901016,,40,-23.000916,-43.364972,2023-07-26 05:06:57,0.0,,volta,40 - ALVORADA X PAULO DA PORTELA (EXPRESSO) [VOLTA],37351.1,
901082,,53,-22.973217,-43.399123,2023-07-26 05:34:21,47.3,,ida,53 - SENTIDO ALVORADA (EXPRESSO) [IDA],47086.4,100
902061,,46,-22.854222,-43.251952,2023-07-26 05:09:54,0.0,,ida,46 - PENHA X ALVORADA (EXPRESSO) [IDA],28946.0,
902066,,46,-22.842107,-43.277769,2023-07-26 05:34:32,0.0,,ida,46 - PENHA X ALVORADA (EXPRESSO) [IDA],31317.9,221
902005,,40,-22.965347,-43.391552,2023-07-26 04:43:54,0.0,,ida,40 - PAULO DA PORTELA X ALVORADA (EXPRESSO) [IDA],18982.4,
902052,,46,-22.934668,-43.3721,2023-07-26 05:34:22,18.7,,volta,46 - ALVORADA X PENHA (EXPRESSO) [VOLTA],35628.7,333
902050,,43,-22.84817,-43.265818,2023-07-26 05:34:23,18.1,,volta,43 - SANTA EFIGENIA X FUNDÃO (EXPRESSO) [VOLTA],31281.4,153
12716,,20,-22.931147,-43.673494,2023-07-26 05:25:01,0.0,,ida,20 - SANTA CRUZ X SALVADOR ALLENDE (EXPRESSO) [IDA],45564.8,
902016,,46,-22.965138,-43.391855,2023-07-26 04:15:55,0.0,,ida,46 - PENHA X ALVORADA (EXPRESSO) [IDA],18680.9,
902019,,40,-22.965715,-43.39184,2023-07-26 05:01:26,0.0,,ida,40 - PAULO DA PORTELA X ALVORADA (EXPRESSO) [IDA],17353.3,
E902009,,35,-22.964679,-43.391668,2023-07-20 19:23:08,0.0,,ida,35 - MADUREIRA X ALVORADA (PARADOR) [IDA],3193.4,
902063,,46,-22.973245,-43.378131,2023-07-26 05:34:19,52.1,,volta,46 - ALVORADA X PENHA (EXPRESSO) [VOLTA],33274.0,275
902017,,31,-22.909433,-43.359347,2023-07-26 05:34:33,22.7,,ida,31 - VICENTE DE CARVALHO X ALVORADA (SEMIDIRETO) [IDA],23879.3,39
E902015,,46,-22.965719,-43.391761,2023-07-26 05:23:12,0.0,,ida,46 - PENHA X ALVORADA (EXPRESSO) [IDA],8188.1,
902057,,46,-22.854082,-43.251502,2023-07-26 05:34:28,0.0,,ida,46 - PENHA X ALVORADA (EXPRESSO) [IDA],29122.5,
902060,,43,-22.839165,-43.24009,2023-07-26 05:21:12,0.0,,ida,43 - FUNDÃO X SANTA EFIGENIA (EXPRESSO) [IDA],30133.0,
902008,,40,-22.87874,-43.336322,2023-07-26 05:34:23,0.0,,ida,40 - PAULO DA PORTELA X ALVORADA (EXPRESSO) [IDA],10537.9,
902047,,46,-22.872298,-43.336305,2023-07-26 05:34:15,0.0,,ida,46 - PENHA X ALVORADA (EXPRESSO) [IDA],23974.2,199
902007,,40,-22.965517,-43.39179,2023-07-26 05:32:54,0.0,,ida,40 - PAULO DA PORTELA X ALVORADA (EXPRESSO) [IDA],18902.4,
902051,,46,-22.973284,-43.383848,2023-07-26 05:34:19,46.3,,ida,46 - PENHA X ALVORADA (EXPRESSO) [IDA],33009.4,90
902067,,46,-23.001018,-43.367982,2023-07-26 05:30:40,0.0,,volta,46 - ALVORADA X PENHA (EXPRESSO) [VOLTA],34105.6,
901088,,31,-22.936763,-43.395264,2023-07-26 05:34:23,56.1,,ida,31 - VICENTE DE CARVALHO X ALVORADA (SEMIDIRETO) [IDA],41625.5,350
901078,,52,-22.965518,-43.391519,2023-07-26 05:28:49,0.0,,ida,52 - SENTIDO ALVORADA (PARADOR) [IDA],33603.7,
901098,,51,-22.899268,-43.397706,2023-07-26 05:33:10,55.7,,ida,51 - SENTIDO RECREIO (PARADOR) [IDA],27300.9,170
901090,,53,-22.965366,-43.391406,2023-07-26 05:34:33,0.0,,ida,53 - SENTIDO ALVORADA (EXPRESSO) [IDA],36783.0,
901055,,51,-22.963894,-43.394519,2023-07-26 05:34:12,36.5,,ida,51 - SENTIDO RECREIO (PARADOR) [IDA],46672.1,222
901076,,52,-22.876296,-43.405067,2023-07-26 05:34:28,16.7,,ida,52 - SENTIDO ALVORADA (PARADOR) [IDA],31278.0,146
902054,,46,-22.84157,-43.276987,2023-07-26 05:34:18,0.0,,ida,46 - PENHA X ALVORADA (EXPRESSO) [IDA],35708.5,
901079,,53,-23.001298,-43.365522,2023-07-26 05:34:22,13.3,,volta,53 - SENTIDO SULACAP (EXPRESSO) [VOLTA],44069.3,78
901084,,53,-22.899282,-43.39769,2023-07-26 05:33:46,56.7,,ida,53 - SENTIDO ALVORADA (EXPRESSO) [IDA],52314.2,170
901070,,52,-22.994346,-43.365828,2023-07-26 05:34:17,0.0,,volta,52 - SENTIDO V. MILITAR (PARADOR) [VOLTA],40500.7,359
902080,,46,-23.001351,-43.365848,2023-07-26 05:34:25,29.3,,volta,46 - ALVORADA X PENHA (EXPRESSO) [VOLTA],34369.4,87
901081,,53,-22.97338,-43.36639,2023-07-26 05:34:32,57.8,,ida,53 - SENTIDO ALVORADA (EXPRESSO) [IDA],41816.5,94
902065,,43,-22.880118,-43.341829,2023-07-26 05:34:27,35.9,,ida,43 - FUNDÃO X SANTA EFIGENIA (EXPRESSO) [IDA],35374.4,177
901069,,52,-22.973149,-43.397194,2023-07-26 05:34:23,55.5,,volta,52 - SENTIDO V. MILITAR (PARADOR) [VOLTA],37751.5,271
901074,,52,-22.965672,-43.396096,2023-07-26 05:33:58,51.7,,ida,52 - SENTIDO ALVORADA (PARADOR) [IDA],39527.8,221
901085,,53,-22.884525,-43.399365,2023-07-26 05:34:15,0.0,,ida,53 - SENTIDO ALVORADA (EXPRESSO) [IDA],43544.8,13
902073,,35,-22.876405,-43.330111,2023-07-26 04:59:02,0.0,,ida,35 - MADUREIRA X ALVORADA (PARADOR) [IDA],9883.0,
902030,,31,-22.989405,-43.365876,2023-07-26 05:34:18,60.0,,ida,31 - VICENTE DE CARVALHO X ALVORADA (SEMIDIRETO) [IDA],11315.8,181
902071,,46,-22.951449,-43.373925,2023-07-26 05:34:21,56.5,,volta,46 - ALVORADA X PENHA (EXPRESSO) [VOLTA],35948.8,36
902072,,43,-22.848398,-43.245521,2023-07-26 05:34:24,40.0,,ida,43 - FUNDÃO X SANTA EFIGENIA (EXPRESSO) [IDA],32692.2,225
902101,,31,-22.879079,-43.331635,2023-07-26 05:34:31,29.6,,ida,31 - VICENTE DE CARVALHO X ALVORADA (SEMIDIRETO) [IDA],10055.3,265
902068,,43,-22.854423,-43.251599,2023-07-26 05:34:30,0.0,,ida,43 - FUNDÃO X SANTA EFIGENIA (EXPRESSO) [IDA],35600.1,
902064,,41,-22.891768,-43.348045,2023-07-26 05:34:24,0.0,,ida,41 - PAULO DA PORTELA X TERMINAL RECREIO (EXPRESSO) [IDA],0.0,212
902070,,46,-23.001054,-43.367595,2023-07-26 05:19:39,0.0,,volta,46 - ALVORADA X PENHA (EXPRESSO) [VOLTA],36299.4,
901083,,53,-22.949988,-43.390034,2023-07-26 05:34:20,60.6,,ida,53 - SENTIDO ALVORADA (EXPRESSO) [IDA],49433.7,168
901087,,53,-22.88379,-43.399655,2023-07-26 05:34:20,0.0,,ida,53 - SENTIDO ALVORADA (EXPRESSO) [IDA],47539.1,146
902085,,46,-22.864294,-43.333602,2023-07-26 05:34:19,56.1,,ida,46 - PENHA X ALVORADA (EXPRESSO) [IDA],34062.2,219
E902012,,40,-22.965202,-43.392099,2023-07-26 05:34:22,0.0,,ida,40 - PAULO DA PORTELA X ALVORADA (EXPRESSO) [IDA],9751.3,
E902001,,41,-22.87915,-43.336779,2023-07-26 05:34:26,0.0,,volta,41 - TERMINAL RECREIO X PAULO DA PORTELA (EXPRESSO) [VOLTA],20883.4,
E902006,,40,-22.927697,-43.373586,2023-07-26 05:34:15,37.2,,ida,40 - PAULO DA PORTELA X ALVORADA (EXPRESSO) [IDA],19312.9,175
E902011,,40,-22.876084,-43.339004,2023-07-26 05:34:24,14.9,,ida,40 - PAULO DA PORTELA X ALVORADA (EXPRESSO) [IDA],8603.2,252
E902014,,41,-22.965593,-43.391789,2023-07-26 05:34:19,0.0,,volta,41 - TERMINAL RECREIO X PAULO DA PORTELA (EXPRESSO) [VOLTA],16099.0,
902002,,41,-22.878612,-43.336302,2023-07-26 05:34:29,0.0,,ida,41 - PAULO DA PORTELA X TERMINAL RECREIO (EXPRESSO) [IDA],19836.5,
901095,,51,-22.868492,-43.413556,2023-07-26 05:34:28,31.2,,volta,51 - SENTIDO V. MILITAR (PARADOR) [VOLTA],35051.7,20
902069,,41,-23.008588,-43.440583,2023-07-26 05:34:25,0.0,,volta,41 - TERMINAL RECREIO X PAULO DA PORTELA (EXPRESSO) [VOLTA],32599.2,
902094,,35,-22.878509,-43.336305,2023-07-26 05:34:15,0.0,,ida,35 - MADUREIRA X ALVORADA (PARADOR) [IDA],9094.2,
903068,,17,-22.915768,-43.615642,2023-07-26 05:34:19,24.8,,volta,17 - CAMPO GRANDE  X SANTA CRUZ (PARADOR) [VOLTA],20742.6,285
901097,,52,-23.001057,-43.366038,2023-07-26 05:34:32,0.0,,volta,52 - SENTIDO V. MILITAR (PARADOR) [VOLTA],35652.9,
902081,,31,-22.852588,-43.318851,2023-07-26 05:34:30,2.3,,ida,31 - VICENTE DE CARVALHO X ALVORADA (SEMIDIRETO) [IDA],11491.6,85
902075,,31,-22.852459,-43.312629,2023-07-26 05:34:19,0.0,,ida,31 - VICENTE DE CARVALHO X ALVORADA (SEMIDIRETO) [IDA],14101.6,
902013,,43,-22.965764,-43.391688,2023-07-26 05:26:43,0.0,,ida,43 - FUNDÃO X SANTA EFIGENIA (EXPRESSO) [IDA],11572.2,
902082,,35,-23.000703,-43.367538,2023-07-26 05:34:22,0.0,,volta,35 - ALVORADA  X  MADUREIRA (PARADOR) [VOLTA],10881.3,
903062,,17,-22.907598,-43.566202,2023-07-26 05:26:58,0.0,,ida,17 - SANTA CRUZ X CAMPO GRANDE (PARADOR) [IDA],20196.6,102
902089,,35,-23.000935,-43.36455,2023-07-26 05:34:16,17.6,,volta,35 - ALVORADA  X  MADUREIRA (PARADOR) [VOLTA],9776.1,269
903041,,50,-22.933191,-43.372794,2023-07-26 05:34:30,31.1,,ida,50 - SENTIDO JD. OCEANICO (PARADOR) [IDA],27442.8,158
903051,,50,-22.972773,-43.402358,2023-07-26 05:34:30,23.2,,ida,50 - SENTIDO JD. OCEANICO (PARADOR) [IDA],31062.0,133
902055,,46,-22.918475,-43.365279,2023-07-26 05:34:17,0.0,,ida,46 - PENHA X ALVORADA (EXPRESSO) [IDA],29.5,236
903044,,42,-22.848245,-43.265629,2023-07-26 05:34:14,11.7,,ida,42 - GALEÃO X MADUREIRA MANANCEIA (PARADOR) [IDA],29213.9,325
902086,,31,-22.876437,-43.330201,2023-07-26 05:34:30,0.0,,ida,31 - VICENTE DE CARVALHO X ALVORADA (SEMIDIRETO) [IDA],11193.1,
903036,,17,-22.90712,-43.57057,2023-07-26 05:20:57,0.0,,ida,17 - SANTA CRUZ X CAMPO GRANDE (PARADOR) [IDA],156824.5,91
902043,,41,-22.93224,-43.373106,2023-07-26 05:34:14,7.4,,volta,41 - TERMINAL RECREIO X PAULO DA PORTELA (EXPRESSO) [VOLTA],29108.6,174
902036,,41,-22.978192,-43.407463,2023-07-26 05:34:14,51.7,,ida,41 - PAULO DA PORTELA X TERMINAL RECREIO (EXPRESSO) [IDA],32333.1,208
903039,,17,-22.906918,-43.571589,2023-07-26 05:21:47,0.1,,ida,17 - SANTA CRUZ X CAMPO GRANDE (PARADOR) [IDA],18374.4,97
903047,,42,-22.838859,-43.240326,2023-07-26 05:34:25,27.5,,ida,42 - GALEÃO X MADUREIRA MANANCEIA (PARADOR) [IDA],23098.3,138
902074,,31,-22.852578,-43.318838,2023-07-26 05:34:19,22.7,,ida,31 - VICENTE DE CARVALHO X ALVORADA (SEMIDIRETO) [IDA],9772.8,266
902039,,46,-22.854443,-43.251593,2023-07-26 05:01:19,0.0,,ida,46 - PENHA X ALVORADA (EXPRESSO) [IDA],33609.1,
903040,,17,-22.927746,-43.653125,2023-07-26 05:34:26,47.6,,volta,17 - CAMPO GRANDE  X SANTA CRUZ (PARADOR) [VOLTA],18474.6,209
902044,,43,-22.932917,-43.37293,2023-07-26 05:34:29,25.1,,ida,43 - FUNDÃO X SANTA EFIGENIA (EXPRESSO) [IDA],31244.1,158
902038,,43,-22.839523,-43.239751,2023-07-26 05:34:17,0.0,,ida,43 - FUNDÃO X SANTA EFIGENIA (EXPRESSO) [IDA],7578.0,136
903048,,42,-22.876126,-43.32948,2023-07-26 05:13:04,0.0,,ida,42 - GALEÃO X MADUREIRA MANANCEIA (PARADOR) [IDA],23999.5,
902041,,43,-22.854185,-43.251491,2023-07-26 05:34:22,0.0,,ida,43 - FUNDÃO X SANTA EFIGENIA (EXPRESSO) [IDA],34223.9,
903064,,50,-22.987276,-43.365894,2023-07-26 05:34:30,58.3,,ida,50 - SENTIDO JD. OCEANICO (PARADOR) [IDA],22144.9,181
902037,,41,-22.85444,-43.251498,2023-07-26 05:34:20,0.0,,volta,41 - TERMINAL RECREIO X PAULO DA PORTELA (EXPRESSO) [VOLTA],35848.8,
903069,,17,-22.928241,-43.67672,2023-07-26 05:33:37,31.5,,ida,17 - SANTA CRUZ X CAMPO GRANDE (PARADOR) [IDA],22415.2,131
902034,,43,-22.854274,-43.251359,2023-07-26 05:32:22,0.0,,volta,43 - SANTA EFIGENIA X FUNDÃO (EXPRESSO) [VOLTA],34891.0,
902088,,43,-22.876464,-43.330187,2023-07-26 05:24:56,0.0,,ida,43 - FUNDÃO X SANTA EFIGENIA (EXPRESSO) [IDA],10052.8,
902042,,46,-22.855323,-43.323804,2023-07-26 05:34:25,21.9,,volta,46 - ALVORADA X PENHA (EXPRESSO) [VOLTA],31936.3,53
902040,,46,-22.842393,-43.277879,2023-07-26 05:34:32,23.6,,volta,46 - ALVORADA X PENHA (EXPRESSO) [VOLTA],34125.9,65
903049,,17,-22.907156,-43.568582,2023-07-26 05:09:11,0.0,,ida,17 - SANTA CRUZ X CAMPO GRANDE (PARADOR) [IDA],23322.6,104
903038,,17,-22.915935,-43.684133,2023-07-26 05:34:26,27.9,,ida,17 - SANTA CRUZ X CAMPO GRANDE (PARADOR) [IDA],26552.2,251
903053,,17,-22.920483,-43.643518,2023-07-26 05:34:33,23.7,,volta,17 - CAMPO GRANDE  X SANTA CRUZ (PARADOR) [VOLTA],21469.5,214
903042,,38,-22.876758,-43.330009,2023-07-26 05:24:55,0.0,,ida,38 - FUNDÃO X ALVORADA (PARADOR) [IDA],28971.9,
12732,,18,-23.019238,-43.505557,2023-07-26 05:34:27,0.0,,ida,18 - RECREIO SHOPPING X JARDIM OCEÂNICO (EXPRESSO) [IDA],25699.1,
902087,,31,-22.876353,-43.330346,2023-07-26 05:34:18,0.0,,ida,31 - VICENTE DE CARVALHO X ALVORADA (SEMIDIRETO) [IDA],10088.9,
903050,,42,-22.876832,-43.329743,2023-07-21 15:00:49,0.0,,ida,42 - GALEÃO X MADUREIRA MANANCEIA (PARADOR) [IDA],0.0,
903067,,17,-22.920142,-43.60767,2023-07-26 05:24:46,0.0,,ida,17 - SANTA CRUZ X CAMPO GRANDE (PARADOR) [IDA],23576.8,
902076,,46,-22.854554,-43.25134,2023-07-26 05:34:13,0.0,,ida,46 - PENHA X ALVORADA (EXPRESSO) [IDA],27510.6,93
902083,,31,-22.876534,-43.329835,2023-07-26 05:34:23,0.0,,ida,31 - VICENTE DE CARVALHO X ALVORADA (SEMIDIRETO) [IDA],5228.4,
902096,,35,-22.958927,-43.384482,2023-07-26 05:34:14,24.8,,volta,35 - ALVORADA  X  MADUREIRA (PARADOR) [VOLTA],14230.0,76
902084,,31,-22.876879,-43.329799,2023-07-26 05:12:18,0.0,,ida,31 - VICENTE DE CARVALHO X ALVORADA (SEMIDIRETO) [IDA],11709.4,
902100,,35,-22.911229,-43.360348,2023-07-26 05:34:33,58.9,,ida,35 - MADUREIRA X ALVORADA (PARADOR) [IDA],13440.3,190
903059,,17,-22.917372,-43.683388,2023-07-26 05:34:24,0.0,,ida,17 - SANTA CRUZ X CAMPO GRANDE (PARADOR) [IDA],18750.6,355
903043,,38,-22.876618,-43.329468,2023-07-26 04:54:01,0.0,,ida,38 - FUNDÃO X ALVORADA (PARADOR) [IDA],30028.4,
902079,,46,-22.870479,-43.335786,2023-07-26 05:34:21,0.0,,ida,46 - PENHA X ALVORADA (EXPRESSO) [IDA],30830.2,196
903066,,17,-22.915082,-43.605739,2023-07-26 05:34:23,19.1,,ida,17 - SANTA CRUZ X CAMPO GRANDE (PARADOR) [IDA],24885.6,63
902098,,35,-22.876868,-43.329674,2023-07-26 03:41:04,0.0,,ida,35 - MADUREIRA X ALVORADA (PARADOR) [IDA],8880.1,
902099,,35,-22.959891,-43.388998,2023-07-26 05:34:21,0.2,,ida,35 - MADUREIRA X ALVORADA (PARADOR) [IDA],11553.2,254
902093,,31,-22.876923,-43.329655,2023-07-26 04:14:55,0.0,,ida,31 - VICENTE DE CARVALHO X ALVORADA (SEMIDIRETO) [IDA],8776.9,
902091,,35,-23.00069,-43.365948,2023-07-26 05:28:06,0.0,,volta,35 - ALVORADA  X  MADUREIRA (PARADOR) [VOLTA],14059.1,
901099,,51,-23.008448,-43.44011,2023-07-26 05:29:44,0.0,,volta,51 - SENTIDO V. MILITAR (PARADOR) [VOLTA],29498.3,60
903046,,42,-22.838687,-43.294768,2023-07-26 05:34:30,7.1,,volta,42 - MADUREIRA MANANCEIA X GALEAO (PARADOR) [VOLTA],29793.2,50
902077,,43,-22.854208,-43.25148,2023-07-26 05:34:20,0.0,,ida,43 - FUNDÃO X SANTA EFIGENIA (EXPRESSO) [IDA],34749.1,
902104,,31,-22.876369,-43.330461,2023-07-26 04:53:21,0.0,,ida,31 - VICENTE DE CARVALHO X ALVORADA (SEMIDIRETO) [IDA],8023.9,
902106,,31,-22.876499,-43.330314,2023-07-26 05:31:21,0.0,,ida,31 - VICENTE DE CARVALHO X ALVORADA (SEMIDIRETO) [IDA],12201.4,
902108,,35,-22.876412,-43.330505,2023-07-26 02:11:04,0.0,,ida,35 - MADUREIRA X ALVORADA (PARADOR) [IDA],6810.7,
902109,,35,-22.876511,-43.330448,2023-07-26 05:15:30,0.0,,ida,35 - MADUREIRA X ALVORADA (PARADOR) [IDA],11421.3,
903061,,17,-22.912885,-43.594791,2023-07-26 05:34:14,46.8,,volta,17 - CAMPO GRANDE  X SANTA CRUZ (PARADOR) [VOLTA],21493.0,244
903070,,17,-22.907118,-43.570782,2023-07-26 05:21:01,19.6,,ida,17 - SANTA CRUZ X CAMPO GRANDE (PARADOR) [IDA],9260.6,95
86835,,12,-22.916849,-43.607001,2023-07-26 05:34:33,0.0,,ida,12 - PINGO D'AGUA X ALVORADA (EXPRESSO) [IDA],13547.2,6
44706,LRG8855,20,-22.920667,-43.68114,2023-07-26 05:34:16,0.0,,ida,20 - SANTA CRUZ X SALVADOR ALLENDE (EXPRESSO) [IDA],21876.3,136
86887,KRQ6875,10,-23.015868,-43.517266,2023-07-21 19:28:35,33.0,,ida,10 - SANTA CRUZ X ALVORADA (EXPRESSO) [IDA],18572.2,281
50305,,0,-22.919864,-43.60795,2023-06-25 12:02:37,0.0,,,,10004.8,
903065,,17,-22.933274,-43.661544,2023-07-26 05:34:21,37.2,,volta,17 - CAMPO GRANDE  X SANTA CRUZ (PARADOR) [VOLTA],16973.1,251
